279.0,0.766667
279.000000,279.766667,280.533333,281.300000,282.066667,282.833333,283.600000,284.366667,285.133333,285.900000,286.666667,287.433333,288.200000,288.966667,289.733333,290.500000,291.266667,292.033333,292.800000,293.566667,294.333333,295.100000,295.866667,296.633333,297.400000,298.166667,298.933333,299.700000,300.466667,301.233333,302.000000,
-15.149661,-14.920610,-14.696933,-14.479375,-14.268058,-14.062734,-13.862936,-13.668056,-13.477399,-13.290230,-13.105817,-12.923467,-12.742545,-12.562501,-12.382927,-12.203525,-12.024119,-11.844683,-11.665310,-11.486201,-11.307694,-11.130213,-10.954246,-10.780340,-10.609040,-10.440830,-10.276049,-10.114881,-9.957295,-9.802925,-9.651414,
-14.127396,-14.123512,-14.119590,-14.115630,-14.111636,-14.107615,-14.103573,-14.099516,-14.095446,-14.091365,-14.087274,-14.083171,-14.079055,-14.074926,-14.070784,-14.066632,-14.062476,-14.058323,-14.054183,-14.050068,-14.045991,-14.041969,-14.038015,-14.034147,-14.030377,-14.026717,-14.023171,-14.019741,-14.016420,-14.013195,-14.010056,
280.0,0.733333
280.000000,280.733333,281.466667,282.200000,282.933333,283.666667,284.400000,285.133333,285.866667,286.600000,287.333333,288.066667,288.800000,289.533333,290.266667,291.000000,291.733333,292.466667,293.200000,293.933333,294.666667,295.400000,296.133333,296.866667,297.600000,298.333333,299.066667,299.800000,300.533333,301.266667,302.000000,
-14.647033,-14.431821,-14.221469,-14.016649,-13.817458,-13.623646,-13.434757,-13.250214,-13.069375,-12.891577,-12.716180,-12.542614,-12.370389,-12.199130,-12.028634,-11.858839,-11.689827,-11.521865,-11.355344,-11.190749,-11.028656,-10.869645,-10.714228,-10.562740,-10.415283,-10.271602,-10.130864,-9.991807,-9.852767,-9.711602,-9.566678,
-14.118621,-14.114611,-14.110596,-14.106577,-14.102559,-14.098543,-14.094534,-14.090533,-14.086539,-14.082552,-14.078568,-14.074586,-14.070603,-14.066618,-14.062634,-14.058655,-14.054687,-14.050743,-14.046836,-14.042984,-14.039208,-14.035533,-14.031982,-14.028582,-14.025353,-14.022316,-14.019477,-14.016840,-14.014396,-14.012123,-14.010003,
281.0,0.700000
281.000000,281.700000,282.400000,283.100000,283.800000,284.500000,285.200000,285.900000,286.600000,287.300000,288.000000,288.700000,289.400000,290.100000,290.800000,291.500000,292.200000,292.900000,293.600000,294.300000,295.000000,295.700000,296.400000,297.100000,297.800000,298.500000,299.200000,299.900000,300.600000,301.300000,302.000000,
-14.647033,-14.445131,-14.247225,-14.053707,-13.864445,-13.679003,-13.496780,-13.317112,-13.139353,-12.962903,-12.787244,-12.611996,-12.436896,-12.261806,-12.086751,-11.911883,-11.737476,-11.563951,-11.391831,-11.221710,-11.054254,-10.890128,-10.729934,-10.574128,-10.422964,-10.276391,-10.133877,-9.994515,-9.857045,-9.719788,-9.581452,
-14.118621,-14.114864,-14.111096,-14.107314,-14.103513,-14.099690,-14.095842,-14.091965,-14.088057,-14.084116,-14.080142,-14.076134,-14.072097,-14.068036,-14.063957,-14.059871,-14.055790,-14.051732,-14.047713,-14.043756,-14.039883,-14.036119,-14.032489,-14.029017,-14.025723,-14.022623,-14.019725,-14.017027,-14.014521,-14.012186,-14.010003,
282.0,0.666667
282.000000,282.666667,283.333333,284.000000,284.666667,285.333333,286.000000,286.666667,287.333333,288.000000,288.666667,289.333333,290.000000,290.666667,291.333333,292.000000,292.666667,293.333333,294.000000,294.666667,295.333333,296.000000,296.666667,297.333333,298.000000,298.666667,299.333333,300.000000,300.666667,301.333333,302.000000,
-14.144175,-13.955330,-13.769897,-13.588230,-13.410228,-13.235523,-13.063610,-12.893928,-12.725945,-12.559182,-12.393248,-12.227900,-12.063020,-11.898627,-11.734915,-11.572213,-11.410972,-11.251782,-11.095305,-10.942238,-10.793266,-10.648990,-10.509829,-10.375886,-10.246914,-10.122199,-10.000348,-9.879491,-9.757381,-9.631408,-9.499659,
-14.109015,-14.105225,-14.101446,-14.097674,-14.093908,-14.090143,-14.086375,-14.082598,-14.078809,-14.075004,-14.071183,-14.067344,-14.063492,-14.059632,-14.055771,-14.051922,-14.048100,-14.044324,-14.040615,-14.036999,-14.033502,-14.030154,-14.026984,-14.024020,-14.021283,-14.018793,-14.016555,-14.014568,-14.012820,-14.011286,-14.009945,
283.0,0.633333
283.000000,283.633333,284.266667,284.900000,285.533333,286.166667,286.800000,287.433333,288.066667,288.700000,289.333333,289.966667,290.600000,291.233333,291.866667,292.500000,293.133333,293.766667,294.400000,295.033333,295.666667,296.300000,296.933333,297.566667,298.200000,298.833333,299.466667,300.100000,300.733333,301.366667,302.000000,
-14.144175,-13.967398,-13.792467,-13.619502,-13.448354,-13.278737,-13.110302,-12.942694,-12.775613,-12.608823,-12.442165,-12.275598,-12.109180,-11.943072,-11.777565,-11.613045,-11.449991,-11.288977,-11.130631,-10.975596,-10.824501,-10.677900,-10.536204,-10.399576,-10.267904,-10.140718,-10.017034,-9.895504,-9.774496,-9.652107,-9.526945,
-14.109015,-14.105469,-14.101905,-14.098318,-14.094701,-14.091052,-14.087366,-14.083643,-14.079882,-14.076084,-14.072254,-14.068395,-14.064516,-14.060625,-14.056734,-14.052858,-14.049014,-14.045220,-14.041500,-14.037875,-14.034371,-14.031015,-14.027829,-14.024837,-14.022056,-14.019500,-14.017171,-14.015067,-14.013174,-14.011473,-14.009945,
284.0,0.600000
284.000000,284.600000,285.200000,285.800000,286.400000,287.000000,287.600000,288.200000,288.800000,289.400000,290.000000,290.600000,291.200000,291.800000,292.400000,293.000000,293.600000,294.200000,294.800000,295.400000,296.000000,296.600000,297.200000,297.800000,298.400000,299.000000,299.600000,300.200000,300.800000,301.400000,302.000000,
-13.641205,-13.477516,-13.316284,-13.157835,-13.002174,-12.849111,-12.698345,-12.549529,-12.402322,-12.256416,-12.111557,-11.967579,-11.824399,-11.682020,-11.540546,-11.400162,-11.261119,-11.123737,-10.988366,-10.855360,-10.725047,-10.597689,-10.473437,-10.352263,-10.233945,-10.118030,-10.003741,-9.890088,-9.775929,-9.660009,-9.541435,
-14.098699,-14.095219,-14.091758,-14.088317,-14.084896,-14.081492,-14.078101,-14.074720,-14.071346,-14.067976,-14.064610,-14.061247,-14.057890,-14.054544,-14.051214,-14.047910,-14.044641,-14.041421,-14.038264,-14.035184,-14.032198,-14.029322,-14.026571,-14.023960,-14.021498,-14.019193,-14.017045,-14.015051,-14.013201,-14.011483,-14.009885,
285.0,0.566667
285.000000,285.566667,286.133333,286.700000,287.266667,287.833333,288.400000,288.966667,289.533333,290.100000,290.666667,291.233333,291.800000,292.366667,292.933333,293.500000,294.066667,294.633333,295.200000,295.766667,296.333333,296.900000,297.466667,298.033333,298.600000,299.166667,299.733333,300.300000,300.866667,301.433333,302.000000,
-13.641205,-13.489160,-13.338356,-13.188928,-13.040836,-12.893944,-12.748065,-12.602999,-12.458570,-12.314632,-12.171084,-12.027889,-11.885067,-11.742697,-11.600926,-11.459957,-11.320036,-11.181460,-11.044549,-10.909630,-10.777023,-10.647010,-10.519811,-10.395540,-10.274194,-10.155627,-10.039493,-9.925305,-9.812472,-9.700310,-9.588323,
-14.098699,-14.095467,-14.092229,-14.088985,-14.085731,-14.082466,-14.079189,-14.075898,-14.072595,-14.069280,-14.065957,-14.062628,-14.059301,-14.055979,-14.052673,-14.049390,-14.046141,-14.042937,-14.039791,-14.036714,-14.033719,-14.030818,-14.028023,-14.025341,-14.022780,-14.020342,-14.018029,-14.015834,-14.013752,-14.011771,-14.009885,
286.0,0.533333
286.000000,286.533333,287.066667,287.600000,288.133333,288.666667,289.200000,289.733333,290.266667,290.800000,291.333333,291.866667,292.400000,292.933333,293.466667,294.000000,294.533333,295.066667,295.600000,296.133333,296.666667,297.200000,297.733333,298.266667,298.800000,299.333333,299.866667,300.400000,300.933333,301.466667,302.000000,
-13.138228,-12.997992,-12.858577,-12.720102,-12.582583,-12.445983,-12.310237,-12.175282,-12.041082,-11.907632,-11.774968,-11.643183,-11.512418,-11.382860,-11.254748,-11.128355,-11.003974,-10.881908,-10.762447,-10.645842,-10.532271,-10.421819,-10.314443,-10.209917,-10.107836,-10.007600,-9.908360,-9.809116,-9.708794,-9.606306,-9.500906,
-14.087815,-14.084703,-14.081592,-14.078482,-14.075371,-14.072259,-14.069146,-14.066031,-14.062916,-14.059804,-14.056697,-14.053601,-14.050521,-14.047465,-14.044443,-14.041466,-14.038544,-14.035691,-14.032920,-14.030246,-14.027683,-14.025244,-14.022941,-14.020783,-14.018777,-14.016927,-14.015230,-14.013681,-14.012271,-14.010988,-14.009824,
287.0,0.500000
287.000000,287.500000,288.000000,288.500000,289.000000,289.500000,290.000000,290.500000,291.000000,291.500000,292.000000,292.500000,293.000000,293.500000,294.000000,294.500000,295.000000,295.500000,296.000000,296.500000,297.000000,297.500000,298.000000,298.500000,299.000000,299.500000,300.000000,300.500000,301.000000,301.500000,302.000000,
-13.138228,-13.009060,-12.879590,-12.749776,-12.619625,-12.489182,-12.358518,-12.227731,-12.096943,-11.966294,-11.835947,-11.706084,-11.576910,-11.448646,-11.321529,-11.195811,-11.071745,-10.949584,-10.829571,-10.711919,-10.596799,-10.484327,-10.374545,-10.267391,-10.162703,-10.060204,-9.959479,-9.860026,-9.761294,-9.662717,-9.563906,
-14.087815,-14.084948,-14.082058,-14.079142,-14.076197,-14.073226,-14.070233,-14.067220,-14.064194,-14.061160,-14.058125,-14.055098,-14.052084,-14.049094,-14.046136,-14.043219,-14.040354,-14.037550,-14.034817,-14.032165,-14.029604,-14.027140,-14.024782,-14.022534,-14.020400,-14.018379,-14.016469,-14.014666,-14.012963,-14.011350,-14.009824,
288.0,0.466667
288.000000,288.466667,288.933333,289.400000,289.866667,290.333333,290.800000,291.266667,291.733333,292.200000,292.666667,293.133333,293.600000,294.066667,294.533333,295.000000,295.466667,295.933333,296.400000,296.866667,297.333333,297.800000,298.266667,298.733333,299.200000,299.666667,300.133333,300.600000,301.066667,301.533333,302.000000,
-12.635332,-12.518188,-12.401558,-12.285565,-12.170275,-12.055723,-11.941929,-11.828906,-11.716674,-11.605263,-11.494718,-11.385102,-11.276495,-11.168993,-11.062705,-10.957747,-10.854237,-10.752284,-10.651982,-10.553395,-10.456546,-10.361408,-10.267892,-10.175826,-10.084963,-9.994976,-9.905447,-9.815910,-9.725883,-9.634910,-9.542686,
-14.076514,-14.073840,-14.071171,-14.068507,-14.065850,-14.063202,-14.060562,-14.057934,-14.055318,-14.052717,-14.050135,-14.047574,-14.045039,-14.042535,-14.040068,-14.037643,-14.035266,-14.032944,-14.030683,-14.028491,-14.026373,-14.024334,-14.022379,-14.020511,-14.018730,-14.017037,-14.015430,-14.013904,-14.012455,-14.011076,-14.009764,
289.0,0.433333
289.000000,289.433333,289.866667,290.300000,290.733333,291.166667,291.600000,292.033333,292.466667,292.900000,293.333333,293.766667,294.200000,294.633333,295.066667,295.500000,295.933333,296.366667,296.800000,297.233333,297.666667,298.100000,298.533333,298.966667,299.400000,299.833333,300.266667,300.700000,301.133333,301.566667,302.000000,
-12.635332,-12.528958,-12.422404,-12.315646,-12.208694,-12.101577,-11.994344,-11.887060,-11.779799,-11.672648,-11.565701,-11.459061,-11.352839,-11.247150,-11.142115,-11.037858,-10.934502,-10.832171,-10.730981,-10.631039,-10.532440,-10.435258,-10.339546,-10.245326,-10.152589,-10.061293,-9.971359,-9.882678,-9.795129,-9.708580,-9.622944,
-14.076514,-14.074087,-14.071651,-14.069205,-14.066749,-14.064284,-14.061814,-14.059340,-14.056867,-14.054397,-14.051936,-14.049486,-14.047052,-14.044639,-14.042250,-14.039890,-14.037564,-14.035274,-14.033025,-14.030820,-14.028662,-14.026552,-14.024494,-14.022487,-14.020531,-14.018625,-14.016767,-14.014955,-14.013186,-14.011456,-14.009764,
290.0,0.400000
290.000000,290.400000,290.800000,291.200000,291.600000,292.000000,292.400000,292.800000,293.200000,293.600000,294.000000,294.400000,294.800000,295.200000,295.600000,296.000000,296.400000,296.800000,297.200000,297.600000,298.000000,298.400000,298.800000,299.200000,299.600000,300.000000,300.400000,300.800000,301.200000,301.600000,302.000000,
-12.132595,-12.037087,-11.941454,-11.845715,-11.749927,-11.654175,-11.558563,-11.463212,-11.368251,-11.273816,-11.180048,-11.087085,-10.995062,-10.904109,-10.814342,-10.725864,-10.638759,-10.553085,-10.468872,-10.386114,-10.304764,-10.224734,-10.145886,-10.068030,-9.990925,-9.914291,-9.837802,-9.761116,-9.683902,-9.605865,-9.526815,
-14.064961,-14.062750,-14.060532,-14.058309,-14.056080,-14.053849,-14.051619,-14.049394,-14.047177,-14.044974,-14.042790,-14.040629,-14.038497,-14.036400,-14.034343,-14.032331,-14.030369,-14.028462,-14.026614,-14.024831,-14.023114,-14.021466,-14.019890,-14.018385,-14.016952,-14.015589,-14.014292,-14.013060,-14.011887,-14.010771,-14.009708,
291.0,0.366667
291.000000,291.366667,291.733333,292.100000,292.466667,292.833333,293.200000,293.566667,293.933333,294.300000,294.666667,295.033333,295.400000,295.766667,296.133333,296.500000,296.866667,297.233333,297.600000,297.966667,298.333333,298.700000,299.066667,299.433333,299.800000,300.166667,300.533333,300.900000,301.266667,301.633333,302.000000,
-12.132595,-12.047551,-11.962397,-11.877116,-11.791701,-11.706161,-11.620516,-11.534792,-11.449024,-11.363250,-11.277516,-11.191872,-11.106371,-11.021071,-10.936034,-10.851322,-10.767002,-10.683145,-10.599819,-10.517095,-10.435043,-10.353733,-10.273230,-10.193595,-10.114885,-10.037148,-9.960423,-9.884742,-9.810125,-9.736584,-9.664122,
-14.064961,-14.062995,-14.061029,-14.059064,-14.057101,-14.055139,-14.053181,-14.051228,-14.049280,-14.047339,-14.045407,-14.043484,-14.041572,-14.039671,-14.037784,-14.035911,-14.034053,-14.032210,-14.030383,-14.028574,-14.026781,-14.025005,-14.023246,-14.021503,-14.019776,-14.018065,-14.016368,-14.014685,-14.013014,-14.011355,-14.009708,
292.0,0.333333
292.000000,292.333333,292.666667,293.000000,293.333333,293.666667,294.000000,294.333333,294.666667,295.000000,295.333333,295.666667,296.000000,296.333333,296.666667,297.000000,297.333333,297.666667,298.000000,298.333333,298.666667,299.000000,299.333333,299.666667,300.000000,300.333333,300.666667,301.000000,301.333333,301.666667,302.000000,
-11.630082,-11.555106,-11.480212,-11.405451,-11.330876,-11.256545,-11.182515,-11.108844,-11.035590,-10.962806,-10.890545,-10.818853,-10.747773,-10.677339,-10.607577,-10.538503,-10.470125,-10.402432,-10.335406,-10.269008,-10.203187,-10.137871,-10.072975,-10.008394,-9.944012,-9.879697,-9.815313,-9.750722,-9.685796,-9.620429,-9.554554,
-14.053325,-14.051591,-14.049858,-14.048128,-14.046403,-14.044685,-14.042975,-14.041277,-14.039592,-14.037923,-14.036272,-14.034643,-14.033036,-14.031455,-14.029902,-14.028379,-14.026887,-14.025429,-14.024005,-14.022617,-14.021265,-14.019951,-14.018673,-14.017431,-14.016225,-14.015053,-14.013914,-14.012807,-14.011729,-14.010679,-14.009656,
293.0,0.300000
293.000000,293.300000,293.600000,293.900000,294.200000,294.500000,294.800000,295.100000,295.400000,295.700000,296.000000,296.300000,296.600000,296.900000,297.200000,297.500000,297.800000,298.100000,298.400000,298.700000,299.000000,299.300000,299.600000,299.900000,300.200000,300.500000,300.800000,301.100000,301.400000,301.700000,302.000000,
-11.630082,-11.564430,-11.498680,-11.432806,-11.366795,-11.300640,-11.234346,-11.167923,-11.101385,-11.034754,-10.968054,-10.901314,-10.834564,-10.767841,-10.701183,-10.634629,-10.568223,-10.502011,-10.436040,-10.370360,-10.305023,-10.240079,-10.175583,-10.111585,-10.048139,-9.985292,-9.923091,-9.861576,-9.800783,-9.740735,-9.681448,
-14.053325,-14.051810,-14.050297,-14.048787,-14.047281,-14.045779,-14.044283,-14.042792,-14.041305,-14.039824,-14.038349,-14.036878,-14.035413,-14.033952,-14.032497,-14.031046,-14.029599,-14.028157,-14.026718,-14.025283,-14.023852,-14.022423,-14.020997,-14.019573,-14.018152,-14.016732,-14.015314,-14.013898,-14.012483,-14.011069,-14.009656,
294.0,0.266667
294.000000,294.266667,294.533333,294.800000,295.066667,295.333333,295.600000,295.866667,296.133333,296.400000,296.666667,296.933333,297.200000,297.466667,297.733333,298.000000,298.266667,298.533333,298.800000,299.066667,299.333333,299.600000,299.866667,300.133333,300.400000,300.666667,300.933333,301.200000,301.466667,301.733333,302.000000,
-11.127847,-11.071209,-11.014763,-10.958576,-10.902703,-10.847184,-10.792051,-10.737324,-10.683019,-10.629142,-10.575691,-10.522663,-10.470043,-10.417816,-10.365958,-10.314441,-10.263230,-10.212287,-10.161567,-10.111020,-10.060592,-10.010222,-9.959847,-9.909402,-9.858816,-9.808022,-9.756952,-9.705543,-9.653741,-9.601502,-9.548803,
-14.041784,-14.040495,-14.039210,-14.037932,-14.036663,-14.035404,-14.034158,-14.032924,-14.031706,-14.030502,-14.029316,-14.028147,-14.026996,-14.025864,-14.024751,-14.023659,-14.022586,-14.021535,-14.020503,-14.019493,-14.018502,-14.017532,-14.016582,-14.015651,-14.014738,-14.013843,-14.012965,-14.012104,-14.011258,-14.010426,-14.009609,
295.0,0.233333
295.000000,295.233333,295.466667,295.700000,295.933333,296.166667,296.400000,296.633333,296.866667,297.100000,297.333333,297.566667,297.800000,298.033333,298.266667,298.500000,298.733333,298.966667,299.200000,299.433333,299.666667,299.900000,300.133333,300.366667,300.600000,300.833333,301.066667,301.300000,301.533333,301.766667,302.000000,
-11.127847,-11.079371,-11.030835,-10.982222,-10.933521,-10.884727,-10.835838,-10.786860,-10.737798,-10.688663,-10.639468,-10.590228,-10.540959,-10.491681,-10.442412,-10.393174,-10.343990,-10.294881,-10.245872,-10.196987,-10.148248,-10.099682,-10.051311,-10.003158,-9.955246,-9.907596,-9.860226,-9.813154,-9.766394,-9.719955,-9.673843,
-14.041784,-14.040682,-14.039581,-14.038482,-14.037385,-14.036291,-14.035200,-14.034111,-14.033026,-14.031943,-14.030863,-14.029785,-14.028711,-14.027638,-14.026568,-14.025500,-14.024434,-14.023369,-14.022306,-14.021244,-14.020183,-14.019124,-14.018065,-14.017006,-14.015949,-14.014891,-14.013834,-14.012778,-14.011721,-14.010665,-14.009609,
296.0,0.200000
296.000000,296.200000,296.400000,296.600000,296.800000,297.000000,297.200000,297.400000,297.600000,297.800000,298.000000,298.200000,298.400000,298.600000,298.800000,299.000000,299.200000,299.400000,299.600000,299.800000,300.000000,300.200000,300.400000,300.600000,300.800000,301.000000,301.200000,301.400000,301.600000,301.800000,302.000000,
-10.625932,-10.585386,-10.545034,-10.504939,-10.465151,-10.425702,-10.386612,-10.347889,-10.309532,-10.271532,-10.233870,-10.196523,-10.159462,-10.122652,-10.086054,-10.049626,-10.013324,-9.977099,-9.940902,-9.904683,-9.868390,-9.831970,-9.795373,-9.758549,-9.721449,-9.684028,-9.646245,-9.608062,-9.569451,-9.530389,-9.490864,
-14.030516,-14.029622,-14.028734,-14.027854,-14.026984,-14.026125,-14.025279,-14.024447,-14.023630,-14.022828,-14.022043,-14.021273,-14.020520,-14.019784,-14.019064,-14.018361,-14.017674,-14.017004,-14.016349,-14.015710,-14.015086,-14.014477,-14.013881,-14.013300,-14.012731,-14.012175,-14.011632,-14.011099,-14.010579,-14.010069,-14.009569,
303.0,1.833333
303.000000,304.833333,306.666667,308.500000,310.333333,312.166667,314.000000,315.833333,317.666667,319.500000,321.333333,323.166667,325.000000,326.833333,328.666667,330.500000,332.333333,334.166667,336.000000,337.833333,339.666667,341.500000,343.333333,345.166667,347.000000,348.833333,350.666667,352.500000,354.333333,356.166667,358.000000,
-9.623183,-9.209876,-8.740852,-8.217021,-7.642670,-7.023786,-6.366538,-5.676036,-4.953333,-4.198304,-3.410543,-2.589795,-1.735842,-0.848466,0.072597,1.027624,2.016895,3.040693,4.098947,5.190289,6.308922,7.448214,8.602868,9.773360,10.962540,12.176220,13.428755,14.733259,16.089739,17.451211,18.770688,
-14.009511,-14.001610,-13.993466,-13.985572,-13.978512,-13.972991,-13.969748,-13.969533,-13.973110,-13.981238,-13.994654,-14.014015,-14.039919,-14.072842,-14.112858,-14.159858,-14.213459,-14.272463,-14.335340,-14.400160,-14.463849,-14.522893,-14.573290,-14.609692,-14.626127,-14.615685,-14.568605,-14.475573,-14.331748,-14.148318,-13.937505,
304.0,1.800000
304.000000,305.800000,307.600000,309.400000,311.200000,313.000000,314.800000,316.600000,318.400000,320.200000,322.000000,323.800000,325.600000,327.400000,329.200000,331.000000,332.800000,334.600000,336.400000,338.200000,340.000000,341.800000,343.600000,345.400000,347.200000,349.000000,350.800000,352.600000,354.400000,356.200000,358.000000,
-9.122386,-8.712783,-8.246335,-7.716364,-7.120385,-6.462610,-5.749218,-4.986806,-4.181532,-3.339113,-2.464114,-1.557372,-0.618920,0.350397,1.345975,2.362411,3.395167,4.443629,5.508384,6.590448,7.691188,8.811373,9.949266,11.094657,12.234853,13.356646,14.447441,15.501542,16.537588,17.655434,18.950901,
-14.000124,-13.993004,-13.985819,-13.979098,-13.973508,-13.969986,-13.969543,-13.973191,-13.981873,-13.996487,-14.017832,-14.046403,-14.082535,-14.126274,-14.176799,-14.232974,-14.293410,-14.356096,-14.418767,-14.478863,-14.533000,-14.577483,-14.608318,-14.620742,-14.609896,-14.571347,-14.502301,-14.401036,-14.268079,-14.111017,-13.937324,
305.0,1.766667
305.000000,306.766667,308.533333,310.300000,312.066667,313.833333,315.600000,317.366667,319.133333,320.900000,322.666667,324.433333,326.200000,327.966667,329.733333,331.500000,333.266667,335.033333,336.800000,338.566667,340.333333,342.100000,343.866667,345.633333,347.400000,349.166667,350.933333,352.700000,354.466667,356.233333,358.000000,
-9.122386,-8.711765,-8.246269,-7.719574,-7.129439,-6.479862,-5.776722,-5.026367,-4.234944,-3.408215,-2.550772,-1.663438,-0.745884,0.202549,1.182541,2.194483,3.237705,4.308072,5.400378,6.509087,7.628558,8.753196,9.877684,10.997641,12.109227,13.209600,14.298917,15.381530,16.473720,17.630055,18.901532,
-14.000124,-13.992992,-13.985825,-13.979142,-13.973591,-13.970063,-13.969520,-13.972920,-13.981149,-13.995046,-14.015370,-14.042622,-14.077179,-14.119212,-14.168291,-14.223710,-14.284371,-14.348054,-14.412149,-14.473767,-14.529422,-14.575413,-14.607858,-14.622460,-14.614804,-14.580478,-14.515195,-14.415462,-14.280495,-14.118369,-13.937324,
306.0,1.733333
306.000000,307.733333,309.466667,311.200000,312.933333,314.666667,316.400000,318.133333,319.866667,321.600000,323.333333,325.066667,326.800000,328.533333,330.266667,332.000000,333.733333,335.466667,337.200000,338.933333,340.666667,342.400000,344.133333,345.866667,347.600000,349.333333,351.066667,352.800000,354.533333,356.266667,358.000000,
-8.621987,-8.208481,-7.742044,-7.216709,-6.630496,-5.987211,-5.292444,-4.552241,-3.772469,-2.958626,-2.115088,-1.242681,-0.341127,0.590166,1.551790,2.544037,3.566160,4.614068,5.682673,6.766730,7.861454,8.962396,10.065830,11.170227,12.274100,13.373904,14.458856,15.521456,16.572941,17.686882,18.934354,
-13.991704,-13.985471,-13.979471,-13.974281,-13.970583,-13.969241,-13.971166,-13.977250,-13.988278,-14.004977,-14.027984,-14.057678,-14.094303,-14.137904,-14.187949,-14.243637,-14.303805,-14.366282,-14.428530,-14.487739,-14.540507,-14.583192,-14.611909,-14.622160,-14.609388,-14.569433,-14.499596,-14.398226,-14.265885,-14.109838,-13.937228,
307.0,1.700000
307.000000,308.700000,310.400000,312.100000,313.800000,315.500000,317.200000,318.900000,320.600000,322.300000,324.000000,325.700000,327.400000,329.100000,330.800000,332.500000,334.200000,335.900000,337.600000,339.300000,341.000000,342.700000,344.400000,346.100000,347.800000,349.500000,351.200000,352.900000,354.600000,356.300000,358.000000,
-8.621987,-8.203848,-7.734688,-7.208888,-6.624708,-5.985770,-5.297380,-4.565287,-3.795085,-2.992012,-2.160234,-1.300580,-0.412821,0.503589,1.449214,2.424322,3.428130,4.456536,5.504394,6.566268,7.636786,8.711091,9.786045,10.863921,11.948640,13.044409,14.154760,15.283373,16.435128,17.618871,18.842354,
-13.991704,-13.985413,-13.979398,-13.974227,-13.970568,-13.969251,-13.971148,-13.977114,-13.987900,-14.004204,-14.026635,-14.055562,-14.091225,-14.133670,-14.182409,-14.236697,-14.295452,-14.356679,-14.418052,-14.477014,-14.530536,-14.575369,-14.607959,-14.623937,-14.618638,-14.587185,-14.524286,-14.425406,-14.289057,-14.123474,-13.937228,
308.0,1.666667
308.000000,309.666667,311.333333,313.000000,314.666667,316.333333,318.000000,319.666667,321.333333,323.000000,324.666667,326.333333,328.000000,329.666667,331.333333,333.000000,334.666667,336.333333,338.000000,339.666667,341.333333,343.000000,344.666667,346.333333,348.000000,349.666667,351.333333,353.000000,354.666667,356.333333,358.000000,
-8.621987,-8.197563,-7.723997,-7.196000,-6.612065,-5.975636,-5.291748,-4.565862,-3.803302,-3.009049,-2.187058,-1.338154,-0.462150,0.441450,1.373171,2.333229,3.320772,4.331641,5.360594,6.402046,7.450316,8.500479,9.550273,10.605703,11.675723,12.771024,13.905229,15.089055,16.320433,17.556877,18.756369,
-13.991704,-13.985333,-13.979287,-13.974132,-13.970524,-13.969263,-13.971188,-13.977119,-13.987777,-14.003831,-14.025863,-14.054225,-14.089145,-14.130666,-14.178325,-14.231417,-14.288925,-14.349010,-14.409533,-14.468153,-14.522156,-14.568605,-14.604196,-14.624597,-14.624978,-14.599867,-14.542102,-14.445098,-14.305925,-14.133455,-13.937228,
309.0,1.633333
309.000000,310.633333,312.266667,313.900000,315.533333,317.166667,318.800000,320.433333,322.066667,323.700000,325.333333,326.966667,328.600000,330.233333,331.866667,333.500000,335.133333,336.766667,338.400000,340.033333,341.666667,343.300000,344.933333,346.566667,348.200000,349.833333,351.466667,353.100000,354.733333,356.366667,358.000000,
-8.121984,-7.689852,-7.210425,-6.678736,-6.093496,-5.457985,-4.776978,-4.055662,-3.299091,-2.511995,-1.698124,-0.858316,0.007556,0.899913,1.819194,2.765544,3.738112,4.733022,5.745402,6.770098,7.801998,8.836656,9.871794,10.911698,11.962939,13.033138,14.131135,15.264073,16.432209,17.614550,18.790043,
-13.984410,-13.979062,-13.974326,-13.970822,-13.969234,-13.970335,-13.974917,-13.983736,-13.997422,-14.016535,-14.041545,-14.072679,-14.110037,-14.153532,-14.202584,-14.256375,-14.313791,-14.372966,-14.431747,-14.487785,-14.538362,-14.580545,-14.611064,-14.625728,-14.619967,-14.588845,-14.526597,-14.428168,-14.291690,-14.125213,-13.937216,
310.0,1.600000
310.000000,311.600000,313.200000,314.800000,316.400000,318.000000,319.600000,321.200000,322.800000,324.400000,326.000000,327.600000,329.200000,330.800000,332.400000,334.000000,335.600000,337.200000,338.800000,340.400000,342.000000,343.600000,345.200000,346.800000,348.400000,350.000000,351.600000,353.200000,354.800000,356.400000,358.000000,
-8.121984,-7.681004,-7.194548,-6.657953,-6.070130,-5.434200,-4.754680,-4.036478,-3.284373,-2.502827,-1.695393,-0.862948,-0.005484,0.877245,1.785371,2.718747,3.676414,4.655034,5.650682,6.659883,7.681229,8.714206,9.759174,10.818457,11.895153,12.992927,14.116539,15.268942,16.446056,17.622552,18.774056,
-13.984410,-13.978973,-13.974210,-13.970740,-13.969237,-13.970452,-13.975148,-13.984054,-13.997770,-14.016832,-14.041681,-14.072525,-14.109447,-14.152350,-14.200681,-14.253663,-14.310244,-14.368696,-14.427020,-14.482996,-14.533958,-14.576970,-14.608655,-14.624461,-14.619408,-14.588307,-14.525689,-14.426956,-14.290635,-14.124637,-13.937216,
311.0,1.566667
311.000000,312.566667,314.133333,315.700000,317.266667,318.833333,320.400000,321.966667,323.533333,325.100000,326.666667,328.233333,329.800000,331.366667,332.933333,334.500000,336.066667,337.633333,339.200000,340.766667,342.333333,343.900000,345.466667,347.033333,348.600000,350.166667,351.733333,353.300000,354.866667,356.433333,358.000000,
-7.622368,-7.171577,-6.677095,-6.134550,-5.543046,-4.905558,-4.226371,-3.510143,-2.761411,-1.984403,-1.182473,-0.356462,0.493652,1.368157,2.267333,3.191177,4.138772,5.106537,6.090001,7.084490,8.085553,9.089482,10.094731,11.106004,12.130191,13.174995,14.248557,15.356651,16.496989,17.643618,18.771127,
-13.978393,-13.974160,-13.970902,-13.969280,-13.969987,-13.973741,-13.981252,-13.993181,-14.010037,-14.032246,-14.060139,-14.093800,-14.133183,-14.178061,-14.227753,-14.281355,-14.337702,-14.394999,-14.451203,-14.504085,-14.551077,-14.589397,-14.615915,-14.626595,-14.617039,-14.582582,-14.518074,-14.419133,-14.284351,-14.121150,-13.937286,
312.0,1.533333
312.000000,313.533333,315.066667,316.600000,318.133333,319.666667,321.200000,322.733333,324.266667,325.800000,327.333333,328.866667,330.400000,331.933333,333.466667,335.000000,336.533333,338.066667,339.600000,341.133333,342.666667,344.200000,345.733333,347.266667,348.800000,350.333333,351.866667,353.400000,354.933333,356.466667,358.000000,
-7.123127,-6.661903,-6.158746,-5.609561,-5.013629,-4.373782,-3.694078,-2.978926,-2.232617,-1.459147,-0.661686,0.158912,1.002608,1.869633,2.760258,3.674510,4.611601,5.568396,6.540905,7.524771,8.515326,9.508196,10.500250,11.492011,12.485802,13.486006,14.501749,15.542324,16.612797,17.704656,18.808175,
-13.973790,-13.970941,-13.969368,-13.969769,-13.972841,-13.979262,-13.989682,-14.004688,-14.024689,-14.050006,-14.080851,-14.117189,-14.158846,-14.205469,-14.256259,-14.310200,-14.366019,-14.421856,-14.475612,-14.525016,-14.567499,-14.600319,-14.620490,-14.624424,-14.608310,-14.568229,-14.500141,-14.400773,-14.269411,-14.112695,-13.937436,
313.0,1.500000
313.000000,314.500000,316.000000,317.500000,319.000000,320.500000,322.000000,323.500000,325.000000,326.500000,328.000000,329.500000,331.000000,332.500000,334.000000,335.500000,337.000000,338.500000,340.000000,341.500000,343.000000,344.500000,346.000000,347.500000,349.000000,350.500000,352.000000,353.500000,355.000000,356.500000,358.000000,
-7.123127,-6.651161,-6.138987,-5.582770,-4.981952,-4.339226,-3.658432,-2.943737,-2.199185,-1.428530,-0.634751,0.181311,1.019579,1.880223,2.763415,3.669072,4.596297,5.541912,6.501923,7.472056,8.447991,9.425954,10.403940,11.384911,12.374009,13.378224,14.408127,15.472405,16.570257,17.673129,18.752658,
-13.973790,-13.970904,-13.969369,-13.969877,-13.973114,-13.979738,-13.990374,-14.005584,-14.025755,-14.051183,-14.082057,-14.118322,-14.159787,-14.206083,-14.256424,-14.309813,-14.365018,-14.420276,-14.473603,-14.522851,-14.565579,-14.599158,-14.620654,-14.626387,-14.612360,-14.574352,-14.507745,-14.408679,-14.276052,-14.116627,-13.937436,
314.0,1.466667
314.000000,315.466667,316.933333,318.400000,319.866667,321.333333,322.800000,324.266667,325.733333,327.200000,328.666667,330.133333,331.600000,333.066667,334.533333,336.000000,337.466667,338.933333,340.400000,341.866667,343.333333,344.800000,346.266667,347.733333,349.200000,350.666667,352.133333,353.600000,355.066667,356.533333,358.000000,
-6.624240,-6.141492,-5.620238,-5.056888,-4.451030,-3.805228,-3.123114,-2.408623,-1.665564,-0.897471,-0.107148,0.704552,1.537491,2.391776,3.267549,4.164732,5.082542,6.018239,6.968339,7.929030,8.896234,9.866076,10.835586,11.804362,12.773337,13.744979,14.725136,15.720323,16.735699,17.771617,18.827160,
-13.970730,-13.969448,-13.969814,-13.972544,-13.978313,-13.987730,-14.001352,-14.019660,-14.042941,-14.071383,-14.105061,-14.143803,-14.187298,-14.235060,-14.286200,-14.339622,-14.393999,-14.447498,-14.498067,-14.543483,-14.581223,-14.608603,-14.622742,-14.620324,-14.597932,-14.552276,-14.480566,-14.380854,-14.253293,-14.103652,-13.937661,
315.0,1.433333
315.000000,316.433333,317.866667,319.300000,320.733333,322.166667,323.600000,325.033333,326.466667,327.900000,329.333333,330.766667,332.200000,333.633333,335.066667,336.500000,337.933333,339.366667,340.800000,342.233333,343.666667,345.100000,346.533333,347.966667,349.400000,350.833333,352.266667,353.700000,355.133333,356.566667,358.000000,
-6.624240,-6.130963,-5.600847,-5.030530,-4.419731,-3.770888,-3.087433,-2.373076,-1.631393,-0.865687,-0.078583,0.729080,1.557124,2.405588,3.274503,4.163667,5.072185,5.997292,6.935536,7.883253,8.836824,9.793086,10.750221,11.710008,12.675805,13.652133,14.645473,15.661064,16.698438,17.741096,18.772649,
-13.970730,-13.969452,-13.969896,-13.972770,-13.978735,-13.988377,-14.002229,-14.020748,-14.044200,-14.072750,-14.106453,-14.145120,-14.188425,-14.235874,-14.286592,-14.339509,-14.393339,-14.446341,-14.496568,-14.541904,-14.579931,-14.608050,-14.623413,-14.622606,-14.602037,-14.558147,-14.487652,-14.388108,-14.259346,-14.107227,-13.937661,
316.0,1.400000
316.000000,317.400000,318.800000,320.200000,321.600000,323.000000,324.400000,325.800000,327.200000,328.600000,330.000000,331.400000,332.800000,334.200000,335.600000,337.000000,338.400000,339.800000,341.200000,342.600000,344.000000,345.400000,346.800000,348.200000,349.600000,351.000000,352.400000,353.800000,355.200000,356.600000,358.000000,
-6.125683,-5.622393,-5.083959,-4.507229,-3.892009,-3.240543,-2.555971,-1.841665,-1.100802,-0.336336,0.449255,1.254681,2.078943,2.920724,3.777472,4.646182,5.523739,6.407153,7.293837,8.182292,9.073842,9.971008,10.877041,11.796181,12.732912,13.691461,14.675040,15.684440,16.714248,17.742994,18.750564,
-13.969325,-13.969865,-13.972404,-13.977662,-13.986274,-13.998773,-14.015623,-14.037198,-14.063668,-14.095092,-14.131397,-14.172244,-14.217141,-14.265416,-14.316011,-14.367698,-14.419125,-14.468738,-14.514876,-14.555767,-14.589400,-14.613572,-14.625726,-14.622460,-14.600100,-14.555012,-14.483951,-14.384551,-14.256669,-14.105920,-13.937954,
317.0,1.366667
317.000000,318.366667,319.733333,321.100000,322.466667,323.833333,325.200000,326.566667,327.933333,329.300000,330.666667,332.033333,333.400000,334.766667,336.133333,337.500000,338.866667,340.233333,341.600000,342.966667,344.333333,345.700000,347.066667,348.433333,349.800000,351.166667,352.533333,353.900000,355.266667,356.633333,358.000000,
-5.627427,-5.114856,-4.568760,-3.986181,-3.367024,-2.713420,-2.028330,-1.314932,-0.576210,0.185073,0.966598,1.767139,2.585752,3.421225,4.271287,5.133218,6.004048,6.880510,7.759431,8.638183,9.515672,10.391746,11.267497,12.146723,13.034451,13.936612,14.860561,15.812063,16.790804,17.780213,18.763803,
-13.969676,-13.972191,-13.976966,-13.984712,-13.996030,-14.011385,-14.031160,-14.055641,-14.084896,-14.118879,-14.157409,-14.200041,-14.246178,-14.295049,-14.345526,-14.396316,-14.446016,-14.493050,-14.535757,-14.572400,-14.601103,-14.619853,-14.626382,-14.617803,-14.591020,-14.542936,-14.470659,-14.372066,-14.247064,-14.100766,-13.938309,
318.0,1.333333
318.000000,319.333333,320.666667,322.000000,323.333333,324.666667,326.000000,327.333333,328.666667,330.000000,331.333333,332.666667,334.000000,335.333333,336.666667,338.000000,339.333333,340.666667,342.000000,343.333333,344.666667,346.000000,347.333333,348.666667,350.000000,351.333333,352.666667,354.000000,355.333333,356.666667,358.000000,
-5.627427,-5.106580,-4.553794,-3.966285,-3.344032,-2.689043,-2.004095,-1.292168,-0.556053,0.201665,0.978790,1.774068,2.586473,3.414720,4.256526,5.109190,5.969799,6.835239,7.702595,8.569729,9.436542,10.304172,11.175275,12.055667,12.952077,13.870701,14.815291,15.786276,16.776941,17.763234,18.722833,
-13.969676,-13.972262,-13.977162,-13.985074,-13.996574,-14.012104,-14.032022,-14.056588,-14.085855,-14.119758,-14.158107,-14.200455,-14.246210,-14.294620,-14.344606,-14.394940,-14.444288,-14.491150,-14.533935,-14.570947,-14.600287,-14.619877,-14.627341,-14.619608,-14.593389,-14.545458,-14.472988,-14.373993,-14.248513,-14.101603,-13.938309,
319.0,1.300000
319.000000,320.300000,321.600000,322.900000,324.200000,325.500000,326.800000,328.100000,329.400000,330.700000,332.000000,333.300000,334.600000,335.900000,337.200000,338.500000,339.800000,341.100000,342.400000,343.700000,345.000000,346.300000,347.600000,348.900000,350.200000,351.500000,352.800000,354.100000,355.400000,356.700000,358.000000,
-5.129440,-4.602052,-4.046935,-3.464025,-2.855596,-2.224380,-1.573123,-0.904133,-0.218471,0.483353,1.201149,1.935092,2.685486,3.452650,4.236806,5.038080,5.856417,6.691342,7.542151,8.407899,9.287199,10.178734,11.081837,11.997620,12.927794,13.874003,14.837092,15.815484,16.801517,17.772628,18.708249,
-13.971866,-13.976611,-13.983827,-13.994051,-14.007663,-14.024906,-14.045957,-14.070931,-14.099830,-14.132594,-14.169075,-14.208959,-14.251829,-14.297152,-14.344162,-14.391955,-14.439468,-14.485330,-14.527979,-14.565630,-14.596045,-14.616736,-14.624958,-14.617486,-14.590998,-14.542389,-14.469267,-14.370152,-14.245455,-14.100053,-13.938717,
320.0,1.266667
320.000000,321.266667,322.533333,323.800000,325.066667,326.333333,327.600000,328.866667,330.133333,331.400000,332.666667,333.933333,335.200000,336.466667,337.733333,339.000000,340.266667,341.533333,342.800000,344.066667,345.333333,346.600000,347.866667,349.133333,350.400000,351.666667,352.933333,354.200000,355.466667,356.733333,358.000000,
-4.631687,-4.098621,-3.539350,-2.953725,-2.343851,-1.712282,-1.061580,-0.393887,0.289839,0.989177,1.704012,2.434564,3.181119,3.943812,4.722298,5.515883,6.323391,7.142633,7.971160,8.806808,9.648468,10.495928,11.350439,12.216443,13.099229,14.003252,14.929805,15.876676,16.835005,17.780817,18.692461,
-13.975964,-13.982909,-13.992489,-14.005212,-14.021406,-14.041251,-14.064857,-14.092264,-14.123405,-14.158140,-14.196245,-14.237324,-14.280880,-14.326296,-14.372732,-14.419219,-14.464652,-14.507673,-14.546776,-14.580293,-14.606250,-14.622471,-14.626520,-14.615441,-14.586154,-14.535759,-14.461975,-14.363386,-14.240371,-14.097483,-13.939171,
321.0,1.233333
321.000000,322.233333,323.466667,324.700000,325.933333,327.166667,328.400000,329.633333,330.866667,332.100000,333.333333,334.566667,335.800000,337.033333,338.266667,339.500000,340.733333,341.966667,343.200000,344.433333,345.666667,346.900000,348.133333,349.366667,350.600000,351.833333,353.066667,354.300000,355.533333,356.766667,358.000000,
-4.134130,-3.596612,-3.034359,-2.447129,-1.836859,-1.205935,-0.556771,0.108603,0.789243,1.484706,2.194857,2.919898,3.660112,4.415664,5.186312,5.971499,6.770211,7.580482,8.400012,9.226545,10.058269,10.893877,11.733020,12.577481,13.429868,14.292923,15.168946,16.058724,16.959301,17.858913,18.746582,
-13.982021,-13.991221,-14.003178,-14.018369,-14.037061,-14.059373,-14.085344,-14.114943,-14.148034,-14.184410,-14.223778,-14.265681,-14.309561,-14.354741,-14.400328,-14.445302,-14.488507,-14.528548,-14.563891,-14.592866,-14.613559,-14.623914,-14.621730,-14.604536,-14.569862,-14.515502,-14.439983,-14.342621,-14.224174,-14.088602,-13.939660,
322.0,1.200000
322.000000,323.200000,324.400000,325.600000,326.800000,328.000000,329.200000,330.400000,331.600000,332.800000,334.000000,335.200000,336.400000,337.600000,338.800000,340.000000,341.200000,342.400000,343.600000,344.800000,346.000000,347.200000,348.400000,349.600000,350.800000,352.000000,353.200000,354.400000,355.600000,356.800000,358.000000,
-3.636728,-3.096133,-2.532287,-1.944802,-1.335366,-0.706104,-0.059182,0.603565,1.281232,1.973312,2.679435,3.399215,4.132130,4.877308,5.633050,6.397348,7.168178,7.943770,8.722738,9.504485,10.290163,11.081767,11.881827,12.693484,13.519807,14.363050,15.223320,16.098580,16.983100,17.863251,18.726944,
-13.990071,-14.001542,-14.015853,-14.033444,-14.054524,-14.079149,-14.107289,-14.138843,-14.173601,-14.211280,-14.251510,-14.293758,-14.337389,-14.381664,-14.425658,-14.468347,-14.508623,-14.545246,-14.576883,-14.602074,-14.619108,-14.626116,-14.621041,-14.601486,-14.565032,-14.509541,-14.433663,-14.336840,-14.219877,-14.086488,-13.940175,
323.0,1.166667
323.000000,324.166667,325.333333,326.500000,327.666667,328.833333,330.000000,331.166667,332.333333,333.500000,334.666667,335.833333,337.000000,338.166667,339.333333,340.500000,341.666667,342.833333,344.000000,345.166667,346.333333,347.500000,348.666667,349.833333,351.000000,352.166667,353.333333,354.500000,355.666667,356.833333,358.000000,
-3.139440,-2.597133,-2.032979,-1.446500,-0.839210,-0.213070,0.429898,1.087970,1.760263,2.446269,3.145619,3.857960,4.582821,5.319401,6.066126,6.821085,7.582217,8.347418,9.114761,9.882846,10.651506,11.421359,12.193887,12.972117,13.759595,14.559731,15.375038,16.206354,17.050929,17.898055,18.737774,
-14.000132,-14.013851,-14.030448,-14.050319,-14.073615,-14.100329,-14.130364,-14.163552,-14.199624,-14.238237,-14.278966,-14.321231,-14.364357,-14.407573,-14.449940,-14.490427,-14.527934,-14.561253,-14.589101,-14.610104,-14.622708,-14.625244,-14.615909,-14.592652,-14.553423,-14.496412,-14.420468,-14.325137,-14.211194,-14.082000,-13.940705,
324.0,1.133333
324.000000,325.133333,326.266667,327.400000,328.533333,329.666667,330.800000,331.933333,333.066667,334.200000,335.333333,336.466667,337.600000,338.733333,339.866667,341.000000,342.133333,343.266667,344.400000,345.533333,346.666667,347.800000,348.933333,350.066667,351.200000,352.333333,353.466667,354.600000,355.733333,356.866667,358.000000,
-3.139440,-2.596798,-2.033650,-1.449416,-0.845425,-0.223478,0.414538,1.066977,1.732918,2.411755,3.103001,3.806155,4.520612,5.245503,5.979358,6.720504,7.467320,8.218530,8.973274,9.731452,10.494547,11.264808,12.044925,12.837990,13.646750,14.472646,15.314014,16.166530,17.021957,17.864366,18.680093,
-14.000132,-14.013857,-14.030422,-14.050216,-14.073376,-14.099886,-14.129640,-14.162468,-14.198103,-14.236213,-14.276391,-14.318095,-14.360696,-14.403477,-14.445569,-14.486012,-14.523764,-14.557647,-14.586382,-14.608559,-14.622516,-14.626439,-14.618365,-14.596079,-14.557392,-14.500430,-14.424115,-14.328135,-14.213389,-14.083215,-13.940705,
325.0,1.100000
325.000000,326.100000,327.200000,328.300000,329.400000,330.500000,331.600000,332.700000,333.800000,334.900000,336.000000,337.100000,338.200000,339.300000,340.400000,341.500000,342.600000,343.700000,344.800000,345.900000,347.000000,348.100000,349.200000,350.300000,351.400000,352.500000,353.600000,354.700000,355.800000,356.900000,358.000000,
-2.642225,-2.100635,-1.539869,-0.959260,-0.359966,0.256372,0.888007,1.533398,2.191645,2.862137,3.544377,4.237868,4.942023,5.656003,6.378416,7.107648,7.842059,8.580167,9.320785,10.063334,10.808528,11.557827,12.313348,13.078177,13.855364,14.646913,15.452121,16.267958,17.088023,17.899468,18.691220,
-14.012202,-14.028070,-14.046755,-14.068601,-14.093693,-14.121955,-14.153227,-14.187281,-14.223801,-14.262411,-14.302665,-14.343992,-14.385744,-14.427191,-14.467465,-14.505619,-14.540627,-14.571348,-14.596550,-14.614896,-14.624845,-14.624742,-14.612820,-14.587146,-14.545843,-14.487347,-14.410849,-14.316242,-14.204473,-14.078557,-13.941241,
326.0,1.066667
326.000000,327.066667,328.133333,329.200000,330.266667,331.333333,332.400000,333.466667,334.533333,335.600000,336.666667,337.733333,338.800000,339.866667,340.933333,342.000000,343.066667,344.133333,345.200000,346.266667,347.333333,348.400000,349.466667,350.533333,351.600000,352.666667,353.733333,354.800000,355.866667,356.933333,358.000000,
-2.145038,-1.605611,-1.048097,-0.471740,0.122436,0.732838,1.357690,1.995302,2.644394,3.303874,3.972729,4.649955,5.334588,6.025760,6.722811,7.425201,8.132494,8.844395,9.560752,10.281625,11.007485,11.739136,12.477823,13.225596,13.984519,14.755894,15.539045,16.331297,17.126810,17.913619,18.681396,
-14.026261,-14.044176,-14.064851,-14.088587,-14.115410,-14.145188,-14.177698,-14.212650,-14.249671,-14.288334,-14.328146,-14.368516,-14.408792,-14.448263,-14.486139,-14.521570,-14.553632,-14.581273,-14.603349,-14.618597,-14.625545,-14.622612,-14.608129,-14.580322,-14.537496,-14.478259,-14.401926,-14.308463,-14.198808,-14.075739,-13.941771,
327.0,1.033333
327.000000,328.033333,329.066667,330.100000,331.133333,332.166667,333.200000,334.233333,335.266667,336.300000,337.333333,338.366667,339.400000,340.433333,341.466667,342.500000,343.533333,344.566667,345.600000,346.633333,347.666667,348.700000,349.733333,350.766667,351.800000,352.833333,353.866667,354.900000,355.933333,356.966667,358.000000,
-1.647839,-1.111836,-0.558932,0.011728,0.599295,1.202334,1.819187,2.448221,3.088090,3.737565,4.395431,5.060391,5.731144,6.406477,7.085387,7.767107,8.451246,9.138145,9.828549,10.523502,11.224401,11.932800,12.650293,13.378426,14.118375,14.870428,15.632987,16.402720,17.173769,17.935621,18.679422,
-14.042271,-14.062093,-14.084573,-14.109966,-14.138251,-14.169248,-14.202689,-14.238241,-14.275498,-14.314003,-14.353246,-14.392629,-14.431502,-14.469167,-14.504859,-14.537758,-14.566989,-14.591567,-14.610427,-14.622386,-14.626063,-14.619970,-14.602562,-14.572239,-14.527511,-14.467205,-14.390857,-14.298612,-14.191465,-14.071941,-13.942287,
328.0,1.000000
328.000000,329.000000,330.000000,331.000000,332.000000,333.000000,334.000000,335.000000,336.000000,337.000000,338.000000,339.000000,340.000000,341.000000,342.000000,343.000000,344.000000,345.000000,346.000000,347.000000,348.000000,349.000000,350.000000,351.000000,352.000000,353.000000,354.000000,355.000000,356.000000,357.000000,358.000000,
-1.150584,-0.619065,-0.071828,0.492048,1.071870,1.666347,2.273954,2.893155,3.522643,4.161196,4.807592,5.460512,6.118616,6.780601,7.445290,8.111694,8.779168,9.447751,10.117954,10.790783,11.468017,12.151767,12.844196,13.547276,14.262447,14.990027,15.728047,16.472750,17.218199,17.954789,18.674613,
-14.060176,-14.081744,-14.105831,-14.132649,-14.162134,-14.194065,-14.228137,-14.263984,-14.301176,-14.339239,-14.377653,-14.415826,-14.453123,-14.488863,-14.522307,-14.552671,-14.579115,-14.600706,-14.616432,-14.625184,-14.625682,-14.616559,-14.596406,-14.563794,-14.517415,-14.456284,-14.380110,-14.289171,-14.184487,-14.068355,-13.942778,
329.0,0.966667
329.000000,329.966667,330.933333,331.900000,332.866667,333.833333,334.800000,335.766667,336.733333,337.700000,338.666667,339.633333,340.600000,341.566667,342.533333,343.500000,344.466667,345.433333,346.400000,347.366667,348.333333,349.300000,350.266667,351.233333,352.200000,353.166667,354.133333,355.100000,356.066667,357.033333,358.000000,
-0.155746,0.365176,0.894179,1.432479,1.980552,2.538490,3.106168,3.683324,4.269559,4.864385,5.467214,6.077311,6.693896,7.316225,7.943684,8.575764,9.212078,9.852443,10.496840,11.145456,11.798816,12.457679,13.123033,13.796204,14.478410,15.170264,15.870991,16.578512,17.288911,17.995046,18.690908,
-14.101350,-14.125840,-14.152167,-14.180467,-14.210667,-14.242570,-14.275907,-14.310357,-14.345542,-14.381044,-14.416403,-14.451097,-14.484561,-14.516190,-14.545312,-14.571208,-14.593095,-14.610090,-14.621235,-14.625490,-14.621691,-14.608619,-14.585045,-14.549768,-14.501724,-14.440144,-14.364860,-14.276207,-14.175150,-14.063716,-13.943651,
330.0,0.933333
330.000000,330.933333,331.866667,332.800000,333.733333,334.666667,335.600000,336.533333,337.466667,338.400000,339.333333,340.266667,341.200000,342.133333,343.066667,344.000000,344.933333,345.866667,346.800000,347.733333,348.666667,349.600000,350.533333,351.466667,352.400000,353.333333,354.266667,355.200000,356.133333,357.066667,358.000000,
0.341912,0.856816,1.379352,1.910712,2.451378,3.001432,3.560723,4.128923,4.705517,5.289849,5.881112,6.478274,7.080217,7.685837,8.294152,8.904368,9.516016,10.129237,10.744609,11.363151,11.986538,12.616715,13.255656,13.905110,14.566310,15.239450,15.922713,16.612710,17.304231,17.989208,18.661090,
-14.124414,-14.150113,-14.177458,-14.206546,-14.237275,-14.269420,-14.302691,-14.336750,-14.371208,-14.405642,-14.439595,-14.472563,-14.504006,-14.533350,-14.559973,-14.583211,-14.602347,-14.616577,-14.625026,-14.626735,-14.620615,-14.605515,-14.580273,-14.543754,-14.494955,-14.433167,-14.358269,-14.270619,-14.171155,-14.061753,-13.944017,
331.0,0.900000
331.000000,331.900000,332.800000,333.700000,334.600000,335.500000,336.400000,337.300000,338.200000,339.100000,340.000000,340.900000,341.800000,342.700000,343.600000,344.500000,345.400000,346.300000,347.200000,348.100000,349.000000,349.900000,350.800000,351.700000,352.600000,353.500000,354.400000,355.300000,356.200000,357.100000,358.000000,
0.839779,1.347553,1.862440,2.385575,2.917411,3.458017,4.007234,4.564737,5.130027,5.702482,6.281345,6.865673,7.454446,8.046649,8.641361,9.237805,9.835470,10.434331,11.034725,11.637372,12.243554,12.854835,13.472884,14.099354,14.735528,15.381813,16.036882,16.698038,17.361016,18.019158,18.667057,
-14.148964,-14.175622,-14.203720,-14.233319,-14.264290,-14.296395,-14.329331,-14.362750,-14.396260,-14.429440,-14.461837,-14.492958,-14.522278,-14.549241,-14.573246,-14.593655,-14.609781,-14.620866,-14.626091,-14.624575,-14.615339,-14.597368,-14.569654,-14.531241,-14.481313,-14.419328,-14.345274,-14.259561,-14.163097,-14.057550,-13.944326,
332.0,0.866667
332.000000,332.866667,333.733333,334.600000,335.466667,336.333333,337.200000,338.066667,338.933333,339.800000,340.666667,341.533333,342.400000,343.266667,344.133333,345.000000,345.866667,346.733333,347.600000,348.466667,349.333333,350.200000,351.066667,351.933333,352.800000,353.666667,354.533333,355.400000,356.266667,357.133333,358.000000,
1.337884,1.837442,2.343610,2.857460,3.379414,3.909524,4.447619,4.993370,5.546298,6.105814,6.671224,7.241685,7.816297,8.394171,8.974505,9.556620,10.140053,10.724731,11.310867,11.898973,12.489983,13.085041,13.685370,14.292167,14.906356,15.528222,16.156820,16.790178,17.425110,18.056580,18.680494,
-14.174853,-14.202205,-14.230782,-14.260608,-14.291536,-14.323319,-14.355646,-14.388169,-14.420498,-14.452216,-14.482880,-14.512007,-14.539086,-14.563579,-14.584902,-14.602438,-14.615527,-14.623449,-14.625438,-14.620684,-14.608319,-14.587462,-14.557266,-14.516972,-14.465965,-14.403889,-14.330848,-14.247311,-14.154152,-14.052837,-13.944573,
333.0,0.833333
333.000000,333.833333,334.666667,335.500000,336.333333,337.166667,338.000000,338.833333,339.666667,340.500000,341.333333,342.166667,343.000000,343.833333,344.666667,345.500000,346.333333,347.166667,348.000000,348.833333,349.666667,350.500000,351.333333,352.166667,353.000000,353.833333,354.666667,355.500000,356.333333,357.166667,358.000000,
1.836259,2.326635,2.823165,3.326707,3.837459,4.355242,4.879667,5.410224,5.946330,6.487380,7.032793,7.582058,8.134728,8.690421,9.248857,9.809847,10.373310,10.939341,11.508180,12.080255,12.656267,13.237040,13.823400,14.416060,15.015425,15.621285,16.232296,16.846213,17.459800,18.068402,18.668331,
-14.201916,-14.229685,-14.258448,-14.288192,-14.318752,-14.349869,-14.381235,-14.412501,-14.443292,-14.473212,-14.501841,-14.528737,-14.553433,-14.575431,-14.594190,-14.609128,-14.619622,-14.624982,-14.624476,-14.617338,-14.602758,-14.579933,-14.548106,-14.506630,-14.455009,-14.392993,-14.320759,-14.238808,-14.147987,-14.049612,-13.944753,
334.0,0.800000
334.000000,334.800000,335.600000,336.400000,337.200000,338.000000,338.800000,339.600000,340.400000,341.200000,342.000000,342.800000,343.600000,344.400000,345.200000,346.000000,346.800000,347.600000,348.400000,349.200000,350.000000,350.800000,351.600000,352.400000,353.200000,354.000000,354.800000,355.600000,356.400000,357.200000,358.000000,
2.334926,2.815053,3.300942,3.793351,4.292381,4.797750,5.308963,5.825402,6.346382,6.871215,7.399259,7.930000,8.463043,8.998155,9.535355,10.074830,10.616911,11.162098,11.710985,12.264235,12.822567,13.386666,13.957088,14.534125,15.117680,15.707024,16.300346,16.895023,17.487616,18.073619,18.649559,
-14.229975,-14.257877,-14.286546,-14.315939,-14.345879,-14.376113,-14.406335,-14.436213,-14.465384,-14.493471,-14.520076,-14.544780,-14.567143,-14.586696,-14.602931,-14.615304,-14.623228,-14.626057,-14.623103,-14.613654,-14.596965,-14.572308,-14.539011,-14.496523,-14.444445,-14.382609,-14.311237,-14.230844,-14.142233,-14.046591,-13.944862,
335.0,0.766667
335.000000,335.766667,336.533333,337.300000,338.066667,338.833333,339.600000,340.366667,341.133333,341.900000,342.666667,343.433333,344.200000,344.966667,345.733333,346.500000,347.266667,348.033333,348.800000,349.566667,350.333333,351.100000,351.866667,352.633333,353.400000,354.166667,354.933333,355.700000,356.466667,357.233333,358.000000,
2.833910,3.302631,3.776676,4.256741,4.742896,5.234843,5.732069,6.233940,6.739763,7.248836,7.760509,8.274251,8.789657,9.306500,9.824822,10.344872,10.867104,11.392229,11.921096,12.454619,12.993709,13.539171,14.091555,14.650943,15.216908,15.788320,16.362945,16.937774,17.509104,18.072433,18.624383,
-14.258832,-14.286577,-14.314868,-14.343635,-14.372696,-14.401803,-14.430666,-14.458968,-14.486368,-14.512509,-14.537018,-14.559499,-14.579535,-14.596685,-14.610468,-14.620371,-14.625842,-14.626274,-14.621028,-14.609443,-14.590838,-14.564555,-14.529997,-14.486692,-14.434319,-14.372774,-14.302307,-14.223427,-14.136892,-14.043770,-13.944899,
336.0,0.733333
336.000000,336.733333,337.466667,338.200000,338.933333,339.666667,340.400000,341.133333,341.866667,342.600000,343.333333,344.066667,344.800000,345.533333,346.266667,347.000000,347.733333,348.466667,349.200000,349.933333,350.666667,351.400000,352.133333,352.866667,353.600000,354.333333,355.066667,355.800000,356.533333,357.266667,358.000000,
3.832885,4.288961,4.749582,5.215156,5.685498,6.160082,6.638203,7.119091,7.602001,8.086243,8.571225,9.056521,9.541842,10.027055,10.512230,10.997602,11.483565,11.970726,12.459826,12.951719,13.447366,13.947729,14.453667,14.965793,15.484390,16.009217,16.539193,17.072588,17.607050,18.139461,18.667423,
-14.318085,-14.345449,-14.372929,-14.400377,-14.427576,-14.454270,-14.480177,-14.505000,-14.528435,-14.550168,-14.569876,-14.587227,-14.601874,-14.613451,-14.621567,-14.625801,-14.625709,-14.620804,-14.610578,-14.594509,-14.572067,-14.542745,-14.506090,-14.461756,-14.409522,-14.349348,-14.281475,-14.206357,-14.124641,-14.037211,-13.944750,
337.0,0.700000
337.000000,337.700000,338.400000,339.100000,339.800000,340.500000,341.200000,341.900000,342.600000,343.300000,344.000000,344.700000,345.400000,346.100000,346.800000,347.500000,348.200000,348.900000,349.600000,350.300000,351.000000,351.700000,352.400000,353.100000,353.800000,354.500000,355.200000,355.900000,356.600000,357.300000,358.000000,
4.332899,4.775387,5.221878,5.672762,6.127902,6.586858,7.049026,7.513738,7.980352,8.448277,8.917010,9.386199,9.855621,10.325194,10.795016,11.265333,11.736526,12.209142,12.683833,13.161319,13.642370,14.127718,14.617966,15.113457,15.614219,16.119822,16.629135,17.140505,17.651819,18.160448,18.664413,
-14.348016,-14.374443,-14.400807,-14.426939,-14.452626,-14.477621,-14.501663,-14.524474,-14.545770,-14.565254,-14.582623,-14.597557,-14.609725,-14.618777,-14.624337,-14.626009,-14.623376,-14.615991,-14.603397,-14.585133,-14.560749,-14.529826,-14.492007,-14.447045,-14.394812,-14.335342,-14.268911,-14.195969,-14.117117,-14.033123,-13.944565,
338.0,0.666667
338.000000,338.666667,339.333333,340.000000,340.666667,341.333333,342.000000,342.666667,343.333333,344.000000,344.666667,345.333333,346.000000,346.666667,347.333333,348.000000,348.666667,349.333333,350.000000,350.666667,351.333333,352.000000,352.666667,353.333333,354.000000,354.666667,355.333333,356.000000,356.666667,357.333333,358.000000,
4.833268,5.261200,5.692596,6.127826,6.566802,7.009169,7.454427,7.902019,8.351409,8.802110,9.253716,9.705955,10.158675,10.611850,11.065616,11.520231,11.976070,12.433634,12.893495,13.356258,13.822525,14.292824,14.767530,15.246736,15.730225,16.217363,16.706907,17.197181,17.686167,18.171508,18.651474,
-14.377819,-14.403049,-14.428063,-14.452675,-14.476670,-14.499816,-14.521866,-14.542563,-14.561641,-14.578824,-14.593825,-14.606343,-14.616062,-14.622650,-14.625754,-14.625001,-14.620004,-14.610358,-14.595651,-14.575481,-14.549463,-14.517251,-14.478567,-14.433236,-14.381197,-14.322533,-14.257532,-14.186628,-14.110374,-14.029436,-13.944311,
339.0,0.633333
339.000000,339.633333,340.266667,340.900000,341.533333,342.166667,342.800000,343.433333,344.066667,344.700000,345.333333,345.966667,346.600000,347.233333,347.866667,348.500000,349.133333,349.766667,350.400000,351.033333,351.666667,352.300000,352.933333,353.566667,354.200000,354.833333,355.466667,356.100000,356.733333,357.366667,358.000000,
5.333990,5.746380,6.161695,6.580284,7.002107,7.426900,7.854272,8.283784,8.715017,9.147598,9.581223,10.015715,10.450997,10.887106,11.324219,11.762613,12.202656,12.644807,13.089563,13.537417,13.988813,14.444086,14.903392,15.366582,15.833198,16.302386,16.772753,17.242536,17.709718,18.172085,18.628050,
-14.407228,-14.431019,-14.454469,-14.477378,-14.499530,-14.520705,-14.540669,-14.559186,-14.576005,-14.590870,-14.603513,-14.613649,-14.620982,-14.625199,-14.625970,-14.622947,-14.615775,-14.604085,-14.587510,-14.565697,-14.538317,-14.505086,-14.465782,-14.420288,-14.368587,-14.310792,-14.247189,-14.178190,-14.104294,-14.026085,-13.943989,
340.0,0.600000
340.000000,340.600000,341.200000,341.800000,342.400000,343.000000,343.600000,344.200000,344.800000,345.400000,346.000000,346.600000,347.200000,347.800000,348.400000,349.000000,349.600000,350.200000,350.800000,351.400000,352.000000,352.600000,353.200000,353.800000,354.400000,355.000000,355.600000,356.200000,356.800000,357.400000,358.000000,
6.336456,6.730607,7.124460,7.517971,7.911141,8.304009,8.696645,9.089155,9.481680,9.874403,10.267547,10.661391,11.056259,11.452520,11.850595,12.250938,12.654015,13.060300,13.470240,13.884231,14.302573,14.725444,15.152852,15.584554,16.020050,16.458541,16.898822,17.339427,17.778719,18.214955,18.646907,
-14.463756,-14.484845,-14.505255,-14.524748,-14.543115,-14.560172,-14.575738,-14.589639,-14.601689,-14.611697,-14.619458,-14.624748,-14.627328,-14.626941,-14.623310,-14.616143,-14.605141,-14.589994,-14.570401,-14.546072,-14.516752,-14.482224,-14.442333,-14.397014,-14.346290,-14.290290,-14.229284,-14.163634,-14.093768,-14.020165,-13.943165,
341.0,0.566667
341.000000,341.566667,342.133333,342.700000,343.266667,343.833333,344.400000,344.966667,345.533333,346.100000,346.666667,347.233333,347.800000,348.366667,348.933333,349.500000,350.066667,350.633333,351.200000,351.766667,352.333333,352.900000,353.466667,354.033333,354.600000,355.166667,355.733333,356.300000,356.866667,357.433333,358.000000,
6.838167,7.215299,7.592262,7.969091,8.345873,8.722727,9.099802,9.477263,9.855295,10.234096,10.613876,10.994857,11.377271,11.761360,12.147382,12.535602,12.926290,13.319714,13.716127,14.115738,14.518684,14.925007,15.334610,15.747193,16.162259,16.579077,16.996616,17.413660,17.828887,18.240941,18.648883,
-14.490296,-14.509375,-14.527751,-14.545171,-14.561420,-14.576302,-14.589634,-14.601235,-14.610920,-14.618501,-14.623777,-14.626538,-14.626559,-14.623607,-14.617436,-14.607794,-14.594428,-14.577087,-14.555530,-14.529539,-14.498929,-14.463555,-14.423331,-14.378248,-14.328373,-14.273860,-14.214971,-14.152037,-14.085432,-14.015552,-13.942675,
342.0,0.533333
342.000000,342.533333,343.066667,343.600000,344.133333,344.666667,345.200000,345.733333,346.266667,346.800000,347.333333,347.866667,348.400000,348.933333,349.466667,350.000000,350.533333,351.066667,351.600000,352.133333,352.666667,353.200000,353.733333,354.266667,354.800000,355.333333,355.866667,356.400000,356.933333,357.466667,358.000000,
7.340165,7.699648,8.059546,8.419977,8.781028,9.142760,9.505227,9.868480,10.232575,10.597586,10.963602,11.330746,11.699168,12.069043,12.440578,12.813995,13.189524,13.567388,13.947784,14.330859,14.716674,15.105189,15.496229,15.889427,16.284238,16.679919,17.075483,17.469808,17.861709,18.250019,18.633947,
-14.515285,-14.532199,-14.548401,-14.563631,-14.577665,-14.590302,-14.601353,-14.610637,-14.617970,-14.623169,-14.626045,-14.626402,-14.624036,-14.618739,-14.610298,-14.598498,-14.583126,-14.563980,-14.540871,-14.513630,-14.482125,-14.446264,-14.406003,-14.361368,-14.312449,-14.259407,-14.202485,-14.141981,-14.078220,-14.011531,-13.942143,
343.0,0.500000
343.000000,343.500000,344.000000,344.500000,345.000000,345.500000,346.000000,346.500000,347.000000,347.500000,348.000000,348.500000,349.000000,349.500000,350.000000,350.500000,351.000000,351.500000,352.000000,352.500000,353.000000,353.500000,354.000000,354.500000,355.000000,355.500000,356.000000,356.500000,357.000000,357.500000,358.000000,
8.344885,8.685171,9.025284,9.365200,9.704919,10.044465,10.383877,10.723209,11.062532,11.401929,11.741498,12.081351,12.421615,12.762432,13.103955,13.446349,13.789782,14.134427,14.480448,14.827995,15.177189,15.528119,15.880821,16.235262,16.591342,16.948880,17.307598,17.667155,18.027173,18.387261,18.747146,
-14.559371,-14.572313,-14.584387,-14.595302,-14.604819,-14.612742,-14.618896,-14.623126,-14.625283,-14.625225,-14.622813,-14.617906,-14.610367,-14.600057,-14.586844,-14.570597,-14.551197,-14.528537,-14.502528,-14.473104,-14.440228,-14.403898,-14.364147,-14.321060,-14.274760,-14.225417,-14.173245,-14.118484,-14.061381,-14.002164,-13.940987,
344.0,0.466667
344.000000,344.466667,344.933333,345.400000,345.866667,346.333333,346.800000,347.266667,347.733333,348.200000,348.666667,349.133333,349.600000,350.066667,350.533333,351.000000,351.466667,351.933333,352.400000,352.866667,353.333333,353.800000,354.266667,354.733333,355.200000,355.666667,356.133333,356.600000,357.066667,357.533333,358.000000,
8.847527,9.168070,9.488388,9.808466,10.128336,10.448061,10.767729,11.087450,11.407347,11.727559,12.048234,12.369531,12.691615,13.014651,13.338809,13.664248,13.991117,14.319545,14.649633,14.981442,15.314980,15.650199,15.986977,16.325103,16.664285,17.004145,17.344211,17.683960,18.022859,18.360406,18.696267,
-14.577832,-14.588320,-14.597982,-14.606532,-14.613737,-14.619403,-14.623361,-14.625460,-14.625558,-14.623521,-14.619222,-14.612533,-14.603332,-14.591497,-14.576913,-14.559470,-14.539069,-14.515622,-14.489060,-14.459332,-14.426417,-14.390322,-14.351086,-14.308789,-14.263549,-14.215515,-14.164879,-14.111850,-14.056637,-13.999438,-13.940380,
345.0,0.433333
345.000000,345.433333,345.866667,346.300000,346.733333,347.166667,347.600000,348.033333,348.466667,348.900000,349.333333,349.766667,350.200000,350.633333,351.066667,351.500000,351.933333,352.366667,352.800000,353.233333,353.666667,354.100000,354.533333,354.966667,355.400000,355.833333,356.266667,356.700000,357.133333,357.566667,358.000000,
9.350290,9.650427,9.950363,10.250112,10.549743,10.849360,11.149098,11.449110,11.749566,12.050643,12.352525,12.655397,12.959438,13.264820,13.571699,13.880211,14.190459,14.502512,14.816388,15.132053,15.449399,15.768244,16.088327,16.409286,16.730676,17.051969,17.372556,17.691796,18.009063,18.323794,18.635630,
-14.593474,-14.601514,-14.608780,-14.614999,-14.619946,-14.623428,-14.625280,-14.625355,-14.623516,-14.619638,-14.613600,-14.605285,-14.594584,-14.581390,-14.565603,-14.547130,-14.525889,-14.501811,-14.474841,-14.444946,-14.412116,-14.376364,-14.337735,-14.296307,-14.252186,-14.205509,-14.156443,-14.105167,-14.051863,-13.996694,-13.939768,
346.0,0.400000
346.000000,346.400000,346.800000,347.200000,347.600000,348.000000,348.400000,348.800000,349.200000,349.600000,350.000000,350.400000,350.800000,351.200000,351.600000,352.000000,352.400000,352.800000,353.200000,353.600000,354.000000,354.400000,354.800000,355.200000,355.600000,356.000000,356.400000,356.800000,357.200000,357.600000,358.000000,
10.355949,10.635201,10.914362,11.193417,11.472367,11.751224,12.030010,12.308752,12.587485,12.866247,13.145082,13.424036,13.703158,13.982500,14.262116,14.542059,14.822384,15.103142,15.384383,15.666153,15.948490,16.231423,16.514975,16.799152,17.083950,17.369349,17.655317,17.941810,18.228776,18.516163,18.803936,
-14.614999,-14.618520,-14.621168,-14.622649,-14.622738,-14.621257,-14.618066,-14.613053,-14.606128,-14.597216,-14.586257,-14.573201,-14.558007,-14.540645,-14.521093,-14.499340,-14.475382,-14.449231,-14.420910,-14.390453,-14.357913,-14.323356,-14.286864,-14.248532,-14.208471,-14.166802,-14.123651,-14.079147,-14.033405,-13.986525,-13.938566,
347.0,0.366667
347.000000,347.366667,347.733333,348.100000,348.466667,348.833333,349.200000,349.566667,349.933333,350.300000,350.666667,351.033333,351.400000,351.766667,352.133333,352.500000,352.866667,353.233333,353.600000,353.966667,354.333333,354.700000,355.066667,355.433333,355.800000,356.166667,356.533333,356.900000,357.266667,357.633333,358.000000,
10.858713,11.116102,11.372898,11.629009,11.884436,12.139253,12.393584,12.647589,12.901452,13.155373,13.409553,13.664193,13.919486,14.175609,14.432718,14.690943,14.950387,15.211112,15.473145,15.736466,16.001009,16.266657,16.533242,16.800544,17.068295,17.336189,17.603886,17.871034,18.137302,18.402403,18.666160,
-14.620226,-14.621497,-14.622050,-14.621630,-14.620032,-14.617090,-14.612666,-14.606645,-14.598930,-14.589437,-14.578095,-14.564842,-14.549622,-14.532392,-14.513112,-14.491754,-14.468299,-14.442737,-14.415071,-14.385315,-14.353499,-14.319665,-14.283873,-14.246196,-14.206724,-14.165555,-14.122799,-14.078569,-14.032971,-13.986095,-13.937997,
348.0,0.333333
348.000000,348.333333,348.666667,349.000000,349.333333,349.666667,350.000000,350.333333,350.666667,351.000000,351.333333,351.666667,352.000000,352.333333,352.666667,353.000000,353.333333,353.666667,354.000000,354.333333,354.666667,355.000000,355.333333,355.666667,356.000000,356.333333,356.666667,357.000000,357.333333,357.666667,358.000000,
11.863730,12.099264,12.334416,12.569090,12.803228,13.036810,13.269842,13.502349,13.734373,13.965967,14.197194,14.428122,14.658825,14.889382,15.119872,15.350377,15.580979,15.811763,16.042812,16.274209,16.506035,16.738371,16.971293,17.204875,17.439187,17.674291,17.910245,18.147095,18.384878,18.623622,18.863339,
-14.617979,-14.614904,-14.611074,-14.606240,-14.600208,-14.592835,-14.584016,-14.573673,-14.561755,-14.548228,-14.533076,-14.516294,-14.497888,-14.477872,-14.456271,-14.433116,-14.408442,-14.382296,-14.354726,-14.325788,-14.295545,-14.264064,-14.231413,-14.197670,-14.162909,-14.127209,-14.090644,-14.053283,-14.015189,-13.976409,-13.936970,
349.0,0.300000
349.000000,349.300000,349.600000,349.900000,350.200000,350.500000,350.800000,351.100000,351.400000,351.700000,352.000000,352.300000,352.600000,352.900000,353.200000,353.500000,353.800000,354.100000,354.400000,354.700000,355.000000,355.300000,355.600000,355.900000,356.200000,356.500000,356.800000,357.100000,357.400000,357.700000,358.000000,
12.365815,12.579144,12.792478,13.005823,13.219189,13.432587,13.646029,13.859530,14.073103,14.286762,14.500521,14.714392,14.928389,15.142523,15.356802,15.571234,15.785825,16.000577,16.215490,16.430561,16.645783,16.861145,17.076634,17.292233,17.507919,17.723671,17.939463,18.155268,18.371064,18.586830,18.802553,
-14.609861,-14.604992,-14.599460,-14.593036,-14.585545,-14.576853,-14.566862,-14.555499,-14.542715,-14.528479,-14.512777,-14.495605,-14.476971,-14.456891,-14.435390,-14.412499,-14.388254,-14.362698,-14.335879,-14.307847,-14.278659,-14.248374,-14.217053,-14.184759,-14.151559,-14.117514,-14.082686,-14.047131,-14.010898,-13.974024,-13.936530,
350.0,0.266667
350.000000,350.266667,350.533333,350.800000,351.066667,351.333333,351.600000,351.866667,352.133333,352.400000,352.666667,352.933333,353.200000,353.466667,353.733333,354.000000,354.266667,354.533333,354.800000,355.066667,355.333333,355.600000,355.866667,356.133333,356.400000,356.666667,356.933333,357.200000,357.466667,357.733333,358.000000,
12.867495,13.058054,13.248693,13.439452,13.630375,13.821502,14.012875,14.204531,14.396506,14.588830,14.781527,14.974619,15.168115,15.362020,15.556328,15.751024,15.946081,16.141461,16.337113,16.532977,16.728977,16.925028,17.121032,17.316884,17.512468,17.707669,17.902368,18.096453,18.289824,18.482402,18.674140,
-14.596657,-14.590347,-14.583501,-14.575925,-14.567466,-14.558000,-14.547431,-14.535688,-14.522714,-14.508470,-14.492932,-14.476084,-14.457921,-14.438447,-14.417672,-14.395614,-14.372297,-14.347748,-14.322002,-14.295096,-14.267074,-14.237981,-14.207865,-14.176779,-14.144774,-14.111903,-14.078216,-14.043762,-14.008580,-13.972704,-13.936150,
351.0,0.233333
351.000000,351.233333,351.466667,351.700000,351.933333,352.166667,352.400000,352.633333,352.866667,353.100000,353.333333,353.566667,353.800000,354.033333,354.266667,354.500000,354.733333,354.966667,355.200000,355.433333,355.666667,355.900000,356.133333,356.366667,356.600000,356.833333,357.066667,357.300000,357.533333,357.766667,358.000000,
13.869239,14.036467,14.203557,14.370467,14.537173,14.703660,14.869926,15.035976,15.201822,15.367482,15.532978,15.698338,15.863588,16.028759,16.193882,16.358989,16.524111,16.689280,16.854524,17.019874,17.185355,17.350993,17.516811,17.682828,17.849063,18.015531,18.182243,18.349208,18.516435,18.683926,18.851683,
-14.553757,-14.544420,-14.534672,-14.524362,-14.513373,-14.501615,-14.489016,-14.475528,-14.461114,-14.445754,-14.429437,-14.412164,-14.393940,-14.374782,-14.354708,-14.333744,-14.311918,-14.289262,-14.265811,-14.241601,-14.216669,-14.191054,-14.164794,-14.137927,-14.110490,-14.082519,-14.054044,-14.025095,-13.995694,-13.965860,-13.935601,
352.0,0.200000
352.000000,352.200000,352.400000,352.600000,352.800000,353.000000,353.200000,353.400000,353.600000,353.800000,354.000000,354.200000,354.400000,354.600000,354.800000,355.000000,355.200000,355.400000,355.600000,355.800000,356.000000,356.200000,356.400000,356.600000,356.800000,357.000000,357.200000,357.400000,357.600000,357.800000,358.000000,
14.369090,14.513050,14.657095,14.801258,14.945561,15.090021,15.234650,15.379452,15.524431,15.669582,15.814900,15.960375,16.105993,16.251739,16.397593,16.543535,16.689541,16.835583,16.981635,17.127667,17.273647,17.419544,17.565323,17.710953,17.856399,18.001631,18.146619,18.291335,18.435759,18.579871,18.723665,
-14.523462,-14.513666,-14.503541,-14.492964,-14.481834,-14.470070,-14.457610,-14.444403,-14.430414,-14.415617,-14.399999,-14.383550,-14.366272,-14.348170,-14.329255,-14.309544,-14.289057,-14.267814,-14.245843,-14.223170,-14.199823,-14.175831,-14.151225,-14.126034,-14.100287,-14.074010,-14.047229,-14.019966,-13.992240,-13.964063,-13.935443,
359.0,0.600000
359.000000,359.600000,360.200000,360.800000,361.400000,362.000000,362.600000,363.200000,363.800000,364.400000,365.000000,365.600000,366.200000,366.800000,367.400000,368.000000,368.600000,369.200000,369.800000,370.400000,371.000000,371.600000,372.200000,372.800000,373.400000,374.000000,374.600000,375.200000,375.800000,376.400000,377.000000,
19.784941,20.212837,20.638745,21.062097,21.482491,21.899648,22.313378,22.723571,23.130195,23.533283,23.932931,24.329307,24.722637,25.113195,25.501309,25.887340,26.271671,26.654698,27.036808,27.418347,27.799590,28.180711,28.561743,28.942501,29.322590,29.701361,30.077839,30.450833,30.819026,31.181027,31.535863,
-13.721666,-13.614618,-13.502536,-13.384350,-13.259521,-13.127835,-12.989287,-12.843982,-12.692071,-12.533716,-12.369062,-12.198206,-12.021196,-11.838027,-11.648618,-11.452830,-11.250462,-11.041246,-10.824866,-10.600976,-10.369203,-10.129187,-9.880609,-9.623239,-9.356958,-9.081809,-8.798066,-8.506190,-8.206799,-7.900685,-7.588442,
360.0,0.566667
360.000000,360.566667,361.133333,361.700000,362.266667,362.833333,363.400000,363.966667,364.533333,365.100000,365.666667,366.233333,366.800000,367.366667,367.933333,368.500000,369.066667,369.633333,370.200000,370.766667,371.333333,371.900000,372.466667,373.033333,373.600000,374.166667,374.733333,375.300000,375.866667,376.433333,377.000000,
20.266351,20.669431,21.070892,21.470327,21.867486,22.262228,22.654487,23.044253,23.431561,23.816481,24.199114,24.579596,24.958088,25.334774,25.709866,26.083586,26.456159,26.827803,27.198709,27.569019,27.938792,28.307986,28.676427,29.043754,29.409425,29.772702,30.132600,30.487993,30.837691,31.180514,31.515660,
-13.600858,-13.492949,-13.380495,-13.262454,-13.138250,-13.007604,-12.870427,-12.726747,-12.576641,-12.420214,-12.257565,-12.088766,-11.913855,-11.732828,-11.545627,-11.352147,-11.152236,-10.945693,-10.732287,-10.511766,-10.283873,-10.048368,-9.805060,-9.553839,-9.294694,-9.027746,-8.753301,-8.471799,-8.183794,-7.889940,-7.590716,
361.0,0.533333
361.000000,361.533333,362.066667,362.600000,363.133333,363.666667,364.200000,364.733333,365.266667,365.800000,366.333333,366.866667,367.400000,367.933333,368.466667,369.000000,369.533333,370.066667,370.600000,371.133333,371.666667,372.200000,372.733333,373.266667,373.800000,374.333333,374.866667,375.400000,375.933333,376.466667,377.000000,
21.221807,21.596967,21.969448,22.338705,22.704505,23.066820,23.425755,23.781500,24.134294,24.484401,24.832103,25.177683,25.521424,25.863605,26.204497,26.544358,26.883431,27.221929,27.560035,27.897878,28.235521,28.572946,28.910034,29.246532,29.582060,29.916101,30.247972,30.576893,30.902049,31.222637,31.538114,
-13.333320,-13.218297,-13.099892,-12.977259,-12.849884,-12.717468,-12.579861,-12.437001,-12.288875,-12.135497,-11.976883,-11.813035,-11.643939,-11.469553,-11.289799,-11.104571,-10.913734,-10.717126,-10.514566,-10.305869,-10.090858,-9.869377,-9.641317,-9.406641,-9.165393,-8.917718,-8.663898,-8.404313,-8.139411,-7.869698,-7.595537,
362.0,0.500000
362.000000,362.500000,363.000000,363.500000,364.000000,364.500000,365.000000,365.500000,366.000000,366.500000,367.000000,367.500000,368.000000,368.500000,369.000000,369.500000,370.000000,370.500000,371.000000,371.500000,372.000000,372.500000,373.000000,373.500000,374.000000,374.500000,375.000000,375.500000,376.000000,376.500000,377.000000,
21.695590,22.046327,22.395601,22.743058,23.088497,23.431830,23.773044,24.112184,24.449332,24.784603,25.118131,25.450064,25.780563,26.109790,26.437907,26.765068,27.091411,27.417045,27.742047,28.066441,28.390185,28.713164,29.035174,29.355897,29.674913,29.991700,30.305618,30.615968,30.922046,31.223192,31.518973,
-13.186457,-13.071936,-12.954181,-12.832360,-12.705962,-12.574691,-12.438395,-12.297015,-12.150542,-11.998995,-11.842403,-11.680782,-11.514134,-11.342441,-11.165656,-10.983708,-10.796509,-10.603947,-10.405904,-10.202263,-9.992919,-9.777792,-9.556845,-9.330101,-9.097652,-8.859669,-8.616423,-8.368253,-8.115544,-7.858701,-7.598010,
363.0,0.466667
363.000000,363.466667,363.933333,364.400000,364.866667,365.333333,365.800000,366.266667,366.733333,367.200000,367.666667,368.133333,368.600000,369.066667,369.533333,370.000000,370.466667,370.933333,371.400000,371.866667,372.333333,372.800000,373.266667,373.733333,374.200000,374.666667,375.133333,375.600000,376.066667,376.533333,377.000000,
22.634643,22.957740,23.278825,23.597447,23.913385,24.226577,24.537076,24.845009,25.150549,25.453899,25.755277,26.054906,26.353005,26.649787,26.945449,27.240172,27.534116,27.827411,28.120157,28.412416,28.704203,28.995484,29.286168,29.576099,29.865057,30.152762,30.438869,30.723000,31.004771,31.283825,31.559927,
-12.866366,-12.747622,-12.626545,-12.502482,-12.374993,-12.243789,-12.108686,-11.969572,-11.826379,-11.679066,-11.527610,-11.371988,-11.212180,-11.048156,-10.879881,-10.707311,-10.530399,-10.349092,-10.163341,-9.973105,-9.778361,-9.579108,-9.375377,-9.167244,-8.954830,-8.738306,-8.517901,-8.293883,-8.066536,-7.836140,-7.602888,
364.0,0.433333
364.000000,364.433333,364.866667,365.300000,365.733333,366.166667,366.600000,367.033333,367.466667,367.900000,368.333333,368.766667,369.200000,369.633333,370.066667,370.500000,370.933333,371.366667,371.800000,372.233333,372.666667,373.100000,373.533333,373.966667,374.400000,374.833333,375.266667,375.700000,376.133333,376.566667,377.000000,
23.099679,23.398348,23.695905,23.992073,24.286699,24.579719,24.871134,25.160991,25.449369,25.736369,26.022105,26.306697,26.590265,26.872925,27.154781,27.435921,27.716414,27.996300,28.275586,28.554243,28.832194,29.109313,29.385423,29.660285,29.933608,30.205052,30.474229,30.740735,31.004176,31.264206,31.520604,
-12.693135,-12.577157,-12.459022,-12.338108,-12.213982,-12.086357,-11.955041,-11.819915,-11.680902,-11.537956,-11.391046,-11.240148,-11.085239,-10.926293,-10.763280,-10.596166,-10.424913,-10.249484,-10.069848,-9.885983,-9.697885,-9.505571,-9.309088,-9.108524,-8.904003,-8.695690,-8.483800,-8.268571,-8.050251,-7.829080,-7.605216,
365.0,0.400000
365.000000,365.400000,365.800000,366.200000,366.600000,367.000000,367.400000,367.800000,368.200000,368.600000,369.000000,369.400000,369.800000,370.200000,370.600000,371.000000,371.400000,371.800000,372.200000,372.600000,373.000000,373.400000,373.800000,374.200000,374.600000,375.000000,375.400000,375.800000,376.200000,376.600000,377.000000,
24.020228,24.291669,24.561460,24.829200,25.094676,25.357818,25.618657,25.877296,26.133891,26.388630,26.641721,26.893377,27.143814,27.393239,27.641846,27.889807,28.137275,28.384370,28.631183,28.877770,29.124145,29.370282,29.616111,29.861516,30.106339,30.350385,30.593420,30.835199,31.075478,31.314038,31.550742,
-12.320460,-12.203453,-12.085143,-11.965103,-11.843010,-11.718615,-11.591723,-11.462181,-11.329861,-11.194660,-11.056485,-10.915254,-10.770891,-10.623326,-10.472492,-10.318328,-10.160781,-9.999805,-9.835366,-9.667445,-9.496044,-9.321187,-9.142923,-8.961333,-8.776530,-8.588654,-8.397878,-8.204392,-8.008386,-7.810037,-7.609460,
366.0,0.366667
366.000000,366.366667,366.733333,367.100000,367.466667,367.833333,368.200000,368.566667,368.933333,369.300000,369.666667,370.033333,370.400000,370.766667,371.133333,371.500000,371.866667,372.233333,372.600000,372.966667,373.333333,373.700000,374.066667,374.433333,374.800000,375.166667,375.533333,375.900000,376.266667,376.633333,377.000000,
24.475549,24.722967,24.969433,25.214713,25.458687,25.701314,25.942620,26.182672,26.421566,26.659421,26.896362,27.132517,27.368009,27.602950,27.837437,28.071548,28.305334,28.538821,28.772001,29.004834,29.237239,29.469100,29.700262,29.930531,30.159678,30.387447,30.613560,30.837736,31.059713,31.279265,31.496255,
-12.121146,-12.009190,-11.896084,-11.781427,-11.664902,-11.546253,-11.425272,-11.301787,-11.175653,-11.046746,-10.914957,-10.780189,-10.642356,-10.501379,-10.357187,-10.209719,-10.058923,-9.904761,-9.747205,-9.586248,-9.421900,-9.254196,-9.083193,-8.908978,-8.731664,-8.551387,-8.368309,-8.182604,-7.994440,-7.803973,-7.611301,
367.0,0.333333
367.000000,367.333333,367.666667,368.000000,368.333333,368.666667,369.000000,369.333333,369.666667,370.000000,370.333333,370.666667,371.000000,371.333333,371.666667,372.000000,372.333333,372.666667,373.000000,373.333333,373.666667,374.000000,374.333333,374.666667,375.000000,375.333333,375.666667,376.000000,376.333333,376.666667,377.000000,
25.375872,25.597291,25.817924,26.037545,26.256007,26.473227,26.689167,26.903828,27.117236,27.329437,27.540490,27.750464,27.959431,28.167465,28.374639,28.581023,28.786680,28.991668,29.196036,29.399824,29.603061,29.805768,30.007952,30.209611,30.410733,30.611296,30.811268,31.010617,31.209306,31.407301,31.604583,
-11.697064,-11.587014,-11.475981,-11.363636,-11.249732,-11.134081,-11.016548,-10.897035,-10.775473,-10.651819,-10.526050,-10.398156,-10.268140,-10.136014,-10.001801,-9.865531,-9.727238,-9.586967,-9.444767,-9.300694,-9.154811,-9.007189,-8.857905,-8.707042,-8.554688,-8.400935,-8.245878,-8.089608,-7.932206,-7.773740,-7.614251,
368.0,0.300000
368.000000,368.300000,368.600000,368.900000,369.200000,369.500000,369.800000,370.100000,370.400000,370.700000,371.000000,371.300000,371.600000,371.900000,372.200000,372.500000,372.800000,373.100000,373.400000,373.700000,374.000000,374.300000,374.600000,374.900000,375.200000,375.500000,375.800000,376.100000,376.400000,376.700000,377.000000,
25.820739,26.018783,26.216561,26.413991,26.611014,26.807594,27.003706,27.199338,27.394484,27.589145,27.783324,27.977024,28.170246,28.362989,28.555247,28.747009,28.938255,29.128958,29.319082,29.508582,29.697402,29.885476,30.072731,30.259083,30.444441,30.628712,30.811799,30.993610,31.174062,31.353087,31.530647,
-11.472563,-11.369816,-11.266187,-11.161366,-11.055110,-10.947228,-10.837571,-10.726026,-10.612506,-10.496950,-10.379312,-10.259564,-10.137691,-10.013686,-9.887556,-9.759313,-9.628981,-9.496590,-9.362178,-9.225791,-9.087485,-8.947321,-8.805371,-8.661711,-8.516425,-8.369600,-8.221325,-8.071688,-7.920767,-7.768625,-7.615302,
369.0,0.266667
369.000000,369.266667,369.533333,369.800000,370.066667,370.333333,370.600000,370.866667,371.133333,371.400000,371.666667,371.933333,372.200000,372.466667,372.733333,373.000000,373.266667,373.533333,373.800000,374.066667,374.333333,374.600000,374.866667,375.133333,375.400000,375.666667,375.933333,376.200000,376.466667,376.733333,377.000000,
26.699632,26.872659,27.045335,27.217542,27.389191,27.560217,27.730573,27.900230,28.069171,28.237392,28.404894,28.571687,28.737789,28.903217,29.067995,29.232149,29.395706,29.558694,29.721142,29.883079,30.044532,30.205531,30.366101,30.526267,30.686052,30.845478,31.004562,31.163320,31.321764,31.479903,31.637740,
-10.999478,-10.901990,-10.803884,-10.704949,-10.605025,-10.503990,-10.401760,-10.298276,-10.193503,-10.087427,-9.980046,-9.871373,-9.761429,-9.650246,-9.537861,-9.424316,-9.309657,-9.193934,-9.077200,-8.959506,-8.840909,-8.721462,-8.601221,-8.480238,-8.358565,-8.236251,-8.113342,-7.989876,-7.865888,-7.741402,-7.616432,
370.0,0.233333
370.000000,370.233333,370.466667,370.700000,370.933333,371.166667,371.400000,371.633333,371.866667,372.100000,372.333333,372.566667,372.800000,373.033333,373.266667,373.500000,373.733333,373.966667,374.200000,374.433333,374.666667,374.900000,375.133333,375.366667,375.600000,375.833333,376.066667,376.300000,376.533333,376.766667,377.000000,
27.133597,27.284000,27.434361,27.584660,27.734876,27.884989,28.034981,28.184830,28.334516,28.484016,28.633308,28.782369,28.931172,29.079690,29.227895,29.375756,29.523239,29.670311,29.816935,29.963070,30.108678,30.253717,30.398142,30.541910,30.684978,30.827303,30.968845,31.109567,31.249439,31.388436,31.526546,
-10.751295,-10.663283,-10.574723,-10.485412,-10.395187,-10.303915,-10.211493,-10.117840,-10.022896,-9.926618,-9.828977,-9.729957,-9.629551,-9.527765,-9.424611,-9.320107,-9.214278,-9.107156,-8.998777,-8.889179,-8.778406,-8.666504,-8.553523,-8.439510,-8.324518,-8.208594,-8.091787,-7.974139,-7.855688,-7.736462,-7.616477,
371.0,0.200000
371.000000,371.200000,371.400000,371.600000,371.800000,372.000000,372.200000,372.400000,372.600000,372.800000,373.000000,373.200000,373.400000,373.600000,373.800000,374.000000,374.200000,374.400000,374.600000,374.800000,375.000000,375.200000,375.400000,375.600000,375.800000,376.000000,376.200000,376.400000,376.600000,376.800000,377.000000,
27.990511,28.117139,28.243597,28.369826,28.495775,28.621407,28.746692,28.871609,28.996145,29.120292,29.244046,29.367408,29.490384,29.612982,29.735212,29.857086,29.978620,30.099827,30.220725,30.341331,30.461662,30.581734,30.701565,30.821172,30.940569,31.059772,31.178792,31.297641,31.416328,31.534859,31.653237,
-10.232816,-10.153209,-10.073333,-9.993088,-9.912394,-9.831188,-9.749420,-9.667055,-9.584066,-9.500438,-9.416161,-9.331234,-9.245661,-9.159450,-9.072614,-8.985170,-8.897136,-8.808533,-8.719384,-8.629714,-8.539545,-8.448903,-8.357813,-8.266299,-8.174383,-8.082086,-7.989429,-7.896427,-7.803095,-7.709443,-7.615475,
