1.0,1.633333
1.000000,2.633333,4.266667,5.900000,7.533333,9.166667,10.800000,12.433333,14.066667,15.700000,17.333333,18.966667,20.600000,22.233333,23.866667,25.500000,27.133333,28.766667,30.400000,32.033333,33.666667,35.300000,36.933333,38.566667,40.200000,41.833333,43.466667,45.100000,46.733333,48.366667,50.000000,
-11.630082,-10.579209,-9.549627,-8.537975,-7.539280,-6.548743,-5.561888,-4.575132,-3.587548,-2.599089,-1.609994,-0.620563,0.368903,1.358169,2.347214,3.336081,4.324798,5.313298,6.301484,7.289268,8.276608,9.263673,10.251278,11.242184,12.239699,13.246995,14.266257,15.296582,16.327754,17.321604,18.242322,
-14.053325,-14.029377,-14.008128,-13.990670,-13.978025,-13.971106,-13.970750,-13.977673,-13.992241,-14.014657,-14.044928,-14.082569,-14.126885,-14.176994,-14.231576,-14.289143,-14.348070,-14.406461,-14.462305,-14.513506,-14.557773,-14.592699,-14.615676,-14.623542,-14.612953,-14.580520,-14.522870,-14.437300,-14.323318,-14.187130,-14.035059,
2.0,1.600000
2.000000,3.600000,5.200000,6.800000,8.400000,10.000000,11.600000,13.200000,14.800000,16.400000,18.000000,19.600000,21.200000,22.800000,24.400000,26.000000,27.600000,29.200000,30.800000,32.400000,34.000000,35.600000,37.200000,38.800000,40.400000,42.000000,43.600000,45.200000,46.800000,48.400000,50.000000,
-11.127847,-10.101405,-9.095361,-8.106533,-7.130157,-6.161658,-5.196780,-4.232114,-3.266720,-2.300498,-1.333630,-0.366386,0.600956,1.568174,2.535236,3.502160,4.468919,5.435293,6.401013,7.365833,8.329631,9.292658,10.256255,11.224970,12.204359,13.200062,14.217009,15.255652,16.302486,17.302690,18.204599,
-14.041784,-14.019217,-13.999792,-13.984537,-13.974372,-13.970078,-13.972356,-13.981785,-13.998619,-14.022955,-14.054711,-14.093353,-14.138163,-14.188244,-14.242315,-14.298942,-14.356573,-14.413426,-14.467628,-14.517227,-14.560116,-14.594071,-14.616633,-14.624695,-14.614898,-14.583692,-14.527164,-14.442015,-14.327326,-14.189367,-14.034623,
3.0,1.566667
3.000000,4.566667,6.133333,7.700000,9.266667,10.833333,12.400000,13.966667,15.533333,17.100000,18.666667,20.233333,21.800000,23.366667,24.933333,26.500000,28.066667,29.633333,31.200000,32.766667,34.333333,35.900000,37.466667,39.033333,40.600000,42.166667,43.733333,45.300000,46.866667,48.433333,50.000000,
-10.124369,-9.122267,-8.139687,-7.173631,-6.219552,-5.273098,-4.330225,-3.387693,-2.444551,-1.500645,-0.556106,0.388807,1.333817,2.278694,3.223400,4.167959,5.112416,6.056817,7.001217,7.945710,8.890492,9.835839,10.782182,11.730373,12.681192,13.634778,14.589265,15.541239,16.484287,17.403867,18.286955,
-14.019699,-14.000334,-13.984996,-13.974647,-13.970052,-13.971782,-13.980306,-13.995966,-14.018786,-14.048639,-14.085229,-14.127866,-14.175690,-14.227690,-14.282534,-14.338761,-14.394804,-14.448899,-14.499191,-14.543739,-14.580409,-14.606966,-14.621025,-14.619838,-14.600601,-14.560709,-14.498238,-14.411994,-14.302455,-14.174760,-14.033938,
4.0,1.533333
4.000000,5.533333,7.066667,8.600000,10.133333,11.666667,13.200000,14.733333,16.266667,17.800000,19.333333,20.866667,22.400000,23.933333,25.466667,27.000000,28.533333,30.066667,31.600000,33.133333,34.666667,36.200000,37.733333,39.266667,40.800000,42.333333,43.866667,45.400000,46.933333,48.466667,50.000000,
-9.623183,-8.645368,-7.686222,-6.742922,-5.811135,-4.886718,-3.965826,-3.045376,-2.124407,-1.202711,-0.280367,0.642401,1.565334,2.488215,3.410985,4.333629,5.256126,6.178367,7.100242,8.021704,8.942930,9.864347,10.786970,11.713420,12.646668,13.589181,14.541482,15.501163,16.458462,17.383184,18.247472,
-14.009511,-13.992366,-13.979499,-13.971801,-13.969932,-13.974350,-13.985411,-14.003344,-14.028090,-14.059449,-14.097065,-14.140233,-14.188090,-14.239639,-14.293603,-14.348587,-14.403108,-14.455522,-14.504105,-14.547063,-14.582433,-14.608147,-14.621954,-14.621138,-14.602855,-14.564318,-14.503045,-14.417235,-14.306929,-14.177347,-14.033700,
5.0,1.500000
5.000000,6.500000,8.000000,9.500000,11.000000,12.500000,14.000000,15.500000,17.000000,18.500000,20.000000,21.500000,23.000000,24.500000,26.000000,27.500000,29.000000,30.500000,32.000000,33.500000,35.000000,36.500000,38.000000,39.500000,41.000000,42.500000,44.000000,45.500000,47.000000,48.500000,50.000000,
-9.122386,-8.168687,-7.232818,-6.312136,-5.402519,-4.500027,-3.601007,-2.702525,-1.803606,-0.903991,-0.003707,0.897054,1.798056,2.699084,3.600044,4.500865,5.401438,6.301500,7.200780,8.099136,8.996838,9.894605,10.794149,11.699838,12.616715,13.549271,14.499607,15.465516,16.433735,17.360742,18.206232,
-14.000124,-13.985400,-13.975138,-13.970157,-13.971020,-13.978082,-13.991593,-14.011683,-14.038221,-14.070943,-14.109445,-14.153010,-14.200782,-14.251782,-14.304788,-14.358475,-14.411447,-14.462175,-14.509069,-14.550471,-14.584577,-14.609463,-14.622991,-14.622453,-14.604945,-14.567507,-14.507197,-14.421720,-14.310765,-14.179593,-14.033537,
6.0,1.466667
6.000000,7.466667,8.933333,10.400000,11.866667,13.333333,14.800000,16.266667,17.733333,19.200000,20.666667,22.133333,23.600000,25.066667,26.533333,28.000000,29.466667,30.933333,32.400000,33.866667,35.333333,36.800000,38.266667,39.733333,41.200000,42.666667,44.133333,45.600000,47.066667,48.533333,50.000000,
-8.621987,-7.692191,-6.779406,-5.881164,-4.993556,-4.112838,-3.235539,-2.358864,-1.481828,-0.604122,0.274281,1.153220,2.032474,2.911824,3.791124,4.670230,5.548930,6.426814,7.303475,8.178724,9.053045,9.927579,10.804830,11.690829,12.592510,13.516044,14.464370,15.434785,16.410479,17.336892,18.163587,
-13.991704,-13.979568,-13.972011,-13.969786,-13.973364,-13.983005,-13.998866,-14.020989,-14.049180,-14.083121,-14.122369,-14.166202,-14.213775,-14.264132,-14.316109,-14.368453,-14.419852,-14.468895,-14.514120,-14.554000,-14.586868,-14.610928,-14.624127,-14.623750,-14.606820,-14.570218,-14.510638,-14.425401,-14.313928,-14.181477,-14.033450,
7.0,1.433333
7.000000,8.433333,9.866667,11.300000,12.733333,14.166667,15.600000,17.033333,18.466667,19.900000,21.333333,22.766667,24.200000,25.633333,27.066667,28.500000,29.933333,31.366667,32.800000,34.233333,35.666667,37.100000,38.533333,39.966667,41.400000,42.833333,44.266667,45.700000,47.133333,48.566667,50.000000,
-7.622368,-6.716228,-5.826308,-4.950322,-4.084569,-3.225495,-2.369802,-1.514832,-0.659592,0.196266,1.052804,1.909868,2.767237,3.624701,4.482153,5.339522,6.196741,7.053720,7.910403,8.766839,9.623391,10.480656,11.339641,12.202360,13.070912,13.946672,14.828711,15.713696,16.593306,17.446531,18.254431,
-13.978393,-13.971709,-13.969913,-13.973666,-13.983292,-13.998888,-14.020440,-14.047822,-14.080689,-14.118589,-14.160954,-14.206984,-14.255773,-14.306324,-14.357470,-14.407969,-14.456523,-14.501733,-14.542144,-14.576232,-14.602315,-14.618614,-14.623206,-14.613830,-14.588172,-14.544075,-14.479935,-14.394805,-14.289200,-14.167387,-14.033502,
8.0,1.400000
8.000000,9.400000,10.800000,12.200000,13.600000,15.000000,16.400000,17.800000,19.200000,20.600000,22.000000,23.400000,24.800000,26.200000,27.600000,29.000000,30.400000,31.800000,33.200000,34.600000,36.000000,37.400000,38.800000,40.200000,41.600000,43.000000,44.400000,45.800000,47.200000,48.600000,50.000000,
-7.123127,-6.240494,-5.373298,-4.519422,-3.675373,-2.837782,-2.003518,-1.170046,-0.336366,0.497915,1.332903,2.168472,3.004411,3.840501,4.676578,5.512494,6.348086,7.183145,8.017509,8.851224,9.684892,10.519547,11.356953,12.200614,13.054297,13.920817,14.799886,15.687595,16.572346,17.423260,18.212371,
-13.973790,-13.970055,-13.971153,-13.977682,-13.989892,-14.007810,-14.031352,-14.060334,-14.094375,-14.132996,-14.175613,-14.221443,-14.269607,-14.319146,-14.368959,-14.417882,-14.464703,-14.508135,-14.546841,-14.579418,-14.604307,-14.619837,-14.624158,-14.614992,-14.589948,-14.546715,-14.483331,-14.398479,-14.292409,-14.169392,-14.033638,
9.0,1.366667
9.000000,10.366667,11.733333,13.100000,14.466667,15.833333,17.200000,18.566667,19.933333,21.300000,22.666667,24.033333,25.400000,26.766667,28.133333,29.500000,30.866667,32.233333,33.600000,34.966667,36.333333,37.700000,39.066667,40.433333,41.800000,43.166667,44.533333,45.900000,47.266667,48.633333,50.000000,
-6.624240,-5.764959,-4.920344,-4.088450,-3.265989,-2.449768,-1.636816,-0.824719,-0.012466,0.800376,1.613955,2.428164,3.242796,4.057613,4.872380,5.686859,6.500793,7.313873,8.125883,8.936924,9.747939,10.560496,11.377162,12.202797,13.042610,13.900528,14.776379,15.665227,16.552280,17.398572,18.168896,
-13.970730,-13.969968,-13.973935,-13.983168,-13.997851,-14.017950,-14.043325,-14.073739,-14.108785,-14.147963,-14.190683,-14.236181,-14.283608,-14.332049,-14.380468,-14.427780,-14.472861,-14.514530,-14.551564,-14.582671,-14.606397,-14.621159,-14.625159,-14.616093,-14.591492,-14.548903,-14.486090,-14.401450,-14.295032,-14.171083,-14.033840,
10.0,1.333333
10.000000,11.333333,12.666667,14.000000,15.333333,16.666667,18.000000,19.333333,20.666667,22.000000,23.333333,24.666667,26.000000,27.333333,28.666667,30.000000,31.333333,32.666667,34.000000,35.333333,36.666667,38.000000,39.333333,40.666667,42.000000,43.333333,44.666667,46.000000,47.333333,48.666667,50.000000,
-5.627427,-4.791333,-3.969165,-3.159145,-2.358186,-1.563268,-0.771574,0.019192,0.810032,1.601402,2.393477,3.186166,3.979282,4.772629,5.566077,6.359530,7.152921,7.946231,8.739494,9.532844,10.326652,11.121420,11.917799,12.716730,13.519014,14.324756,15.132182,15.938023,16.736564,17.516516,18.268061,
-13.969676,-13.975050,-13.985064,-14.000156,-14.020397,-14.045637,-14.075622,-14.110005,-14.148288,-14.189897,-14.234178,-14.280335,-14.327505,-14.374766,-14.421101,-14.465443,-14.506686,-14.543649,-14.575106,-14.599763,-14.616182,-14.622849,-14.618162,-14.600357,-14.567701,-14.518717,-14.452639,-14.369311,-14.269637,-14.156969,-14.034425,
11.0,1.300000
11.000000,12.300000,13.600000,14.900000,16.200000,17.500000,18.800000,20.100000,21.400000,22.700000,24.000000,25.300000,26.600000,27.900000,29.200000,30.500000,31.800000,33.100000,34.400000,35.700000,37.000000,38.300000,39.600000,40.900000,42.200000,43.500000,44.800000,46.100000,47.400000,48.700000,50.000000,
-5.129440,-4.316304,-3.516353,-2.727969,-1.948266,-1.174393,-0.403682,0.366056,1.135823,1.906108,2.677119,3.448779,4.220903,4.993274,5.765699,6.538000,7.310030,8.081700,8.853012,9.624176,10.395889,11.169153,11.945346,12.726613,13.515019,14.311628,15.114745,15.920154,16.719236,17.493355,18.226117,
-13.971866,-13.980169,-13.992880,-14.010385,-14.032707,-14.059662,-14.090959,-14.126229,-14.164967,-14.206598,-14.250481,-14.295854,-14.341893,-14.387729,-14.432413,-14.474957,-14.514337,-14.549474,-14.579241,-14.602445,-14.617742,-14.623694,-14.618746,-14.601102,-14.568953,-14.520684,-14.455250,-14.372209,-14.272257,-14.158733,-14.034794,
12.0,1.266667
12.000000,13.266667,14.533333,15.800000,17.066667,18.333333,19.600000,20.866667,22.133333,23.400000,24.666667,25.933333,27.200000,28.466667,29.733333,31.000000,32.266667,33.533333,34.800000,36.066667,37.333333,38.600000,39.866667,41.133333,42.400000,43.666667,44.933333,46.200000,47.466667,48.733333,50.000000,
-4.631687,-3.841130,-3.063029,-2.295926,-1.537128,-0.783950,-0.033866,0.715206,1.464268,2.213835,2.964138,3.715111,4.466559,5.218236,5.969885,6.721253,7.472127,8.222390,8.972072,9.721518,10.471801,11.224452,11.981536,12.746169,13.521365,14.308798,15.106484,15.909054,16.705297,17.471027,18.185007,
-13.975964,-13.987093,-14.002371,-14.022135,-14.046370,-14.074860,-14.107292,-14.143276,-14.182307,-14.223815,-14.267176,-14.311660,-14.356488,-14.400841,-14.443840,-14.484570,-14.522090,-14.555411,-14.583499,-14.605247,-14.619386,-14.624537,-14.619176,-14.601483,-14.569584,-14.521763,-14.456782,-14.374003,-14.273977,-14.159995,-14.035204,
13.0,1.233333
13.000000,14.233333,15.466667,16.700000,17.933333,19.166667,20.400000,21.633333,22.866667,24.100000,25.333333,26.566667,27.800000,29.033333,30.266667,31.500000,32.733333,33.966667,35.200000,36.433333,37.666667,38.900000,40.133333,41.366667,42.600000,43.833333,45.066667,46.300000,47.533333,48.766667,50.000000,
-4.134130,-3.365732,-2.609076,-1.862855,-1.124569,-0.391691,0.338165,1.066979,1.795744,2.524994,3.254979,3.985629,4.716735,5.448021,6.179166,6.909856,7.639836,8.369009,9.097490,9.825810,10.555449,11.288455,12.027507,12.776445,13.538919,14.316880,15.107791,15.905028,16.695166,17.450102,18.145300,
-13.982021,-13.995849,-14.013544,-14.035401,-14.061369,-14.091213,-14.124599,-14.161125,-14.200289,-14.241534,-14.284251,-14.327748,-14.371289,-14.414108,-14.455390,-14.494296,-14.529959,-14.561472,-14.587882,-14.608155,-14.621081,-14.625325,-14.619385,-14.601421,-14.569521,-14.521899,-14.457205,-14.374684,-14.274794,-14.160751,-14.035645,
14.0,1.200000
14.000000,15.200000,16.400000,17.600000,18.800000,20.000000,21.200000,22.400000,23.600000,24.800000,26.000000,27.200000,28.400000,29.600000,30.800000,32.000000,33.200000,34.400000,35.600000,36.800000,38.000000,39.200000,40.400000,41.600000,42.800000,44.000000,45.200000,46.400000,47.600000,48.800000,50.000000,
-3.139440,-2.392860,-1.657324,-0.931674,-0.213604,0.499248,1.209121,1.917884,2.626510,3.335544,4.045268,4.755673,5.466630,6.177975,6.889572,7.601304,8.313103,9.024986,9.737039,10.449422,11.162456,11.876512,12.591959,13.309097,14.027984,14.748099,15.467575,16.183627,16.892303,17.587418,18.263844,
-14.000132,-14.019523,-14.042360,-14.068851,-14.098879,-14.132149,-14.168278,-14.206819,-14.247240,-14.288961,-14.331361,-14.373752,-14.415408,-14.455573,-14.493444,-14.528188,-14.558940,-14.584775,-14.604725,-14.617766,-14.622768,-14.618548,-14.603906,-14.577629,-14.538607,-14.486015,-14.419706,-14.340034,-14.248050,-14.146184,-14.036589,
15.0,1.166667
15.000000,16.166667,17.333333,18.500000,19.666667,20.833333,22.000000,23.166667,24.333333,25.500000,26.666667,27.833333,29.000000,30.166667,31.333333,32.500000,33.666667,34.833333,36.000000,37.166667,38.333333,39.500000,40.666667,41.833333,43.000000,44.166667,45.333333,46.500000,47.666667,48.833333,50.000000,
-2.642225,-1.917063,-1.202253,-0.496780,0.201479,0.894726,1.585069,2.274275,2.963300,3.652700,4.342769,5.033502,5.724766,6.416381,7.108168,7.799975,8.491703,9.183391,9.875183,10.567382,11.260605,11.955615,12.653252,13.354409,14.059686,14.768839,15.479647,16.188393,16.889318,17.572688,18.230332,
-14.012202,-14.033837,-14.058584,-14.086613,-14.117790,-14.151813,-14.188299,-14.226805,-14.266815,-14.307772,-14.349083,-14.390099,-14.430142,-14.468508,-14.504453,-14.537209,-14.565976,-14.589901,-14.608086,-14.619574,-14.623290,-14.618103,-14.602842,-14.576292,-14.537315,-14.485033,-14.419174,-14.339964,-14.248342,-14.146675,-14.037072,
16.0,1.133333
16.000000,17.133333,18.266667,19.400000,20.533333,21.666667,22.800000,23.933333,25.066667,26.200000,27.333333,28.466667,29.600000,30.733333,31.866667,33.000000,34.133333,35.266667,36.400000,37.533333,38.666667,39.800000,40.933333,42.066667,43.200000,44.333333,45.466667,46.600000,47.733333,48.866667,50.000000,
-2.145038,-1.441018,-0.746671,-0.061117,0.617586,1.291487,1.962559,2.632469,3.302149,3.972157,4.642794,5.314053,5.985795,6.657825,7.329938,8.001959,8.673792,9.345525,10.017404,10.689900,11.363926,12.040603,12.721165,13.406926,14.098819,14.796673,15.497801,16.197562,16.888671,17.558814,18.197676,
-14.026261,-14.049922,-14.076357,-14.105702,-14.137807,-14.172371,-14.209013,-14.247300,-14.286735,-14.326786,-14.366890,-14.406440,-14.444802,-14.481324,-14.515320,-14.546082,-14.572872,-14.594900,-14.611328,-14.621255,-14.623656,-14.617438,-14.601458,-14.574504,-14.535429,-14.483323,-14.417837,-14.339111,-14.248006,-14.146804,-14.037551,
17.0,1.100000
17.000000,18.100000,19.200000,20.300000,21.400000,22.500000,23.600000,24.700000,25.800000,26.900000,28.000000,29.100000,30.200000,31.300000,32.400000,33.500000,34.600000,35.700000,36.800000,37.900000,39.000000,40.100000,41.200000,42.300000,43.400000,44.500000,45.600000,46.700000,47.800000,48.900000,50.000000,
-1.647839,-0.964768,-0.290705,0.375105,1.034425,1.689153,2.341127,2.991913,3.642412,4.293176,4.944503,5.596384,6.248673,6.901166,7.553649,8.205946,8.857988,9.509952,10.162214,10.815434,11.470810,12.129786,12.793913,13.464778,14.143466,14.829728,15.520336,16.209755,16.889420,17.545180,18.165260,
-14.042271,-14.067722,-14.095608,-14.126033,-14.158838,-14.193723,-14.230317,-14.268198,-14.306893,-14.345896,-14.384677,-14.422670,-14.459288,-14.493926,-14.525956,-14.554726,-14.579555,-14.599706,-14.614396,-14.622770,-14.623843,-14.616556,-14.599788,-14.572340,-14.533065,-14.481041,-14.415875,-14.337656,-14.247184,-14.146649,-14.038017,
18.0,1.066667
18.000000,19.066667,20.133333,21.200000,22.266667,23.333333,24.400000,25.466667,26.533333,27.600000,28.666667,29.733333,30.800000,31.866667,32.933333,34.000000,35.066667,36.133333,37.200000,38.266667,39.333333,40.400000,41.466667,42.533333,43.600000,44.666667,45.733333,46.800000,47.866667,48.933333,50.000000,
-0.653233,0.008973,0.663008,1.309575,1.950303,2.586909,3.221006,3.853855,4.485910,5.117166,5.747231,6.375191,6.999969,7.620590,8.236511,8.847515,9.453801,10.056301,10.656366,11.255684,11.856395,12.460853,13.071509,13.690851,14.320854,14.962138,15.612355,16.266691,16.916961,17.548789,18.150092,
-14.079900,-14.109142,-14.140278,-14.173332,-14.208102,-14.244261,-14.281417,-14.319131,-14.356912,-14.394243,-14.430592,-14.465410,-14.498147,-14.528263,-14.555254,-14.578626,-14.597876,-14.612477,-14.621857,-14.625369,-14.622204,-14.611455,-14.592121,-14.563060,-14.523142,-14.471415,-14.407362,-14.330917,-14.242714,-14.144758,-14.038874,
19.0,1.033333
19.000000,20.033333,21.066667,22.100000,23.133333,24.166667,25.200000,26.233333,27.266667,28.300000,29.333333,30.366667,31.400000,32.433333,33.466667,34.500000,35.533333,36.566667,37.600000,38.633333,39.666667,40.700000,41.733333,42.766667,43.800000,44.833333,45.866667,46.900000,47.933333,48.966667,50.000000,
-0.155746,0.485484,1.118989,1.745277,2.365763,2.982037,3.595673,4.208042,4.820005,5.432141,6.044819,6.658156,7.272150,7.886749,8.501879,9.117470,9.733466,10.349851,10.966623,11.583764,12.201221,12.818873,13.436480,14.053558,14.669434,15.283199,15.893536,16.498962,17.097980,17.689221,18.271739,
-14.101350,-14.131625,-14.163448,-14.196817,-14.231540,-14.267314,-14.303781,-14.340544,-14.377164,-14.413178,-14.448102,-14.481424,-14.512611,-14.541111,-14.566340,-14.587689,-14.604524,-14.616163,-14.621894,-14.620985,-14.612671,-14.596200,-14.570875,-14.536137,-14.491582,-14.437070,-14.372964,-14.299955,-14.219052,-14.131747,-14.039249,
20.0,1.000000
20.000000,21.000000,22.000000,23.000000,24.000000,25.000000,26.000000,27.000000,28.000000,29.000000,30.000000,31.000000,32.000000,33.000000,34.000000,35.000000,36.000000,37.000000,38.000000,39.000000,40.000000,41.000000,42.000000,43.000000,44.000000,45.000000,46.000000,47.000000,48.000000,49.000000,50.000000,
0.341912,0.962200,1.575383,2.181862,2.782893,3.379916,3.974379,4.567551,5.160250,5.753039,6.346278,6.940085,7.534462,8.129357,8.724701,9.320437,9.916545,10.513091,11.110193,11.708007,12.306742,12.906583,13.507602,14.109618,14.712166,15.314319,15.914283,16.509725,17.097824,17.675084,18.238815,
-14.124414,-14.155442,-14.187698,-14.221155,-14.255620,-14.290806,-14.326377,-14.361960,-14.397148,-14.431514,-14.464610,-14.495966,-14.525092,-14.551482,-14.574601,-14.593891,-14.608767,-14.618598,-14.622721,-14.620449,-14.611056,-14.593819,-14.568059,-14.533207,-14.488831,-14.434741,-14.371211,-14.298829,-14.218518,-14.131711,-14.039579,
21.0,0.966667
21.000000,21.966667,22.933333,23.900000,24.866667,25.833333,26.800000,27.766667,28.733333,29.700000,30.666667,31.633333,32.600000,33.566667,34.533333,35.500000,36.466667,37.433333,38.400000,39.366667,40.333333,41.300000,42.266667,43.233333,44.200000,45.166667,46.133333,47.100000,48.066667,49.033333,50.000000,
0.839779,1.439012,2.031745,2.618279,3.199714,3.777346,4.352489,4.926307,5.499570,6.072816,6.646390,7.220415,7.794898,8.369801,8.945082,9.520722,10.096767,10.673398,11.250882,11.829569,12.409925,12.992411,13.577359,14.164798,14.754353,15.344974,15.934337,16.519262,17.095723,17.658471,18.203415,
-14.148964,-14.180447,-14.212855,-14.246137,-14.280101,-14.314480,-14.348958,-14.383193,-14.416809,-14.449415,-14.480601,-14.509939,-14.536982,-14.561269,-14.582311,-14.599597,-14.612587,-14.620695,-14.623301,-14.619753,-14.609357,-14.591411,-14.565247,-14.530284,-14.486066,-14.432361,-14.369365,-14.297585,-14.217866,-14.131581,-14.039858,
22.0,0.933333
22.000000,22.933333,23.866667,24.800000,25.733333,26.666667,27.600000,28.533333,29.466667,30.400000,31.333333,32.266667,33.200000,34.133333,35.066667,36.000000,36.933333,37.866667,38.800000,39.733333,40.666667,41.600000,42.533333,43.466667,44.400000,45.333333,46.266667,47.200000,48.133333,49.066667,50.000000,
1.836259,2.413060,2.981903,3.542319,4.094790,4.640307,5.180092,5.715419,6.247451,6.777235,7.305643,7.833239,8.360412,8.887440,9.414501,9.941764,10.469478,10.998091,11.528221,12.060679,12.596595,13.137202,13.683658,14.236847,14.797108,15.363729,15.933980,16.503613,17.066695,17.614708,18.140865,
-14.201916,-14.234554,-14.267446,-14.300444,-14.333330,-14.365856,-14.397760,-14.428772,-14.458618,-14.487020,-14.513692,-14.538331,-14.560620,-14.580227,-14.596787,-14.609912,-14.619179,-14.624102,-14.624148,-14.618731,-14.607176,-14.588769,-14.562781,-14.528497,-14.485281,-14.432693,-14.370674,-14.299494,-14.219829,-14.133029,-14.040244,
23.0,0.900000
23.000000,23.900000,24.800000,25.700000,26.600000,27.500000,28.400000,29.300000,30.200000,31.100000,32.000000,32.900000,33.800000,34.700000,35.600000,36.500000,37.400000,38.300000,39.200000,40.100000,41.000000,41.900000,42.800000,43.700000,44.600000,45.500000,46.400000,47.300000,48.200000,49.100000,50.000000,
2.334926,2.890424,3.438625,3.979059,4.512135,5.038734,5.559951,6.076932,6.590723,7.102270,7.612367,8.121550,8.630216,9.138674,9.647179,10.155999,10.665503,11.176276,11.689072,12.204827,12.724750,13.250103,13.782002,14.321169,14.867687,15.420513,15.976522,16.531058,17.077855,17.608316,18.115682,
-14.229975,-14.262216,-14.294468,-14.326569,-14.358313,-14.389478,-14.419829,-14.449128,-14.477131,-14.503591,-14.528252,-14.550841,-14.571072,-14.588641,-14.603211,-14.614419,-14.621864,-14.625080,-14.623555,-14.616722,-14.603928,-14.584487,-14.557701,-14.522892,-14.479469,-14.427025,-14.365523,-14.295233,-14.216803,-14.131487,-14.040343,
24.0,0.866667
24.000000,24.866667,25.733333,26.600000,27.466667,28.333333,29.200000,30.066667,30.933333,31.800000,32.666667,33.533333,34.400000,35.266667,36.133333,37.000000,37.866667,38.733333,39.600000,40.466667,41.333333,42.200000,43.066667,43.933333,44.800000,45.666667,46.533333,47.400000,48.266667,49.133333,50.000000,
2.833910,3.369180,3.899481,4.424427,4.944171,5.459057,5.969525,6.476037,6.979027,7.478918,7.976142,8.471160,8.964451,9.456510,9.947846,10.439010,10.930635,11.423506,11.918516,12.416666,12.919102,13.426943,13.941098,14.462009,14.989483,15.522285,16.057346,16.590268,17.115343,17.625072,18.113645,
-14.258832,-14.290463,-14.321985,-14.353221,-14.383962,-14.413974,-14.443013,-14.470832,-14.497184,-14.521821,-14.544495,-14.564954,-14.582940,-14.598180,-14.610370,-14.619178,-14.624234,-14.625107,-14.621320,-14.612344,-14.597587,-14.576424,-14.548238,-14.512449,-14.468567,-14.416284,-14.355628,-14.286904,-14.210740,-14.128254,-14.040376,
25.0,0.833333
25.000000,25.833333,26.666667,27.500000,28.333333,29.166667,30.000000,30.833333,31.666667,32.500000,33.333333,34.166667,35.000000,35.833333,36.666667,37.500000,38.333333,39.166667,40.000000,40.833333,41.666667,42.500000,43.333333,44.166667,45.000000,45.833333,46.666667,47.500000,48.333333,49.166667,50.000000,
3.333225,3.847155,4.357070,4.862777,5.364545,5.862774,6.357890,6.850249,7.340016,7.827262,8.312034,8.794411,9.274537,9.752672,10.229285,10.704997,11.180571,11.656955,12.135204,12.616445,13.101853,13.592514,14.089241,14.592303,15.101316,15.614904,16.130021,16.642440,17.146837,17.636492,18.106272,
-14.288278,-14.318970,-14.349384,-14.379340,-14.408641,-14.437076,-14.464427,-14.490468,-14.514965,-14.537680,-14.558369,-14.576788,-14.592683,-14.605791,-14.615824,-14.622470,-14.625384,-14.624164,-14.618367,-14.607508,-14.591044,-14.568416,-14.539077,-14.502528,-14.458364,-14.406353,-14.346569,-14.279334,-14.205248,-14.125311,-14.040342,
26.0,0.800000
26.000000,26.800000,27.600000,28.400000,29.200000,30.000000,30.800000,31.600000,32.400000,33.200000,34.000000,34.800000,35.600000,36.400000,37.200000,38.000000,38.800000,39.600000,40.400000,41.200000,42.000000,42.800000,43.600000,44.400000,45.200000,46.000000,46.800000,47.600000,48.400000,49.200000,50.000000,
4.332899,4.823963,5.309512,5.789087,6.262924,6.731636,7.196029,7.656971,8.115288,8.571745,9.027014,9.481609,9.935941,10.390342,10.845055,11.300283,11.756212,12.213038,12.670961,13.130188,13.590931,14.053369,14.517590,14.983513,15.450858,15.919051,16.387033,16.853416,17.316519,17.774320,18.225303,
-14.348016,-14.377293,-14.405846,-14.433445,-14.459898,-14.485029,-14.508676,-14.530673,-14.550846,-14.569013,-14.584977,-14.598521,-14.609409,-14.617386,-14.622170,-14.623458,-14.620929,-14.614234,-14.603016,-14.586912,-14.565567,-14.538650,-14.505882,-14.467078,-14.422155,-14.371172,-14.314409,-14.252302,-14.185421,-14.114493,-14.040075,
27.0,0.766667
27.000000,27.766667,28.533333,29.300000,30.066667,30.833333,31.600000,32.366667,33.133333,33.900000,34.666667,35.433333,36.200000,36.966667,37.733333,38.500000,39.266667,40.033333,40.800000,41.566667,42.333333,43.100000,43.866667,44.633333,45.400000,46.166667,46.933333,47.700000,48.466667,49.233333,50.000000,
4.833268,5.302864,5.767497,6.226705,6.680653,7.129856,7.575010,8.016880,8.456203,8.893675,9.329920,9.765444,10.200674,10.635982,11.071683,11.508071,11.945436,12.384090,12.824350,13.266532,13.710932,14.157780,14.607165,15.058925,15.512616,15.967412,16.421872,16.874148,17.322053,17.763040,18.195227,
-14.377819,-14.405440,-14.432234,-14.457960,-14.482434,-14.505498,-14.527007,-14.546819,-14.564785,-14.580746,-14.594531,-14.605945,-14.614777,-14.620795,-14.623740,-14.623331,-14.619267,-14.611221,-14.598854,-14.581821,-14.559783,-14.532424,-14.499472,-14.460746,-14.416158,-14.365751,-14.309778,-14.248633,-14.182841,-14.113074,-14.039845,
28.0,0.733333
28.000000,28.733333,29.466667,30.200000,30.933333,31.666667,32.400000,33.133333,33.866667,34.600000,35.333333,36.066667,36.800000,37.533333,38.266667,39.000000,39.733333,40.466667,41.200000,41.933333,42.666667,43.400000,44.133333,44.866667,45.600000,46.333333,47.066667,47.800000,48.533333,49.266667,50.000000,
5.333990,5.782069,6.225691,6.664392,7.098272,7.527754,7.953435,8.375987,8.796074,9.214335,9.631364,10.047670,10.463713,10.879916,11.296675,11.714376,12.133411,12.554195,12.977143,13.402646,13.831045,14.262573,14.697270,15.134852,15.574688,16.015690,16.456084,16.893639,17.325779,17.749602,18.162993,
-14.407228,-14.432998,-14.457867,-14.481590,-14.503988,-14.524917,-14.544249,-14.561862,-14.577629,-14.591413,-14.603063,-14.612407,-14.619253,-14.623391,-14.624579,-14.622555,-14.617036,-14.607711,-14.594258,-14.576348,-14.553657,-14.525881,-14.492762,-14.454120,-14.409870,-14.360046,-14.304875,-14.244718,-14.180059,-14.111514,-14.039554,
29.0,0.700000
29.000000,29.700000,30.400000,31.100000,31.800000,32.500000,33.200000,33.900000,34.600000,35.300000,36.000000,36.700000,37.400000,38.100000,38.800000,39.500000,40.200000,40.900000,41.600000,42.300000,43.000000,43.700000,44.400000,45.100000,45.800000,46.500000,47.200000,47.900000,48.600000,49.300000,50.000000,
5.835057,6.261580,6.684099,7.102148,7.515773,7.925317,8.331294,8.734298,9.134937,9.533812,9.931502,10.328535,10.725412,11.122615,11.520621,11.919905,12.320948,12.724246,13.130279,13.539481,13.952190,14.368596,14.788652,15.211920,15.637565,16.064257,16.489940,16.912094,17.327873,17.734174,18.128770,
-14.435968,-14.459719,-14.482527,-14.504144,-14.524396,-14.543149,-14.560293,-14.575720,-14.589320,-14.600975,-14.610552,-14.617896,-14.622835,-14.625171,-14.624680,-14.621115,-14.614206,-14.603660,-14.589167,-14.570415,-14.547094,-14.518915,-14.485635,-14.447083,-14.403176,-14.353949,-14.299607,-14.240484,-14.177025,-14.109790,-14.039207,
30.0,0.666667
30.000000,30.666667,31.333333,32.000000,32.666667,33.333333,34.000000,34.666667,35.333333,36.000000,36.666667,37.333333,38.000000,38.666667,39.333333,40.000000,40.666667,41.333333,42.000000,42.666667,43.333333,44.000000,44.666667,45.333333,46.000000,46.666667,47.333333,48.000000,48.666667,49.333333,50.000000,
6.838167,7.243245,7.644880,8.042672,8.436666,8.827173,9.214651,9.599623,9.982609,10.364106,10.744557,11.124320,11.503681,11.882855,12.261975,12.641116,13.020302,13.399511,13.778687,14.157760,14.536643,14.915251,15.293508,15.671355,16.048761,16.425720,16.802271,17.178484,17.554452,17.930288,18.306081,
-14.490296,-14.510663,-14.529946,-14.547860,-14.564203,-14.578825,-14.591602,-14.602421,-14.611168,-14.617725,-14.621967,-14.623753,-14.622932,-14.619345,-14.612821,-14.603189,-14.590278,-14.573923,-14.553975,-14.530308,-14.502832,-14.471501,-14.436315,-14.397353,-14.354754,-14.308727,-14.259565,-14.207607,-14.153209,-14.096718,-14.038368,
31.0,0.633333
31.000000,31.633333,32.266667,32.900000,33.533333,34.166667,34.800000,35.433333,36.066667,36.700000,37.333333,37.966667,38.600000,39.233333,39.866667,40.500000,41.133333,41.766667,42.400000,43.033333,43.666667,44.300000,44.933333,45.566667,46.200000,46.833333,47.466667,48.100000,48.733333,49.366667,50.000000,
7.340165,7.723638,8.104076,8.481086,8.854667,9.225061,9.592647,9.957875,10.321207,10.683095,11.043960,11.404164,11.764018,12.123785,12.483670,12.843831,13.204391,13.565430,13.926998,14.289111,14.651750,15.014862,15.378351,15.742068,16.105812,16.469327,16.832282,17.194304,17.555002,17.913983,18.270980,
-14.515285,-14.533215,-14.550083,-14.565607,-14.579590,-14.591888,-14.602384,-14.610976,-14.617564,-14.622044,-14.624308,-14.624231,-14.621683,-14.616523,-14.608600,-14.597760,-14.583847,-14.566713,-14.546218,-14.522241,-14.494693,-14.463520,-14.428711,-14.390321,-14.348460,-14.303303,-14.255101,-14.204151,-14.150771,-14.095277,-14.037887,
32.0,0.600000
32.000000,32.600000,33.200000,33.800000,34.400000,35.000000,35.600000,36.200000,36.800000,37.400000,38.000000,38.600000,39.200000,39.800000,40.400000,41.000000,41.600000,42.200000,42.800000,43.400000,44.000000,44.600000,45.200000,45.800000,46.400000,47.000000,47.600000,48.200000,48.800000,49.400000,50.000000,
7.842417,8.204971,8.565935,8.925152,9.282683,9.638712,9.993488,10.347281,10.700337,11.052874,11.405069,11.757043,12.108864,12.460555,12.812082,13.163371,13.514314,13.864767,14.214567,14.563541,14.911519,15.258341,15.603881,15.948061,16.290861,16.632331,16.972624,17.311961,17.650619,17.988929,18.327130,
-14.538415,-14.553864,-14.568307,-14.581454,-14.593091,-14.603054,-14.611205,-14.617422,-14.621590,-14.623594,-14.623320,-14.620647,-14.615457,-14.607628,-14.597043,-14.583591,-14.567169,-14.547695,-14.525105,-14.499364,-14.470473,-14.438472,-14.403440,-14.365510,-14.324860,-14.281704,-14.236300,-14.188921,-14.139834,-14.089270,-14.037376,
33.0,0.566667
33.000000,33.566667,34.133333,34.700000,35.266667,35.833333,36.400000,36.966667,37.533333,38.100000,38.666667,39.233333,39.800000,40.366667,40.933333,41.500000,42.066667,42.633333,43.200000,43.766667,44.333333,44.900000,45.466667,46.033333,46.600000,47.166667,47.733333,48.300000,48.866667,49.433333,50.000000,
8.344885,8.685848,9.025420,9.363435,9.699919,10.035013,10.368923,10.701884,11.034127,11.365869,11.697306,12.028597,12.359868,12.691213,13.022687,13.354316,13.686093,14.017977,14.349903,14.681775,15.013470,15.344839,15.675712,16.005892,16.335165,16.663309,16.990092,17.315288,17.638695,17.960150,18.279556,
-14.559371,-14.572295,-14.584260,-14.594989,-14.604274,-14.611960,-14.617917,-14.622036,-14.624213,-14.624348,-14.622343,-14.618094,-14.611498,-14.602451,-14.590849,-14.576592,-14.559588,-14.539758,-14.517037,-14.491381,-14.462780,-14.431249,-14.396842,-14.359656,-14.319829,-14.277535,-14.232990,-14.186428,-14.138086,-14.088177,-14.036843,
34.0,0.533333
34.000000,34.533333,35.066667,35.600000,36.133333,36.666667,37.200000,37.733333,38.266667,38.800000,39.333333,39.866667,40.400000,40.933333,41.466667,42.000000,42.533333,43.066667,43.600000,44.133333,44.666667,45.200000,45.733333,46.266667,46.800000,47.333333,47.866667,48.400000,48.933333,49.466667,50.000000,
8.847527,9.166984,9.485207,9.802034,10.117474,10.431648,10.744740,11.056974,11.368581,11.679792,11.990827,12.301886,12.613145,12.924758,13.236847,13.549503,13.862788,14.176720,14.491281,14.806403,15.121963,15.437783,15.753621,16.069159,16.384015,16.697746,17.009843,17.319770,17.627006,17.931080,18.231691,
-14.577832,-14.588247,-14.597772,-14.606142,-14.613159,-14.618671,-14.622558,-14.624714,-14.625044,-14.623459,-14.619867,-14.614179,-14.606302,-14.596143,-14.583609,-14.568609,-14.551058,-14.530881,-14.508014,-14.482411,-14.454053,-14.422943,-14.389117,-14.352650,-14.313652,-14.272267,-14.228680,-14.183093,-14.135715,-14.086740,-14.036295,
35.0,0.500000
35.000000,35.500000,36.000000,36.500000,37.000000,37.500000,38.000000,38.500000,39.000000,39.500000,40.000000,40.500000,41.000000,41.500000,42.000000,42.500000,43.000000,43.500000,44.000000,44.500000,45.000000,45.500000,46.000000,46.500000,47.000000,47.500000,48.000000,48.500000,49.000000,49.500000,50.000000,
9.853119,10.151480,10.449092,10.745813,11.041584,11.336401,11.630290,11.923287,12.215422,12.506714,12.797166,13.086754,13.375438,13.663157,13.949833,14.235380,14.519712,14.802749,15.084431,15.364730,15.643667,15.921316,16.197823,16.473426,16.748444,17.023284,17.298451,17.574502,17.852000,18.131479,18.413291,
-14.605972,-14.611866,-14.616797,-14.620477,-14.622699,-14.623311,-14.622198,-14.619272,-14.614465,-14.607718,-14.598986,-14.588231,-14.575422,-14.560538,-14.543566,-14.524507,-14.503373,-14.480191,-14.455007,-14.427882,-14.398900,-14.368162,-14.335787,-14.301911,-14.266686,-14.230264,-14.192804,-14.154455,-14.115346,-14.075574,-14.035193,
36.0,0.466667
36.000000,36.466667,36.933333,37.400000,37.866667,38.333333,38.800000,39.266667,39.733333,40.200000,40.666667,41.133333,41.600000,42.066667,42.533333,43.000000,43.466667,43.933333,44.400000,44.866667,45.333333,45.800000,46.266667,46.733333,47.200000,47.666667,48.133333,48.600000,49.066667,49.533333,50.000000,
10.355949,10.633074,10.909538,11.185203,11.460008,11.733944,12.007030,12.279305,12.550808,12.821581,13.091655,13.361051,13.629780,13.897842,14.165225,14.431911,14.697882,14.963117,15.227604,15.491343,15.754353,16.016676,16.278382,16.539582,16.800416,17.061063,17.321739,17.582678,17.844117,18.106273,18.369292,
-14.614999,-14.618480,-14.621088,-14.622557,-14.622694,-14.621356,-14.618436,-14.613856,-14.607552,-14.599478,-14.589594,-14.577871,-14.564286,-14.548823,-14.531476,-14.512245,-14.491140,-14.468185,-14.443413,-14.416873,-14.388627,-14.358754,-14.327346,-14.294507,-14.260357,-14.225019,-14.188621,-14.151287,-14.113129,-14.074235,-14.034658,
37.0,0.433333
37.000000,37.433333,37.866667,38.300000,38.733333,39.166667,39.600000,40.033333,40.466667,40.900000,41.333333,41.766667,42.200000,42.633333,43.066667,43.500000,43.933333,44.366667,44.800000,45.233333,45.666667,46.100000,46.533333,46.966667,47.400000,47.833333,48.266667,48.700000,49.133333,49.566667,50.000000,
10.858713,11.115247,11.371895,11.628650,11.885482,12.142336,12.399146,12.655833,12.912309,13.168481,13.424252,13.679524,13.934198,14.188177,14.441369,14.693690,14.945068,15.195442,15.444772,15.693039,15.940254,16.186458,16.431723,16.676165,16.919935,17.163220,17.406244,17.649246,17.892464,18.136116,18.380343,
-14.620226,-14.621405,-14.621749,-14.620999,-14.618969,-14.615521,-14.610557,-14.604005,-14.595817,-14.585958,-14.574406,-14.561149,-14.546186,-14.529522,-14.511170,-14.491155,-14.469505,-14.446265,-14.421484,-14.395223,-14.367556,-14.338564,-14.308337,-14.276977,-14.244586,-14.211271,-14.177138,-14.142284,-14.106795,-14.070736,-14.034144,
38.0,0.400000
38.000000,38.400000,38.800000,39.200000,39.600000,40.000000,40.400000,40.800000,41.200000,41.600000,42.000000,42.400000,42.800000,43.200000,43.600000,44.000000,44.400000,44.800000,45.200000,45.600000,46.000000,46.400000,46.800000,47.200000,47.600000,48.000000,48.400000,48.800000,49.200000,49.600000,50.000000,
11.361334,11.596969,11.832654,12.068389,12.304160,12.539945,12.775716,13.011437,13.247070,13.482572,13.717900,13.953005,14.187842,14.422362,14.656516,14.890257,15.123540,15.356322,15.588565,15.820233,16.051301,16.281747,16.511559,16.740738,16.969291,17.197237,17.424607,17.651436,17.877766,18.103635,18.329072,
-14.621327,-14.620423,-14.618788,-14.616190,-14.612458,-14.607465,-14.601118,-14.593352,-14.584120,-14.573389,-14.561139,-14.547361,-14.532051,-14.515214,-14.496862,-14.477014,-14.455695,-14.432938,-14.408782,-14.383276,-14.356476,-14.328445,-14.299255,-14.268984,-14.237714,-14.205531,-14.172520,-14.138763,-14.104334,-14.069288,-14.033660,
39.0,0.366667
39.000000,39.366667,39.733333,40.100000,40.466667,40.833333,41.200000,41.566667,41.933333,42.300000,42.666667,43.033333,43.400000,43.766667,44.133333,44.500000,44.866667,45.233333,45.600000,45.966667,46.333333,46.700000,47.066667,47.433333,47.800000,48.166667,48.533333,48.900000,49.266667,49.633333,50.000000,
11.863730,12.078755,12.293841,12.509005,12.724258,12.939604,13.155046,13.370578,13.586194,13.801883,14.017629,14.233415,14.449218,14.665010,14.880760,15.096429,15.311976,15.527350,15.742498,15.957358,16.171864,16.385941,16.599511,16.812493,17.024800,17.236346,17.447046,17.656820,17.865599,18.073328,18.279975,
-14.617979,-14.615203,-14.611798,-14.607556,-14.602323,-14.595981,-14.588443,-14.579645,-14.569541,-14.558101,-14.545303,-14.531136,-14.515597,-14.498690,-14.480423,-14.460812,-14.439879,-14.417650,-14.394158,-14.369443,-14.343551,-14.316533,-14.288448,-14.259358,-14.229330,-14.198435,-14.166743,-14.134322,-14.101231,-14.067520,-14.033216,
40.0,0.333333
40.000000,40.333333,40.666667,41.000000,41.333333,41.666667,42.000000,42.333333,42.666667,43.000000,43.333333,43.666667,44.000000,44.333333,44.666667,45.000000,45.333333,45.666667,46.000000,46.333333,46.666667,47.000000,47.333333,47.666667,48.000000,48.333333,48.666667,49.000000,49.333333,49.666667,50.000000,
12.867495,13.061953,13.256180,13.450074,13.643544,13.836504,14.028878,14.220594,14.411591,14.601813,14.791215,14.979761,15.167429,15.354207,15.540099,15.725127,15.909327,16.092761,16.275509,16.457673,16.639381,16.820787,17.002063,17.183407,17.365035,17.547175,17.730063,17.913926,18.098972,18.285372,18.473228,
-14.596657,-14.590170,-14.583083,-14.575209,-14.566411,-14.556601,-14.545720,-14.533736,-14.520641,-14.506441,-14.491155,-14.474814,-14.457454,-14.439122,-14.419867,-14.399742,-14.378805,-14.357114,-14.334730,-14.311714,-14.288128,-14.264031,-14.239482,-14.214537,-14.189248,-14.163663,-14.137823,-14.111762,-14.085507,-14.059076,-14.032477,
41.0,0.300000
41.000000,41.300000,41.600000,41.900000,42.200000,42.500000,42.800000,43.100000,43.400000,43.700000,44.000000,44.300000,44.600000,44.900000,45.200000,45.500000,45.800000,46.100000,46.400000,46.700000,47.000000,47.300000,47.600000,47.900000,48.200000,48.500000,48.800000,49.100000,49.400000,49.700000,50.000000,
13.368671,13.542976,13.717049,13.890803,14.064167,14.237083,14.409504,14.581393,14.752722,14.923472,15.093630,15.263193,15.432165,15.600559,15.768396,15.935706,16.102529,16.268916,16.434927,16.600632,16.766115,16.931466,17.096787,17.262189,17.427788,17.593704,17.760056,17.926958,18.094513,18.262801,18.431869,
-14.578056,-14.570341,-14.562151,-14.553331,-14.543769,-14.533383,-14.522119,-14.509946,-14.496848,-14.482825,-14.467886,-14.452052,-14.435348,-14.417807,-14.399465,-14.380362,-14.360541,-14.340047,-14.318925,-14.297223,-14.274985,-14.252259,-14.229089,-14.205519,-14.181588,-14.157335,-14.132791,-14.107986,-14.082943,-14.057677,-14.032196,
42.0,0.266667
42.000000,42.266667,42.533333,42.800000,43.066667,43.333333,43.600000,43.866667,44.133333,44.400000,44.666667,44.933333,45.200000,45.466667,45.733333,46.000000,46.266667,46.533333,46.800000,47.066667,47.333333,47.600000,47.866667,48.133333,48.400000,48.666667,48.933333,49.200000,49.466667,49.733333,50.000000,
13.869239,14.023628,14.177849,14.331843,14.485563,14.638974,14.792049,14.944770,15.097126,15.249110,15.400723,15.551970,15.702861,15.853410,16.003636,16.153562,16.303214,16.452624,16.601827,16.750862,16.899771,17.048600,17.197398,17.346217,17.495107,17.644121,17.793310,17.942722,18.092396,18.242364,18.392646,
-14.553757,-14.545141,-14.536161,-14.526691,-14.516638,-14.505931,-14.494521,-14.482375,-14.469475,-14.455814,-14.441393,-14.426222,-14.410317,-14.393700,-14.376394,-14.358430,-14.339836,-14.320646,-14.300894,-14.280614,-14.259843,-14.238613,-14.216961,-14.194918,-14.172517,-14.149787,-14.126754,-14.103441,-14.079867,-14.056044,-14.031981,
43.0,0.233333
43.000000,43.233333,43.466667,43.700000,43.933333,44.166667,44.400000,44.633333,44.866667,45.100000,45.333333,45.566667,45.800000,46.033333,46.266667,46.500000,46.733333,46.966667,47.200000,47.433333,47.666667,47.900000,48.133333,48.366667,48.600000,48.833333,49.066667,49.300000,49.533333,49.766667,50.000000,
14.369090,14.503760,14.638357,14.772853,14.907227,15.041462,15.175546,15.309468,15.443223,15.576805,15.710214,15.843450,15.976513,16.109409,16.242142,16.374719,16.507146,16.639433,16.771589,16.903625,17.035552,17.167382,17.299129,17.430804,17.562420,17.693991,17.825529,17.957045,18.088547,18.220044,18.351540,
-14.523462,-14.514308,-14.504879,-14.495077,-14.484827,-14.474068,-14.462756,-14.450861,-14.438362,-14.425248,-14.411514,-14.397163,-14.382202,-14.366645,-14.350506,-14.333804,-14.316561,-14.298799,-14.280542,-14.261817,-14.242649,-14.223063,-14.203087,-14.182744,-14.162058,-14.141053,-14.119749,-14.098163,-14.076309,-14.054199,-14.031839,
44.0,0.200000
44.000000,44.200000,44.400000,44.600000,44.800000,45.000000,45.200000,45.400000,45.600000,45.800000,46.000000,46.200000,46.400000,46.600000,46.800000,47.000000,47.200000,47.400000,47.600000,47.800000,48.000000,48.200000,48.400000,48.600000,48.800000,49.000000,49.200000,49.400000,49.600000,49.800000,50.000000,
14.868111,14.983214,15.098326,15.213447,15.328577,15.443713,15.558851,15.673986,15.789113,15.904225,16.019314,16.134372,16.249390,16.364359,16.479270,16.594113,16.708878,16.823555,16.938133,17.052602,17.166953,17.281175,17.395259,17.509196,17.622976,17.736593,17.850037,17.963305,18.076390,18.189288,18.301998,
-14.486888,-14.477589,-14.468086,-14.458305,-14.448184,-14.437674,-14.426738,-14.415347,-14.403480,-14.391124,-14.378272,-14.364921,-14.351072,-14.336732,-14.321909,-14.306615,-14.290863,-14.274668,-14.258048,-14.241019,-14.223601,-14.205811,-14.187668,-14.169191,-14.150397,-14.131303,-14.111923,-14.092270,-14.072357,-14.052189,-14.031771,
