113.0,0.466667
113.000000,113.466667,113.933333,114.400000,114.866667,115.333333,115.800000,116.266667,116.733333,117.200000,117.666667,118.133333,118.600000,119.066667,119.533333,120.000000,120.466667,120.933333,121.400000,121.866667,122.333333,122.800000,123.266667,123.733333,124.200000,124.666667,125.133333,125.600000,126.066667,126.533333,127.000000,
-2.642225,-2.479974,-2.316183,-2.150505,-1.982770,-1.812934,-1.641037,-1.467180,-1.291497,-1.114145,-0.935287,-0.755081,-0.573674,-0.391192,-0.207732,-0.023358,0.161904,0.348071,0.535205,0.723411,0.912841,1.103686,1.296172,1.490558,1.687123,1.886152,2.087929,2.292715,2.500735,2.712154,2.927064,
-14.012202,-14.016567,-14.021139,-14.025975,-14.031109,-14.036564,-14.042348,-14.048467,-14.054916,-14.061693,-14.068787,-14.076191,-14.083892,-14.091881,-14.100146,-14.108675,-14.117455,-14.126476,-14.135724,-14.145189,-14.154857,-14.164716,-14.174754,-14.184956,-14.195311,-14.205803,-14.216419,-14.227146,-14.237972,-14.248888,-14.259886,
114.0,0.433333
114.000000,114.433333,114.866667,115.300000,115.733333,116.166667,116.600000,117.033333,117.466667,117.900000,118.333333,118.766667,119.200000,119.633333,120.066667,120.500000,120.933333,121.366667,121.800000,122.233333,122.666667,123.100000,123.533333,123.966667,124.400000,124.833333,125.266667,125.700000,126.133333,126.566667,127.000000,
-2.145038,-1.993913,-1.841478,-1.687427,-1.531602,-1.373955,-1.214515,-1.053366,-0.890626,-0.726439,-0.560955,-0.394329,-0.226706,-0.058221,0.111016,0.280922,0.451445,0.622580,0.794363,0.966880,1.140277,1.314753,1.490561,1.668013,1.847465,2.029311,2.213967,2.401853,2.593352,2.788784,2.988343,
-14.026261,-14.030921,-14.035768,-14.040854,-14.046212,-14.051860,-14.057808,-14.064058,-14.070605,-14.077441,-14.084557,-14.091939,-14.099572,-14.107439,-14.115523,-14.123806,-14.132268,-14.140891,-14.149655,-14.158540,-14.167528,-14.176600,-14.185738,-14.194927,-14.204152,-14.213401,-14.222663,-14.231931,-14.241200,-14.250468,-14.259733,
115.0,0.400000
115.000000,115.400000,115.800000,116.200000,116.600000,117.000000,117.400000,117.800000,118.200000,118.600000,119.000000,119.400000,119.800000,120.200000,120.600000,121.000000,121.400000,121.800000,122.200000,122.600000,123.000000,123.400000,123.800000,124.200000,124.600000,125.000000,125.400000,125.800000,126.200000,126.600000,127.000000,
-2.145038,-2.004645,-1.863273,-1.720619,-1.576462,-1.430647,-1.283060,-1.133626,-0.982292,-0.829022,-0.673795,-0.516598,-0.357424,-0.196273,-0.033149,0.131937,0.298971,0.467927,0.638772,0.811460,0.985925,1.162087,1.339841,1.519055,1.699572,1.881212,2.063766,2.247019,2.430759,2.614794,2.799002,
-14.026261,-14.030569,-14.035011,-14.039629,-14.044452,-14.049502,-14.054794,-14.060341,-14.066148,-14.072221,-14.078562,-14.085176,-14.092061,-14.099219,-14.106650,-14.114354,-14.122329,-14.130574,-14.139087,-14.147866,-14.156905,-14.166199,-14.175743,-14.185527,-14.195541,-14.205774,-14.216211,-14.226838,-14.237642,-14.248610,-14.259733,
116.0,0.366667
116.000000,116.366667,116.733333,117.100000,117.466667,117.833333,118.200000,118.566667,118.933333,119.300000,119.666667,120.033333,120.400000,120.766667,121.133333,121.500000,121.866667,122.233333,122.600000,122.966667,123.333333,123.700000,124.066667,124.433333,124.800000,125.166667,125.533333,125.900000,126.266667,126.633333,127.000000,
-1.647839,-1.517761,-1.386905,-1.255027,-1.121949,-0.987547,-0.851732,-0.714448,-0.575657,-0.435340,-0.293487,-0.150096,-0.005171,0.141281,0.289252,0.438732,0.589709,0.742174,0.896112,1.051509,1.208347,1.366602,1.526246,1.687242,1.849543,2.013098,2.177841,2.343705,2.510623,2.678531,2.847389,
-14.042271,-14.046762,-14.051368,-14.056125,-14.061059,-14.066189,-14.071528,-14.077082,-14.082859,-14.088858,-14.095081,-14.101527,-14.108192,-14.115075,-14.122170,-14.129473,-14.136981,-14.144686,-14.152584,-14.160668,-14.168931,-14.177366,-14.185966,-14.194721,-14.203622,-14.212660,-14.221826,-14.231109,-14.240501,-14.249994,-14.259585,
117.0,0.333333
117.000000,117.333333,117.666667,118.000000,118.333333,118.666667,119.000000,119.333333,119.666667,120.000000,120.333333,120.666667,121.000000,121.333333,121.666667,122.000000,122.333333,122.666667,123.000000,123.333333,123.666667,124.000000,124.333333,124.666667,125.000000,125.333333,125.666667,126.000000,126.333333,126.666667,127.000000,
-1.150584,-1.030653,-0.910181,-0.788992,-0.666960,-0.543992,-0.420025,-0.295015,-0.168935,-0.041768,0.086495,0.215859,0.346327,0.477900,0.610584,0.744384,0.879311,1.015379,1.152608,1.291021,1.430646,1.571516,1.713664,1.857128,2.001943,2.148145,2.295765,2.444833,2.595368,2.747386,2.900893,
-14.060176,-14.064760,-14.069440,-14.074245,-14.079198,-14.084312,-14.089597,-14.095058,-14.100698,-14.106515,-14.112508,-14.118673,-14.125004,-14.131496,-14.138142,-14.144935,-14.151868,-14.158934,-14.166124,-14.173431,-14.180847,-14.188365,-14.195976,-14.203675,-14.211452,-14.219302,-14.227218,-14.235194,-14.243226,-14.251310,-14.259443,
118.0,0.300000
118.000000,118.300000,118.600000,118.900000,119.200000,119.500000,119.800000,120.100000,120.400000,120.700000,121.000000,121.300000,121.600000,121.900000,122.200000,122.500000,122.800000,123.100000,123.400000,123.700000,124.000000,124.300000,124.600000,124.900000,125.200000,125.500000,125.800000,126.100000,126.400000,126.700000,127.000000,
-0.653233,-0.543432,-0.433354,-0.322902,-0.212004,-0.100602,0.011347,0.123880,0.237026,0.350807,0.465249,0.580372,0.696203,0.812767,0.930097,1.048229,1.167206,1.287077,1.407897,1.529731,1.652648,1.776725,1.902043,2.028688,2.156749,2.286314,2.417467,2.550287,2.684842,2.821183,2.959339,
-14.079900,-14.084484,-14.089140,-14.093892,-14.098756,-14.103742,-14.108856,-14.114101,-14.119478,-14.124984,-14.130616,-14.136368,-14.142233,-14.148206,-14.154280,-14.160445,-14.166695,-14.173021,-14.179417,-14.185875,-14.192386,-14.198946,-14.205547,-14.212185,-14.218853,-14.225547,-14.232264,-14.239001,-14.245755,-14.252526,-14.259312,
119.0,0.266667
119.000000,119.266667,119.533333,119.800000,120.066667,120.333333,120.600000,120.866667,121.133333,121.400000,121.666667,121.933333,122.200000,122.466667,122.733333,123.000000,123.266667,123.533333,123.800000,124.066667,124.333333,124.600000,124.866667,125.133333,125.400000,125.666667,125.933333,126.200000,126.466667,126.733333,127.000000,
-0.653233,-0.553378,-0.452964,-0.351794,-0.249713,-0.146605,-0.042381,0.063024,0.169650,0.277522,0.386650,0.497028,0.608642,0.721465,0.835461,0.950586,1.066788,1.184006,1.302174,1.421218,1.541056,1.661602,1.782765,1.904447,2.026551,2.148979,2.271633,2.394424,2.517273,2.640118,2.762924,
-14.079900,-14.084057,-14.088277,-14.092579,-14.096983,-14.101502,-14.106147,-14.110927,-14.115848,-14.120914,-14.126130,-14.131496,-14.137014,-14.142683,-14.148503,-14.154473,-14.160589,-14.166849,-14.173251,-14.179789,-14.186460,-14.193259,-14.200180,-14.207219,-14.214370,-14.221626,-14.228982,-14.236433,-14.243974,-14.251601,-14.259312,
120.0,0.233333
120.000000,120.233333,120.466667,120.700000,120.933333,121.166667,121.400000,121.633333,121.866667,122.100000,122.333333,122.566667,122.800000,123.033333,123.266667,123.500000,123.733333,123.966667,124.200000,124.433333,124.666667,124.900000,125.133333,125.366667,125.600000,125.833333,126.066667,126.300000,126.533333,126.766667,127.000000,
-0.155746,-0.066406,0.023285,0.113456,0.204207,0.295620,0.387756,0.480661,0.574368,0.668899,0.764265,0.860470,0.957511,1.055378,1.154055,1.253523,1.353759,1.454735,1.556421,1.658785,1.761792,1.865405,1.969585,2.074294,2.179494,2.285145,2.391212,2.497661,2.604465,2.711600,2.819055,
-14.101350,-14.105366,-14.109426,-14.113546,-14.117739,-14.122014,-14.126380,-14.130842,-14.135404,-14.140070,-14.144839,-14.149714,-14.154693,-14.159775,-14.164959,-14.170243,-14.175624,-14.181099,-14.186664,-14.192317,-14.198053,-14.203869,-14.209761,-14.215725,-14.221757,-14.227853,-14.234010,-14.240225,-14.246494,-14.252817,-14.259192,
121.0,0.200000
121.000000,121.200000,121.400000,121.600000,121.800000,122.000000,122.200000,122.400000,122.600000,122.800000,123.000000,123.200000,123.400000,123.600000,123.800000,124.000000,124.200000,124.400000,124.600000,124.800000,125.000000,125.200000,125.400000,125.600000,125.800000,126.000000,126.200000,126.400000,126.600000,126.800000,127.000000,
0.341912,0.420343,0.498938,0.577764,0.656876,0.736321,0.816139,0.896364,0.977025,1.058145,1.139744,1.221838,1.304439,1.387559,1.471206,1.555385,1.640100,1.725356,1.811153,1.897491,1.984370,2.071787,2.159740,2.248226,2.337241,2.426781,2.516841,2.607417,2.698505,2.790102,2.882207,
-14.124414,-14.128179,-14.131969,-14.135794,-14.139661,-14.143576,-14.147544,-14.151568,-14.155651,-14.159794,-14.163999,-14.168265,-14.172593,-14.176981,-14.181428,-14.185933,-14.190494,-14.195110,-14.199778,-14.204496,-14.209262,-14.214073,-14.218927,-14.223823,-14.228758,-14.233729,-14.238736,-14.243776,-14.248848,-14.253952,-14.259087,
128.0,0.833333
128.000000,128.833333,129.666667,130.500000,131.333333,132.166667,133.000000,133.833333,134.666667,135.500000,136.333333,137.166667,138.000000,138.833333,139.666667,140.500000,141.333333,142.166667,143.000000,143.833333,144.666667,145.500000,146.333333,147.166667,148.000000,148.833333,149.666667,150.500000,151.333333,152.166667,153.000000,
3.333225,3.734246,4.145585,4.568267,5.002165,5.446620,5.900718,6.363480,6.834038,7.311595,7.795423,8.284873,8.779357,9.278341,9.781361,10.288065,10.798286,11.312188,11.830216,12.353142,12.882229,13.418974,13.964940,14.521606,15.090113,15.670902,16.263101,16.864798,17.472956,18.082932,18.690993,
-14.288278,-14.312305,-14.337027,-14.362389,-14.388216,-14.414271,-14.440280,-14.465948,-14.490970,-14.515026,-14.537786,-14.558895,-14.577977,-14.594624,-14.608381,-14.618749,-14.625178,-14.627040,-14.623650,-14.614269,-14.598083,-14.574260,-14.541992,-14.500552,-14.449347,-14.388029,-14.316684,-14.235731,-14.145955,-14.048646,-13.944861,
129.0,0.800000
129.000000,129.800000,130.600000,131.400000,132.200000,133.000000,133.800000,134.600000,135.400000,136.200000,137.000000,137.800000,138.600000,139.400000,140.200000,141.000000,141.800000,142.600000,143.400000,144.200000,145.000000,145.800000,146.600000,147.400000,148.200000,149.000000,149.800000,150.600000,151.400000,152.200000,153.000000,
3.832885,4.224353,4.621151,5.024181,5.433814,5.850136,6.273080,6.702509,7.138274,7.580239,8.028296,8.482406,8.942591,9.408958,9.881747,10.361309,10.848126,11.342867,11.846319,12.359354,12.882928,13.417939,13.965075,14.524589,15.096197,15.678799,16.269944,16.866216,17.463300,18.055775,18.639518,
-14.318085,-14.341612,-14.365401,-14.389394,-14.413472,-14.437478,-14.461232,-14.484531,-14.507152,-14.528853,-14.549363,-14.568379,-14.585558,-14.600514,-14.612795,-14.621890,-14.627225,-14.628135,-14.623893,-14.613723,-14.596788,-14.572252,-14.539320,-14.497315,-14.445710,-14.384230,-14.313018,-14.232535,-14.143563,-14.047311,-13.944750,
130.0,0.766667
130.000000,130.766667,131.533333,132.300000,133.066667,133.833333,134.600000,135.366667,136.133333,136.900000,137.666667,138.433333,139.200000,139.966667,140.733333,141.500000,142.266667,143.033333,143.800000,144.566667,145.333333,146.100000,146.866667,147.633333,148.400000,149.166667,149.933333,150.700000,151.466667,152.233333,153.000000,
4.332899,4.717386,5.106711,5.501721,5.902785,6.310000,6.723321,7.142633,7.567813,7.998748,8.435356,8.877619,9.325576,9.779341,10.239139,10.705284,11.178188,11.658399,12.146541,12.643285,13.149330,13.665303,14.191646,14.728436,15.275323,15.831336,16.394509,16.962152,17.530899,18.096564,18.655987,
-14.348016,-14.371029,-14.394158,-14.417320,-14.440388,-14.463200,-14.485575,-14.507311,-14.528184,-14.547953,-14.566347,-14.583061,-14.597755,-14.610049,-14.619500,-14.625620,-14.627866,-14.625625,-14.618240,-14.605024,-14.585264,-14.558259,-14.523370,-14.480081,-14.428024,-14.367053,-14.297373,-14.219455,-14.134025,-14.042121,-13.944565,
131.0,0.733333
131.000000,131.733333,132.466667,133.200000,133.933333,134.666667,135.400000,136.133333,136.866667,137.600000,138.333333,139.066667,139.800000,140.533333,141.266667,142.000000,142.733333,143.466667,144.200000,144.933333,145.666667,146.400000,147.133333,147.866667,148.600000,149.333333,150.066667,150.800000,151.533333,152.266667,153.000000,
4.833268,5.210014,5.591133,5.977427,6.369258,6.766738,7.169837,7.578462,7.992505,8.411863,8.836462,9.266279,9.701344,10.141748,10.587670,11.039367,11.497170,11.961515,12.432899,12.911854,13.398934,13.894637,14.399316,14.913049,15.435563,15.966055,16.502882,17.043784,17.585938,18.125871,18.660971,
-14.377819,-14.400084,-14.422329,-14.444449,-14.466302,-14.487726,-14.508538,-14.528537,-14.547504,-14.565197,-14.581353,-14.595671,-14.607820,-14.617435,-14.624095,-14.627342,-14.626673,-14.621536,-14.611344,-14.595497,-14.573385,-14.544425,-14.508095,-14.463994,-14.411858,-14.351619,-14.283509,-14.207986,-14.125711,-14.037586,-13.944311,
132.0,0.700000
132.000000,132.700000,133.400000,134.100000,134.800000,135.500000,136.200000,136.900000,137.600000,138.300000,139.000000,139.700000,140.400000,141.100000,141.800000,142.500000,143.200000,143.900000,144.600000,145.300000,146.000000,146.700000,147.400000,148.100000,148.800000,149.500000,150.200000,150.900000,151.600000,152.300000,153.000000,
5.333990,5.702211,6.074385,6.451262,6.833185,7.220264,7.612470,8.009708,8.411862,8.818821,9.230491,9.646827,10.067833,10.493569,10.924181,11.359892,11.801002,12.247919,12.701119,13.161128,13.628508,14.103773,14.587284,15.079108,15.578957,16.086035,16.598765,17.115020,17.632224,18.147336,18.658110,
-14.407228,-14.428517,-14.449662,-14.470532,-14.490980,-14.510838,-14.529925,-14.548044,-14.564982,-14.580503,-14.594353,-14.606243,-14.615857,-14.622848,-14.626824,-14.627358,-14.623992,-14.616226,-14.603542,-14.585410,-14.561307,-14.530742,-14.493286,-14.448629,-14.396588,-14.337157,-14.270589,-14.197329,-14.117984,-14.033339,-13.943989,
133.0,0.666667
133.000000,133.666667,134.333333,135.000000,135.666667,136.333333,137.000000,137.666667,138.333333,139.000000,139.666667,140.333333,141.000000,141.666667,142.333333,143.000000,143.666667,144.333333,145.000000,145.666667,146.333333,147.000000,147.666667,148.333333,149.000000,149.666667,150.333333,151.000000,151.666667,152.333333,153.000000,
5.835057,6.193880,6.556205,6.922727,7.293786,7.669504,8.049881,8.434853,8.824337,9.218251,9.616536,10.019172,10.426187,10.837657,11.253731,11.674616,12.100581,12.531966,12.969153,13.412546,13.862544,14.319487,14.783564,15.254710,15.732561,16.216349,16.704706,17.195845,17.687644,18.177659,18.664104,
-14.435968,-14.456068,-14.475917,-14.495366,-14.514257,-14.532417,-14.549664,-14.565805,-14.580626,-14.593899,-14.605374,-14.614772,-14.621791,-14.626099,-14.627332,-14.625098,-14.618980,-14.608537,-14.593318,-14.572875,-14.546779,-14.514640,-14.476132,-14.431044,-14.379278,-14.320889,-14.256145,-14.185468,-14.109402,-14.028615,-13.943605,
134.0,0.633333
134.000000,134.633333,135.266667,135.900000,136.533333,137.166667,137.800000,138.433333,139.066667,139.700000,140.333333,140.966667,141.600000,142.233333,142.866667,143.500000,144.133333,144.766667,145.400000,146.033333,146.666667,147.300000,147.933333,148.566667,149.200000,149.833333,150.466667,151.100000,151.733333,152.366667,153.000000,
6.336456,6.685073,7.036763,7.392170,7.751623,8.115260,8.483105,8.855124,9.231263,9.611467,9.995700,10.383964,10.776299,11.172788,11.573575,11.978852,12.388855,12.803873,13.224218,13.650207,14.082138,14.520238,14.964601,15.415091,15.871313,16.332520,16.797457,17.264518,17.731835,18.197307,18.659419,
-14.463756,-14.482460,-14.500824,-14.518680,-14.535857,-14.552181,-14.567469,-14.581530,-14.594156,-14.605126,-14.614201,-14.621115,-14.625584,-14.627301,-14.625930,-14.621118,-14.612494,-14.599671,-14.582264,-14.559894,-14.532210,-14.498901,-14.459721,-14.414523,-14.363265,-14.306033,-14.243091,-14.174829,-14.101732,-14.024371,-13.943165,
135.0,0.600000
135.000000,135.600000,136.200000,136.800000,137.400000,138.000000,138.600000,139.200000,139.800000,140.400000,141.000000,141.600000,142.200000,142.800000,143.400000,144.000000,144.600000,145.200000,145.800000,146.400000,147.000000,147.600000,148.200000,148.800000,149.400000,150.000000,150.600000,151.200000,151.800000,152.400000,153.000000,
6.838167,7.175741,7.515956,7.859402,8.206405,8.557126,8.911628,9.269919,9.631992,9.997838,10.367463,10.740908,11.118242,11.499574,11.885056,12.274874,12.669242,13.068398,13.472585,13.882022,14.296881,14.717248,15.143070,15.574082,16.009782,16.449385,16.891699,17.335275,17.778487,18.219596,18.657373,
-14.490296,-14.507422,-14.524137,-14.540257,-14.555602,-14.569992,-14.583243,-14.595164,-14.605553,-14.614193,-14.620856,-14.625290,-14.627228,-14.626386,-14.622460,-14.615132,-14.604077,-14.588963,-14.569466,-14.545276,-14.516117,-14.481755,-14.442020,-14.396832,-14.346203,-14.290254,-14.229250,-14.163553,-14.093593,-14.019852,-13.942675,
136.0,0.566667
136.000000,136.566667,137.133333,137.700000,138.266667,138.833333,139.400000,139.966667,140.533333,141.100000,141.666667,142.233333,142.800000,143.366667,143.933333,144.500000,145.066667,145.633333,146.200000,146.766667,147.333333,147.900000,148.466667,149.033333,149.600000,150.166667,150.733333,151.300000,151.866667,152.433333,153.000000,
7.340165,7.665887,7.993837,8.324554,8.658363,8.995452,9.335927,9.679846,10.027253,10.378188,10.732705,11.090881,11.452817,11.818642,12.188512,12.562604,12.941102,13.324196,13.712053,14.104802,14.502499,14.905102,15.312431,15.724099,16.139517,16.557850,16.977949,17.398467,17.817955,18.234930,18.648368,
-14.515285,-14.530668,-14.545587,-14.559842,-14.573244,-14.585610,-14.596755,-14.606488,-14.614612,-14.620919,-14.625190,-14.627191,-14.626675,-14.623383,-14.617042,-14.607374,-14.594097,-14.576932,-14.555610,-14.529885,-14.499543,-14.464416,-14.424393,-14.379444,-14.329620,-14.275062,-14.216024,-14.152837,-14.085879,-14.015553,-13.942143,
137.0,0.533333
137.000000,137.533333,138.066667,138.600000,139.133333,139.666667,140.200000,140.733333,141.266667,141.800000,142.333333,142.866667,143.400000,143.933333,144.466667,145.000000,145.533333,146.066667,146.600000,147.133333,147.666667,148.200000,148.733333,149.266667,149.800000,150.333333,150.866667,151.400000,151.933333,152.466667,153.000000,
7.842417,8.155485,8.470395,8.787639,9.107547,9.430342,9.756180,10.085176,10.417435,10.753054,11.092138,11.434806,11.781192,12.131442,12.485713,12.844163,13.206943,13.574178,13.945955,14.322300,14.703145,15.088312,15.477484,15.870150,16.265618,16.663002,17.061178,17.458892,17.854850,18.247797,18.636892,
-14.538415,-14.551916,-14.564914,-14.577199,-14.588574,-14.598849,-14.607838,-14.615353,-14.621202,-14.625183,-14.627089,-14.626703,-14.623799,-14.618143,-14.609497,-14.597619,-14.582270,-14.563222,-14.540260,-14.513193,-14.481869,-14.446175,-14.406053,-14.361517,-14.312650,-14.259605,-14.202628,-14.142016,-14.078098,-14.011208,-13.941578,
138.0,0.500000
138.000000,138.500000,139.000000,139.500000,140.000000,140.500000,141.000000,141.500000,142.000000,142.500000,143.000000,143.500000,144.000000,144.500000,145.000000,145.500000,146.000000,146.500000,147.000000,147.500000,148.000000,148.500000,149.000000,149.500000,150.000000,150.500000,151.000000,151.500000,152.000000,152.500000,153.000000,
8.847527,9.146571,9.446066,9.746152,10.046945,10.348556,10.651099,10.954705,11.259537,11.565786,11.873676,12.183471,12.495462,12.809966,13.127319,13.447859,13.771918,14.099801,14.431773,14.768041,15.108723,15.453841,15.803299,16.156847,16.514093,16.874498,17.237350,17.601842,17.967134,18.332410,18.697125,
-14.577832,-14.587677,-14.596875,-14.605192,-14.612427,-14.618404,-14.622960,-14.625938,-14.627184,-14.626544,-14.623860,-14.618968,-14.611700,-14.601884,-14.589346,-14.573911,-14.555411,-14.533684,-14.508587,-14.479996,-14.447820,-14.412001,-14.372527,-14.329439,-14.282830,-14.232848,-14.179700,-14.123631,-14.064900,-14.003759,-13.940380,
139.0,0.466667
139.000000,139.466667,139.933333,140.400000,140.866667,141.333333,141.800000,142.266667,142.733333,143.200000,143.666667,144.133333,144.600000,145.066667,145.533333,146.000000,146.466667,146.933333,147.400000,147.866667,148.333333,148.800000,149.266667,149.733333,150.200000,150.666667,151.133333,151.600000,152.066667,152.533333,153.000000,
9.350290,9.635169,9.920457,10.206304,10.492847,10.780215,11.068540,11.357965,11.648647,11.940759,12.234495,12.530068,12.827708,13.127658,13.430172,13.735505,14.043904,14.355597,14.670777,14.989589,15.312100,15.638297,15.968059,16.301133,16.637142,16.975583,17.315809,17.657096,17.998701,18.339919,18.680281,
-14.593474,-14.601143,-14.608159,-14.614286,-14.619321,-14.623087,-14.625423,-14.626177,-14.625206,-14.622365,-14.617514,-14.610509,-14.601206,-14.589463,-14.575136,-14.558088,-14.538185,-14.515308,-14.489348,-14.460221,-14.427868,-14.392259,-14.353401,-14.311347,-14.266190,-14.218064,-14.167153,-14.113662,-14.057809,-13.999798,-13.939768,
140.0,0.433333
140.000000,140.433333,140.866667,141.300000,141.733333,142.166667,142.600000,143.033333,143.466667,143.900000,144.333333,144.766667,145.200000,145.633333,146.066667,146.500000,146.933333,147.366667,147.800000,148.233333,148.666667,149.100000,149.533333,149.966667,150.400000,150.833333,151.266667,151.700000,152.133333,152.566667,153.000000,
9.853119,10.123093,10.393709,10.665171,10.937638,11.211237,11.486081,11.762270,12.039910,12.319108,12.599985,12.882671,13.167309,13.454051,13.743053,14.034472,14.328453,14.625122,14.924574,15.226860,15.531970,15.839826,16.150271,16.463048,16.777809,17.094119,17.411451,17.729231,18.046887,18.363891,18.679902,
-14.605972,-14.611433,-14.616229,-14.620117,-14.622894,-14.624380,-14.624420,-14.622869,-14.619592,-14.614463,-14.607359,-14.598159,-14.586747,-14.573012,-14.556845,-14.538147,-14.516826,-14.492802,-14.466012,-14.436411,-14.403977,-14.368715,-14.330657,-14.289871,-14.246455,-14.200535,-14.152272,-14.101840,-14.049412,-13.995151,-13.939160,
141.0,0.400000
141.000000,141.400000,141.800000,142.200000,142.600000,143.000000,143.400000,143.800000,144.200000,144.600000,145.000000,145.400000,145.800000,146.200000,146.600000,147.000000,147.400000,147.800000,148.200000,148.600000,149.000000,149.400000,149.800000,150.200000,150.600000,151.000000,151.400000,151.800000,152.200000,152.600000,153.000000,
10.355949,10.609919,10.864473,11.119839,11.376212,11.633770,11.892673,12.153070,12.415101,12.678897,12.944583,13.212276,13.482083,13.754101,14.028409,14.305072,14.584129,14.865589,15.149424,15.435568,15.723898,16.014236,16.306346,16.599918,16.894581,17.189907,17.485414,17.780600,18.074985,18.368142,18.659805,
-14.614999,-14.618281,-14.620905,-14.622626,-14.623241,-14.622576,-14.620478,-14.616812,-14.611454,-14.604291,-14.595217,-14.584133,-14.570947,-14.555572,-14.537931,-14.517955,-14.495584,-14.470774,-14.443491,-14.413722,-14.381471,-14.346763,-14.309648,-14.270198,-14.228509,-14.184696,-14.138897,-14.091254,-14.041909,-13.990987,-13.938566,
142.0,0.366667
142.000000,142.366667,142.733333,143.100000,143.466667,143.833333,144.200000,144.566667,144.933333,145.300000,145.666667,146.033333,146.400000,146.766667,147.133333,147.500000,147.866667,148.233333,148.600000,148.966667,149.333333,149.700000,150.066667,150.433333,150.800000,151.166667,151.533333,151.900000,152.266667,152.633333,153.000000,
11.361334,11.598367,11.835796,12.073739,12.312276,12.551463,12.791336,13.031921,13.273237,13.515302,13.758132,14.001752,14.246189,14.491478,14.737663,14.984793,15.232926,15.482123,15.732453,15.983981,16.236776,16.490902,16.746416,17.003365,17.261785,17.521701,17.783118,18.046032,18.310425,18.576274,18.843560,
-14.621327,-14.620417,-14.618753,-14.616081,-14.612202,-14.606962,-14.600241,-14.591946,-14.582002,-14.570355,-14.556960,-14.541785,-14.524807,-14.506013,-14.485397,-14.462961,-14.438717,-14.412685,-14.384895,-14.355384,-14.324204,-14.291414,-14.257083,-14.221292,-14.184129,-14.145686,-14.106061,-14.065349,-14.023636,-13.980993,-13.937462,
143.0,0.333333
143.000000,143.333333,143.666667,144.000000,144.333333,144.666667,145.000000,145.333333,145.666667,146.000000,146.333333,146.666667,147.000000,147.333333,147.666667,148.000000,148.333333,148.666667,149.000000,149.333333,149.666667,150.000000,150.333333,150.666667,151.000000,151.333333,151.666667,152.000000,152.333333,152.666667,153.000000,
11.863730,12.082764,12.301802,12.520892,12.740105,12.959529,13.179264,13.399421,13.620112,13.841456,14.063570,14.286570,14.510568,14.735666,14.961960,15.189531,15.418448,15.648759,15.880496,16.113667,16.348256,16.584218,16.821487,17.059965,17.299532,17.540044,17.781344,18.023265,18.265650,18.508363,18.751321,
-14.617979,-14.615160,-14.611701,-14.607377,-14.602006,-14.595445,-14.587578,-14.578311,-14.567571,-14.555297,-14.541443,-14.525971,-14.508855,-14.490075,-14.469620,-14.447486,-14.423680,-14.398213,-14.371107,-14.342392,-14.312107,-14.280302,-14.247033,-14.212367,-14.176377,-14.139141,-14.100742,-14.061260,-14.020768,-13.979325,-13.936970,
144.0,0.300000
144.000000,144.300000,144.600000,144.900000,145.200000,145.500000,145.800000,146.100000,146.400000,146.700000,147.000000,147.300000,147.600000,147.900000,148.200000,148.500000,148.800000,149.100000,149.400000,149.700000,150.000000,150.300000,150.600000,150.900000,151.200000,151.500000,151.800000,152.100000,152.400000,152.700000,153.000000,
12.365815,12.566358,12.767128,12.968232,13.169771,13.371844,13.574541,13.777951,13.982156,14.187229,14.393239,14.600247,14.808301,15.017442,15.227697,15.439078,15.651585,15.865198,16.079881,16.295579,16.512216,16.729696,16.947904,17.166705,17.385949,17.605475,17.825112,18.044695,18.264071,18.483117,18.701756,
-14.609861,-14.605311,-14.600175,-14.594242,-14.587345,-14.579349,-14.570147,-14.559654,-14.547804,-14.534547,-14.519845,-14.503670,-14.486007,-14.466846,-14.446186,-14.424033,-14.400402,-14.375312,-14.348792,-14.320873,-14.291599,-14.261015,-14.229174,-14.196134,-14.161958,-14.126712,-14.090459,-14.053265,-14.015185,-13.976264,-13.936530,
145.0,0.266667
145.000000,145.266667,145.533333,145.800000,146.066667,146.333333,146.600000,146.866667,147.133333,147.400000,147.666667,147.933333,148.200000,148.466667,148.733333,149.000000,149.266667,149.533333,149.800000,150.066667,150.333333,150.600000,150.866667,151.133333,151.400000,151.666667,151.933333,152.200000,152.466667,152.733333,153.000000,
12.867495,13.048780,13.230646,13.413291,13.596866,13.781482,13.967216,14.154118,14.342214,14.531508,14.721987,14.913623,15.106372,15.300178,15.494973,15.690678,15.887200,16.084439,16.282283,16.480609,16.679286,16.878174,17.077127,17.275993,17.474615,17.672840,17.870518,18.067509,18.263694,18.458979,18.653308,
-14.596657,-14.590643,-14.584082,-14.576777,-14.568571,-14.559338,-14.548982,-14.537428,-14.524619,-14.510517,-14.495094,-14.478338,-14.460241,-14.440809,-14.420052,-14.397988,-14.374641,-14.350041,-14.324222,-14.297224,-14.269088,-14.239863,-14.209597,-14.178344,-14.146156,-14.113087,-14.079189,-14.044510,-14.009091,-13.972965,-13.936150,
146.0,0.233333
146.000000,146.233333,146.466667,146.700000,146.933333,147.166667,147.400000,147.633333,147.866667,148.100000,148.333333,148.566667,148.800000,149.033333,149.266667,149.500000,149.733333,149.966667,150.200000,150.433333,150.666667,150.900000,151.133333,151.366667,151.600000,151.833333,152.066667,152.300000,152.533333,152.766667,153.000000,
13.869239,14.029872,14.190601,14.351466,14.512505,14.673751,14.835234,14.996984,15.159024,15.321378,15.484067,15.647109,15.810519,15.974312,16.138499,16.303088,16.468086,16.633496,16.799319,16.965554,17.132196,17.299237,17.466668,17.634477,17.802648,17.971166,18.140015,18.309177,18.478638,18.648385,18.818410,
-14.553757,-14.544785,-14.535397,-14.525442,-14.514799,-14.503376,-14.491099,-14.477915,-14.463786,-14.448689,-14.432611,-14.415547,-14.397504,-14.378493,-14.358531,-14.337642,-14.315852,-14.293192,-14.269694,-14.245394,-14.220328,-14.194536,-14.168055,-14.140923,-14.113178,-14.084857,-14.055991,-14.026612,-13.996743,-13.966402,-13.935601,
147.0,0.200000
147.000000,147.200000,147.400000,147.600000,147.800000,148.000000,148.200000,148.400000,148.600000,148.800000,149.000000,149.200000,149.400000,149.600000,149.800000,150.000000,150.200000,150.400000,150.600000,150.800000,151.000000,151.200000,151.400000,151.600000,151.800000,152.000000,152.200000,152.400000,152.600000,152.800000,153.000000,
14.369090,14.508713,14.648573,14.788753,14.929320,15.070323,15.211795,15.353760,15.496229,15.639203,15.782676,15.926633,16.071053,16.215911,16.361175,16.506809,16.652773,16.799025,16.945518,17.092205,17.239036,17.385959,17.532926,17.679883,17.826783,17.973577,18.120223,18.266681,18.412919,18.558913,18.704649,
-14.523462,-14.513957,-14.504114,-14.493807,-14.482932,-14.471406,-14.459165,-14.446156,-14.432344,-14.417701,-14.402212,-14.385870,-14.368673,-14.350628,-14.331745,-14.312042,-14.291538,-14.270255,-14.248219,-14.225458,-14.202002,-14.177879,-14.153120,-14.127756,-14.101816,-14.075328,-14.048317,-14.020807,-13.992817,-13.964360,-13.935443,
154.0,0.333333
154.000000,154.333333,154.666667,155.000000,155.333333,155.666667,156.000000,156.333333,156.666667,157.000000,157.333333,157.666667,158.000000,158.333333,158.666667,159.000000,159.333333,159.666667,160.000000,160.333333,160.666667,161.000000,161.333333,161.666667,162.000000,162.333333,162.666667,163.000000,163.333333,163.666667,164.000000,
19.301254,19.544905,19.788546,20.032187,20.275849,20.519555,20.763329,21.007199,21.251184,21.495302,21.739563,21.983966,22.228498,22.473133,22.717827,22.962514,23.207112,23.451509,23.695571,23.939135,24.182010,24.423977,24.664789,24.904174,25.141841,25.377486,25.610798,25.841477,26.069257,26.293919,26.515333,
-13.833957,-13.778025,-13.720866,-13.662042,-13.601203,-13.538066,-13.472405,-13.404033,-13.332800,-13.258582,-13.181280,-13.100812,-13.017114,-12.930137,-12.839845,-12.746216,-12.649245,-12.548940,-12.445324,-12.338439,-12.228344,-12.115118,-11.998856,-11.879676,-11.757710,-11.633106,-11.506021,-11.376612,-11.245028,-11.111393,-10.975785,
155.0,0.300000
155.000000,155.300000,155.600000,155.900000,156.200000,156.500000,156.800000,157.100000,157.400000,157.700000,158.000000,158.300000,158.600000,158.900000,159.200000,159.500000,159.800000,160.100000,160.400000,160.700000,161.000000,161.300000,161.600000,161.900000,162.200000,162.500000,162.800000,163.100000,163.400000,163.700000,164.000000,
20.266351,20.484876,20.702938,20.920414,21.137228,21.353345,21.568761,21.783495,21.997584,22.211075,22.424021,22.636478,22.848501,23.060140,23.271434,23.482416,23.693101,23.903493,24.113575,24.323314,24.532657,24.741531,24.949845,25.157488,25.364336,25.570252,25.775092,25.978715,26.180990,26.381810,26.581112,
-13.600858,-13.543086,-13.484394,-13.424445,-13.362969,-13.299745,-13.234595,-13.167374,-13.097966,-13.026277,-12.952233,-12.875776,-12.796866,-12.715470,-12.631574,-12.545170,-12.456266,-12.364878,-12.271038,-12.174786,-12.076177,-11.975276,-11.872161,-11.766921,-11.659655,-11.550466,-11.439465,-11.326757,-11.212439,-11.096592,-10.979263,
156.0,0.266667
156.000000,156.266667,156.533333,156.800000,157.066667,157.333333,157.600000,157.866667,158.133333,158.400000,158.666667,158.933333,159.200000,159.466667,159.733333,160.000000,160.266667,160.533333,160.800000,161.066667,161.333333,161.600000,161.866667,162.133333,162.400000,162.666667,162.933333,163.200000,163.466667,163.733333,164.000000,
21.221807,21.414991,21.607650,21.799618,21.990774,22.181040,22.370368,22.558740,22.746156,22.932633,23.118204,23.302910,23.486799,23.669926,23.852348,24.034125,24.215315,24.395977,24.576166,24.755934,24.935330,25.114397,25.293175,25.471696,25.649987,25.828070,26.005961,26.183669,26.361201,26.538559,26.715743,
-13.333320,-13.274857,-13.215661,-13.155475,-13.094096,-13.031371,-12.967180,-12.901440,-12.834091,-12.765097,-12.694437,-12.622109,-12.548122,-12.472494,-12.395255,-12.316442,-12.236096,-12.154267,-12.071008,-11.986378,-11.900437,-11.813251,-11.724884,-11.635404,-11.544879,-11.453373,-11.360948,-11.267662,-11.173563,-11.078687,-10.983056,
157.0,0.233333
157.000000,157.233333,157.466667,157.700000,157.933333,158.166667,158.400000,158.633333,158.866667,159.100000,159.333333,159.566667,159.800000,160.033333,160.266667,160.500000,160.733333,160.966667,161.200000,161.433333,161.666667,161.900000,162.133333,162.366667,162.600000,162.833333,163.066667,163.300000,163.533333,163.766667,164.000000,
21.695590,21.864515,22.033308,22.201921,22.370316,22.538461,22.706332,22.873908,23.041171,23.208108,23.374706,23.540951,23.706832,23.872334,24.037444,24.202144,24.366416,24.530237,24.693584,24.856430,25.018743,25.180491,25.341638,25.502147,25.661979,25.821094,25.979456,26.137027,26.293778,26.449685,26.604733,
-13.186457,-13.132010,-13.076923,-13.020960,-12.963931,-12.905683,-12.846098,-12.785085,-12.722575,-12.658520,-12.592891,-12.525672,-12.456859,-12.386460,-12.314494,-12.240985,-12.165966,-12.089477,-12.011563,-11.932271,-11.851655,-11.769770,-11.686675,-11.602428,-11.517089,-11.430715,-11.343360,-11.255074,-11.165900,-11.075869,-10.985000,
158.0,0.200000
158.000000,158.200000,158.400000,158.600000,158.800000,159.000000,159.200000,159.400000,159.600000,159.800000,160.000000,160.200000,160.400000,160.600000,160.800000,161.000000,161.200000,161.400000,161.600000,161.800000,162.000000,162.200000,162.400000,162.600000,162.800000,163.000000,163.200000,163.400000,163.600000,163.800000,164.000000,
22.634643,22.777954,22.921010,23.063722,23.206018,23.347845,23.489162,23.629943,23.770173,23.909844,24.048958,24.187524,24.325554,24.463067,24.600086,24.736635,24.872743,25.008438,25.143752,25.278716,25.413363,25.547722,25.681826,25.815704,25.949383,26.082891,26.216249,26.349478,26.482594,26.615608,26.748527,
-12.866366,-12.814255,-12.761775,-12.708791,-12.655194,-12.600895,-12.545829,-12.489944,-12.433205,-12.375588,-12.317083,-12.257685,-12.197400,-12.136240,-12.074222,-12.011368,-11.947703,-11.883257,-11.818061,-11.752146,-11.685548,-11.618300,-11.550436,-11.481989,-11.412990,-11.343470,-11.273454,-11.202967,-11.132027,-11.060647,-10.988835,
