606.0,0.866667
606.000000,606.866667,607.733333,608.600000,609.466667,610.333333,611.200000,612.066667,612.933333,613.800000,614.666667,615.533333,616.400000,617.266667,618.133333,619.000000,619.866667,620.733333,621.600000,622.466667,623.333333,624.200000,625.066667,625.933333,626.800000,627.666667,628.533333,629.400000,630.266667,631.133333,632.000000,
37.141938,37.124009,37.100278,37.069983,37.032982,36.989470,36.939835,36.884573,36.824251,36.759460,36.690790,36.618798,36.543996,36.466836,36.387659,36.306726,36.224217,36.140198,36.054657,35.967516,35.878608,35.787732,35.694690,35.599326,35.501580,35.401584,35.299827,35.197073,35.094400,34.993343,34.895118,
-26.371429,-26.335105,-26.286831,-26.224833,-26.148548,-26.058085,-25.953935,-25.836816,-25.707599,-25.567232,-25.416674,-25.256845,-25.088600,-24.912669,-24.729561,-24.539597,-24.342876,-24.139161,-23.927937,-23.708379,-23.479189,-23.238762,-22.985224,-22.716378,-22.430012,-22.124199,-21.797704,-21.450079,-21.082041,-20.696295,-20.295338,
607.0,0.833333
607.000000,607.833333,608.666667,609.500000,610.333333,611.166667,612.000000,612.833333,613.666667,614.500000,615.333333,616.166667,617.000000,617.833333,618.666667,619.500000,620.333333,621.166667,622.000000,622.833333,623.666667,624.500000,625.333333,626.166667,627.000000,627.833333,628.666667,629.500000,630.333333,631.166667,632.000000,
37.141938,37.121281,37.095414,37.063553,37.025446,36.981140,36.930848,36.874885,36.813625,36.747485,36.676911,36.602388,36.524411,36.443470,36.360029,36.274518,36.187316,36.098714,36.008939,35.918160,35.826469,35.733915,35.640523,35.546308,35.451299,35.355585,35.259360,35.162910,35.066625,34.971047,34.876601,
-26.371429,-26.329596,-26.277032,-26.211914,-26.133454,-26.041443,-25.935996,-25.817418,-25.686141,-25.542677,-25.387609,-25.221604,-25.045357,-24.859553,-24.664817,-24.461691,-24.250575,-24.031630,-23.804827,-23.569944,-23.326489,-23.073809,-22.811145,-22.537649,-22.252522,-21.955166,-21.645411,-21.323489,-20.990156,-20.646989,-20.295338,
608.0,0.800000
608.000000,608.800000,609.600000,610.400000,611.200000,612.000000,612.800000,613.600000,614.400000,615.200000,616.000000,616.800000,617.600000,618.400000,619.200000,620.000000,620.800000,621.600000,622.400000,623.200000,624.000000,624.800000,625.600000,626.400000,627.200000,628.000000,628.800000,629.600000,630.400000,631.200000,632.000000,
37.141938,37.118111,37.089530,37.055462,37.015673,36.970213,36.919294,36.863222,36.802358,36.737100,36.667865,36.595091,36.519216,36.440658,36.359799,36.276973,36.192457,36.106433,36.019018,35.930271,35.840184,35.748727,35.655878,35.561668,35.466212,35.369765,35.272828,35.176082,35.080378,34.986786,34.896117,
-26.371429,-26.323111,-26.264885,-26.195032,-26.112813,-26.018049,-25.910881,-25.791644,-25.660794,-25.518867,-25.366457,-25.204215,-25.032805,-24.852854,-24.664901,-24.469367,-24.266499,-24.056246,-23.838323,-23.612187,-23.376934,-23.131440,-22.874422,-22.604459,-22.320186,-22.020502,-21.704877,-21.373341,-21.026663,-20.666765,-20.295338,
609.0,0.766667
609.000000,609.766667,610.533333,611.300000,612.066667,612.833333,613.600000,614.366667,615.133333,615.900000,616.666667,617.433333,618.200000,618.966667,619.733333,620.500000,621.266667,622.033333,622.800000,623.566667,624.333333,625.100000,625.866667,626.633333,627.400000,628.166667,628.933333,629.700000,630.466667,631.233333,632.000000,
37.141938,37.114707,37.083172,37.046656,37.004942,36.958080,36.906276,36.849823,36.789063,36.724367,36.656118,36.584702,36.510495,36.433847,36.355053,36.274364,36.191966,36.107954,36.022364,35.935184,35.846355,35.755817,35.663553,35.569649,35.474320,35.377974,35.281337,35.185357,35.091168,35.000125,34.913234,
-26.371429,-26.316136,-26.251733,-26.176610,-26.090083,-25.992008,-25.882554,-25.762080,-25.631062,-25.490043,-25.339613,-25.180387,-25.012969,-24.837901,-24.655599,-24.466335,-24.270174,-24.066855,-23.855847,-23.636334,-23.407106,-23.166715,-22.913553,-22.645886,-22.362065,-22.060772,-21.741351,-21.403797,-21.048933,-20.678838,-20.295338,
610.0,0.733333
610.000000,610.733333,611.466667,612.200000,612.933333,613.666667,614.400000,615.133333,615.866667,616.600000,617.333333,618.066667,618.800000,619.533333,620.266667,621.000000,621.733333,622.466667,623.200000,623.933333,624.666667,625.400000,626.133333,626.866667,627.600000,628.333333,629.066667,629.800000,630.533333,631.266667,632.000000,
36.926118,36.896335,36.862811,36.824932,36.782491,36.735517,36.684184,36.628751,36.569524,36.506837,36.441042,36.372502,36.301581,36.228632,36.153986,36.077951,36.000799,35.922754,35.844000,35.764681,35.684890,35.604690,35.524114,35.443166,35.361838,35.280124,35.198025,35.115562,35.032782,34.949774,34.866616,
-25.925963,-25.863069,-25.791903,-25.710932,-25.619464,-25.517305,-25.404552,-25.281479,-25.148456,-25.005910,-24.854307,-24.694127,-24.525851,-24.349929,-24.166753,-23.976649,-23.779861,-23.576498,-23.366579,-23.150033,-22.926686,-22.696318,-22.458698,-22.213624,-21.960962,-21.700716,-21.433119,-21.158586,-20.877722,-20.591364,-20.300167,
611.0,0.700000
611.000000,611.700000,612.400000,613.100000,613.800000,614.500000,615.200000,615.900000,616.600000,617.300000,618.000000,618.700000,619.400000,620.100000,620.800000,621.500000,622.200000,622.900000,623.600000,624.300000,625.000000,625.700000,626.400000,627.100000,627.800000,628.500000,629.200000,629.900000,630.600000,631.300000,632.000000,
36.926118,36.892892,36.856337,36.815946,36.771599,36.723405,36.671609,36.616529,36.558515,36.497923,36.435096,36.370339,36.303915,36.236040,36.166861,36.096468,36.024902,35.952141,35.878124,35.802769,35.725980,35.647677,35.567824,35.486470,35.403767,35.320002,35.235674,35.151422,35.068002,34.986285,34.906906,
-25.925963,-25.855650,-25.777705,-25.690840,-25.594612,-25.489088,-25.374633,-25.251785,-25.121159,-24.983390,-24.839088,-24.688776,-24.532880,-24.371690,-24.205297,-24.033616,-23.856365,-23.673001,-23.482782,-23.284774,-23.077818,-22.860638,-22.631916,-22.390360,-22.134831,-21.864508,-21.579125,-21.278915,-20.964679,-20.637988,-20.300167,
612.0,0.666667
612.000000,612.666667,613.333333,614.000000,614.666667,615.333333,616.000000,616.666667,617.333333,618.000000,618.666667,619.333333,620.000000,620.666667,621.333333,622.000000,622.666667,623.333333,624.000000,624.666667,625.333333,626.000000,626.666667,627.333333,628.000000,628.666667,629.333333,630.000000,630.666667,631.333333,632.000000,
36.926118,36.889648,36.850261,36.807450,36.761031,36.711022,36.657564,36.600868,36.541187,36.478791,36.413958,36.346962,36.278066,36.207514,36.135520,36.062273,35.987930,35.912608,35.836397,35.759370,35.681579,35.603081,35.523947,35.444283,35.364242,35.284038,35.203976,35.124422,35.045785,34.968509,34.892911,
-25.925963,-25.848839,-25.764972,-25.673048,-25.572464,-25.463053,-25.344915,-25.218306,-25.083569,-24.941088,-24.791260,-24.634464,-24.471047,-24.301296,-24.125403,-23.943468,-23.755478,-23.561268,-23.360555,-23.152950,-22.937943,-22.714967,-22.483449,-22.242860,-21.992774,-21.732959,-21.463498,-21.184742,-20.897318,-20.602200,-20.300167,
613.0,0.633333
613.000000,613.633333,614.266667,614.900000,615.533333,616.166667,616.800000,617.433333,618.066667,618.700000,619.333333,619.966667,620.600000,621.233333,621.866667,622.500000,623.133333,623.766667,624.400000,625.033333,625.666667,626.300000,626.933333,627.566667,628.200000,628.833333,629.466667,630.100000,630.733333,631.366667,632.000000,
36.926118,36.886623,36.844613,36.799630,36.751500,36.700228,36.645928,36.588779,36.528995,36.466806,36.402447,36.336142,36.268104,36.198526,36.127574,36.055389,35.982085,35.907750,35.832451,35.756250,35.679211,35.601412,35.522965,35.444042,35.364874,35.285770,35.207144,35.129476,35.053281,34.979090,34.907271,
-25.925963,-25.842411,-25.752879,-25.656168,-25.551718,-25.439365,-25.319195,-25.191438,-25.056398,-24.914412,-24.765818,-24.610920,-24.449976,-24.283172,-24.110585,-23.932192,-23.747852,-23.557271,-23.360038,-23.155642,-22.943459,-22.722826,-22.493086,-22.253647,-22.004047,-21.744029,-21.473678,-21.193356,-20.903709,-20.605720,-20.300167,
614.0,0.600000
614.000000,614.600000,615.200000,615.800000,616.400000,617.000000,617.600000,618.200000,618.800000,619.400000,620.000000,620.600000,621.200000,621.800000,622.400000,623.000000,623.600000,624.200000,624.800000,625.400000,626.000000,626.600000,627.200000,627.800000,628.400000,629.000000,629.600000,630.200000,630.800000,631.400000,632.000000,
36.717622,36.676806,36.633913,36.588577,36.540681,36.490265,36.437467,36.382486,36.325546,36.266886,36.206741,36.145333,36.082860,36.019501,35.955400,35.890676,35.825423,35.759704,35.693563,35.627028,35.560115,35.492831,35.425190,35.357212,35.288931,35.220405,35.151722,35.082994,35.014350,34.945935,34.877852,
-25.478039,-25.388143,-25.292974,-25.191481,-25.083197,-24.968025,-24.846098,-24.717688,-24.583131,-24.442789,-24.297012,-24.146107,-23.990325,-23.829856,-23.664796,-23.495165,-23.320914,-23.141906,-22.957948,-22.768808,-22.574219,-22.373915,-22.167656,-21.955268,-21.736661,-21.511858,-21.281059,-21.044591,-20.802894,-20.556521,-20.305887,
615.0,0.566667
615.000000,615.566667,616.133333,616.700000,617.266667,617.833333,618.400000,618.966667,619.533333,620.100000,620.666667,621.233333,621.800000,622.366667,622.933333,623.500000,624.066667,624.633333,625.200000,625.766667,626.333333,626.900000,627.466667,628.033333,628.600000,629.166667,629.733333,630.300000,630.866667,631.433333,632.000000,
36.717622,36.674754,36.630351,36.584144,36.536052,36.486108,36.434420,36.381131,36.326397,36.270372,36.213197,36.154985,36.095825,36.035782,35.974886,35.913150,35.850567,35.787116,35.722774,35.657524,35.591370,35.524343,35.456517,35.388028,35.319073,35.249919,35.180920,35.112485,35.045044,34.979026,34.914725,
-25.478039,-25.383621,-25.285121,-25.181752,-25.073196,-24.959429,-24.840605,-24.716969,-24.588786,-24.456305,-24.319726,-24.179157,-24.034614,-23.886012,-23.733136,-23.575660,-23.413156,-23.245078,-23.070799,-22.889640,-22.700878,-22.503803,-22.297762,-22.082220,-21.856795,-21.621320,-21.375935,-21.121024,-20.857189,-20.585262,-20.305887,
616.0,0.533333
616.000000,616.533333,617.066667,617.600000,618.133333,618.666667,619.200000,619.733333,620.266667,620.800000,621.333333,621.866667,622.400000,622.933333,623.466667,624.000000,624.533333,625.066667,625.600000,626.133333,626.666667,627.200000,627.733333,628.266667,628.800000,629.333333,629.866667,630.400000,630.933333,631.466667,632.000000,
36.717622,36.672953,36.626895,36.579167,36.529653,36.478340,36.425290,36.370604,36.314409,36.256839,36.198030,36.138110,36.077191,36.015377,35.952751,35.889383,35.825332,35.760653,35.695394,35.629611,35.563376,35.496775,35.429926,35.362984,35.296141,35.229630,35.163733,35.098755,35.035004,34.972773,34.912255,
-25.478039,-25.379698,-25.277614,-25.170953,-25.059287,-24.942453,-24.820458,-24.693414,-24.561475,-24.424812,-24.283579,-24.137883,-23.987781,-23.833263,-23.674237,-23.510539,-23.341936,-23.168119,-22.988730,-22.803381,-22.611668,-22.413199,-22.207634,-21.994721,-21.774316,-21.546417,-21.311221,-21.069071,-20.820436,-20.565897,-20.305887,
617.0,0.500000
617.000000,617.500000,618.000000,618.500000,619.000000,619.500000,620.000000,620.500000,621.000000,621.500000,622.000000,622.500000,623.000000,623.500000,624.000000,624.500000,625.000000,625.500000,626.000000,626.500000,627.000000,627.500000,628.000000,628.500000,629.000000,629.500000,630.000000,630.500000,631.000000,631.500000,632.000000,
36.516396,36.472306,36.427493,36.381811,36.335197,36.287644,36.239178,36.189847,36.139704,36.088804,36.037198,35.984929,35.932029,35.878521,35.824418,35.769727,35.714449,35.658585,35.602136,35.545111,35.487534,35.429443,35.370900,35.311996,35.252851,35.193616,35.134477,35.075638,35.017310,34.959691,34.902914,
-25.027713,-24.926623,-24.823276,-24.717141,-24.607921,-24.495470,-24.379738,-24.260722,-24.138432,-24.012874,-23.884027,-23.751829,-23.616176,-23.476916,-23.333839,-23.186692,-23.035180,-22.878971,-22.717712,-22.551044,-22.378621,-22.200130,-22.015311,-21.823998,-21.626120,-21.421725,-21.211017,-20.994315,-20.772021,-20.544605,-20.312410,
618.0,0.466667
618.000000,618.466667,618.933333,619.400000,619.866667,620.333333,620.800000,621.266667,621.733333,622.200000,622.666667,623.133333,623.600000,624.066667,624.533333,625.000000,625.466667,625.933333,626.400000,626.866667,627.333333,627.800000,628.266667,628.733333,629.200000,629.666667,630.133333,630.600000,631.066667,631.533333,632.000000,
36.516396,36.471544,36.425941,36.379421,36.331905,36.283372,36.233845,36.183368,36.132004,36.079822,36.026890,35.973277,35.919046,35.864253,35.808951,35.753185,35.697002,35.640445,35.583559,35.526398,35.469023,35.411507,35.353938,35.296425,35.239094,35.182088,35.125570,35.069710,35.014674,34.960612,34.907620,
-25.027713,-24.924895,-24.819764,-24.711730,-24.600438,-24.485690,-24.367396,-24.245530,-24.120097,-23.991115,-23.858592,-23.722517,-23.582847,-23.439514,-23.292406,-23.141383,-22.986277,-22.826894,-22.663030,-22.494480,-22.321052,-22.142577,-21.958934,-21.770063,-21.575973,-21.376756,-21.172603,-20.963778,-20.750593,-20.533389,-20.312410,
619.0,0.433333
619.000000,619.433333,619.866667,620.300000,620.733333,621.166667,621.600000,622.033333,622.466667,622.900000,623.333333,623.766667,624.200000,624.633333,625.066667,625.500000,625.933333,626.366667,626.800000,627.233333,627.666667,628.100000,628.533333,628.966667,629.400000,629.833333,630.266667,630.700000,631.133333,631.566667,632.000000,
36.322389,36.279311,36.236054,36.192564,36.148801,36.104736,36.060349,36.015623,35.970545,35.925105,35.879292,35.833099,35.786517,35.739538,35.692157,35.644370,35.596176,35.547580,35.498591,35.449227,35.399514,35.349492,35.299208,35.248728,35.198131,35.147505,35.096955,35.046589,34.996512,34.946820,34.897573,
-24.575044,-24.472093,-24.368207,-24.263066,-24.156412,-24.048030,-23.937736,-23.825362,-23.710747,-23.593736,-23.474170,-23.351885,-23.226710,-23.098467,-22.966969,-22.832028,-22.693453,-22.551059,-22.404669,-22.254124,-22.099296,-21.940085,-21.776440,-21.608363,-21.435914,-21.259214,-21.078451,-20.893861,-20.705704,-20.514241,-20.319655,
620.0,0.400000
620.000000,620.400000,620.800000,621.200000,621.600000,622.000000,622.400000,622.800000,623.200000,623.600000,624.000000,624.400000,624.800000,625.200000,625.600000,626.000000,626.400000,626.800000,627.200000,627.600000,628.000000,628.400000,628.800000,629.200000,629.600000,630.000000,630.400000,630.800000,631.200000,631.600000,632.000000,
36.322389,36.279792,36.237053,36.194118,36.150943,36.107487,36.063718,36.019605,35.975121,35.930243,35.884951,35.839228,35.793060,35.746439,35.699364,35.651840,35.603879,35.555506,35.506757,35.457679,35.408338,35.358814,35.309202,35.259619,35.210194,35.161071,35.112403,35.064347,35.017048,34.970631,34.925172,
-24.575044,-24.473378,-24.371085,-24.267896,-24.163554,-24.057819,-23.950451,-23.841218,-23.729884,-23.616209,-23.499951,-23.380862,-23.258689,-23.133174,-23.004062,-22.871094,-22.734025,-22.592616,-22.446653,-22.295944,-22.140339,-21.979726,-21.814050,-21.643317,-21.467598,-21.287027,-21.101811,-20.912202,-20.718473,-20.520896,-20.319655,
621.0,0.366667
621.000000,621.366667,621.733333,622.100000,622.466667,622.833333,623.200000,623.566667,623.933333,624.300000,624.666667,625.033333,625.400000,625.766667,626.133333,626.500000,626.866667,627.233333,627.600000,627.966667,628.333333,628.700000,629.066667,629.433333,629.800000,630.166667,630.533333,630.900000,631.266667,631.633333,632.000000,
36.135549,36.095526,36.055422,36.015214,35.974883,35.934417,35.893806,35.853046,35.812134,35.771068,35.729849,35.688479,35.646960,35.605296,35.563493,35.521556,35.479494,35.437316,35.395034,35.352662,35.310217,35.267719,35.225190,35.182658,35.140150,35.097698,35.055336,35.013097,34.971012,34.929107,34.887400,
-24.120088,-24.020170,-23.919476,-23.817736,-23.714729,-23.610280,-23.504241,-23.396490,-23.286923,-23.175447,-23.061983,-22.946458,-22.828805,-22.708966,-22.586886,-22.462521,-22.335830,-22.206785,-22.075368,-21.941572,-21.805408,-21.666900,-21.526093,-21.383049,-21.237851,-21.090597,-20.941403,-20.790389,-20.637675,-20.483370,-20.327541,
622.0,0.333333
622.000000,622.333333,622.666667,623.000000,623.333333,623.666667,624.000000,624.333333,624.666667,625.000000,625.333333,625.666667,626.000000,626.333333,626.666667,627.000000,627.333333,627.666667,628.000000,628.333333,628.666667,629.000000,629.333333,629.666667,630.000000,630.333333,630.666667,631.000000,631.333333,631.666667,632.000000,
36.135549,36.097043,36.058422,36.019645,35.980681,35.941506,35.902102,35.862458,35.822564,35.782417,35.742018,35.701371,35.660484,35.619371,35.578048,35.536538,35.494869,35.453076,35.411197,35.369280,35.327377,35.285549,35.243862,35.202387,35.161201,35.120384,35.080015,35.040172,35.000923,34.962323,34.924408,
-24.120088,-24.024112,-23.927539,-23.830118,-23.731617,-23.631825,-23.530540,-23.427577,-23.322757,-23.215909,-23.106872,-22.995491,-22.881619,-22.765118,-22.645860,-22.523727,-22.398618,-22.270446,-22.139142,-22.004660,-21.866977,-21.726097,-21.582048,-21.434893,-21.284719,-21.131639,-20.975790,-20.817320,-20.656374,-20.493087,-20.327541,
623.0,0.300000
623.000000,623.300000,623.600000,623.900000,624.200000,624.500000,624.800000,625.100000,625.400000,625.700000,626.000000,626.300000,626.600000,626.900000,627.200000,627.500000,627.800000,628.100000,628.400000,628.700000,629.000000,629.300000,629.600000,629.900000,630.200000,630.500000,630.800000,631.100000,631.400000,631.700000,632.000000,
35.955823,35.920777,35.885690,35.850550,35.815349,35.780081,35.744742,35.709333,35.673854,35.638309,35.602700,35.567036,35.531320,35.495564,35.459774,35.423962,35.388140,35.352321,35.316519,35.280750,35.245031,35.209380,35.173816,35.138360,35.103032,35.067855,35.032848,34.998032,34.963424,34.929038,34.894881,
-23.662902,-23.571475,-23.479456,-23.386628,-23.292816,-23.197874,-23.101686,-23.004155,-22.905202,-22.804763,-22.702787,-22.599232,-22.494067,-22.387267,-22.278818,-22.168712,-22.056949,-21.943534,-21.828484,-21.711822,-21.593579,-21.473794,-21.352515,-21.229797,-21.105703,-20.980300,-20.853659,-20.725849,-20.596935,-20.466971,-20.335990,
624.0,0.266667
624.000000,624.266667,624.533333,624.800000,625.066667,625.333333,625.600000,625.866667,626.133333,626.400000,626.666667,626.933333,627.200000,627.466667,627.733333,628.000000,628.266667,628.533333,628.800000,629.066667,629.333333,629.600000,629.866667,630.133333,630.400000,630.666667,630.933333,631.200000,631.466667,631.733333,632.000000,
35.783160,35.751862,35.720602,35.689394,35.658248,35.627172,35.596171,35.565250,35.534409,35.503649,35.472970,35.442370,35.411845,35.381392,35.351007,35.320682,35.290413,35.260192,35.230010,35.199861,35.169734,35.139621,35.109511,35.079395,35.049263,35.019106,34.988915,34.958682,34.928400,34.898064,34.867673,
-23.203543,-23.118052,-23.032140,-22.945665,-22.858519,-22.770627,-22.681933,-22.592405,-22.502025,-22.410788,-22.318701,-22.225778,-22.132041,-22.037517,-21.942238,-21.846238,-21.749555,-21.652226,-21.554290,-21.455788,-21.356758,-21.257240,-21.157269,-21.056883,-20.956113,-20.854992,-20.753547,-20.651801,-20.549774,-20.447481,-20.344928,
625.0,0.233333
625.000000,625.233333,625.466667,625.700000,625.933333,626.166667,626.400000,626.633333,626.866667,627.100000,627.333333,627.566667,627.800000,628.033333,628.266667,628.500000,628.733333,628.966667,629.200000,629.433333,629.666667,629.900000,630.133333,630.366667,630.600000,630.833333,631.066667,631.300000,631.533333,631.766667,632.000000,
35.783160,35.754555,35.725900,35.697180,35.668385,35.639510,35.610554,35.581519,35.552409,35.523233,35.494000,35.464721,35.435411,35.406084,35.376757,35.347447,35.318172,35.288954,35.259811,35.230766,35.201841,35.173057,35.144439,35.116007,35.087785,35.059793,35.032052,35.004579,34.977390,34.950496,34.923903,
-23.203543,-23.125485,-23.046923,-22.967667,-22.887553,-22.806447,-22.724236,-22.640829,-22.556149,-22.470136,-22.382742,-22.293929,-22.203672,-22.111953,-22.018763,-21.924100,-21.827972,-21.730391,-21.631375,-21.530951,-21.429150,-21.326008,-21.221568,-21.115873,-21.008974,-20.900919,-20.791760,-20.681543,-20.570313,-20.458101,-20.344928,
626.0,0.200000
626.000000,626.200000,626.400000,626.600000,626.800000,627.000000,627.200000,627.400000,627.600000,627.800000,628.000000,628.200000,628.400000,628.600000,628.800000,629.000000,629.200000,629.400000,629.600000,629.800000,630.000000,630.200000,630.400000,630.600000,630.800000,631.000000,631.200000,631.400000,631.600000,631.800000,632.000000,
35.617508,35.593092,35.568679,35.544273,35.519876,35.495491,35.471121,35.446768,35.422437,35.398131,35.373852,35.349606,35.325396,35.301225,35.277099,35.253021,35.228995,35.205027,35.181120,35.157280,35.133510,35.109817,35.086205,35.062678,35.039242,35.015900,34.992657,34.969516,34.946481,34.923555,34.900737,
-22.742069,-22.672260,-22.602146,-22.531613,-22.460564,-22.388918,-22.316612,-22.243595,-22.169826,-22.095276,-22.019921,-21.943749,-21.866752,-21.788929,-21.710281,-21.630819,-21.550552,-21.469496,-21.387670,-21.305095,-21.221792,-21.137787,-21.053104,-20.967772,-20.881816,-20.795261,-20.708134,-20.620456,-20.532246,-20.443519,-20.354282,
633.0,2.300000
633.000000,635.300000,637.600000,639.900000,642.200000,644.500000,646.800000,649.100000,651.400000,653.700000,656.000000,658.300000,660.600000,662.900000,665.200000,667.500000,669.800000,672.100000,674.400000,676.700000,679.000000,681.300000,683.600000,685.900000,688.200000,690.500000,692.800000,695.100000,697.400000,699.700000,702.000000,
34.767901,34.523507,34.296829,34.094070,33.920895,33.781369,33.679190,33.617962,33.601213,33.632454,33.715200,33.852993,34.049264,34.306892,34.626318,35.007305,35.448918,35.947645,36.499461,37.100515,37.748295,38.440746,39.176601,39.957793,40.787503,41.671503,42.626361,43.670234,44.817884,46.066681,47.411384,
-19.931988,-18.895664,-17.809863,-16.668200,-15.466592,-14.205760,-12.887499,-11.513759,-10.086160,-8.606204,-7.075161,-5.493366,-3.861334,-2.181359,-0.463823,1.279104,3.035023,4.792266,6.539670,8.267687,9.973755,11.657117,13.318402,14.962877,16.597193,18.229804,19.876144,21.552206,23.269606,25.019055,26.789208,
634.0,2.266667
634.000000,636.266667,638.533333,640.800000,643.066667,645.333333,647.600000,649.866667,652.133333,654.400000,656.666667,658.933333,661.200000,663.466667,665.733333,668.000000,670.266667,672.533333,674.800000,677.066667,679.333333,681.600000,683.866667,686.133333,688.400000,690.666667,692.933333,695.200000,697.466667,699.733333,702.000000,
34.649865,34.418674,34.206098,34.018272,33.860732,33.737334,33.651548,33.606745,33.606237,33.653329,33.751330,33.903591,34.113355,34.383319,34.713802,35.104458,35.554255,36.059727,36.616916,37.222059,37.872785,38.567222,39.304394,40.086923,40.918472,41.803864,42.752188,43.773768,44.880321,46.088690,47.413610,
-19.457301,-18.412117,-17.318921,-16.171644,-14.966480,-13.704176,-12.386507,-11.015399,-9.592447,-8.119123,-6.596682,-5.025496,-3.406123,-1.740851,-0.039684,1.685634,3.423122,5.161469,6.889853,8.599031,10.286470,11.951444,13.594743,15.222305,16.841323,18.459562,20.086175,21.730047,23.397474,25.083168,26.780714,
635.0,2.233333
635.000000,637.233333,639.466667,641.700000,643.933333,646.166667,648.400000,650.633333,652.866667,655.100000,657.333333,659.566667,661.800000,664.033333,666.266667,668.500000,670.733333,672.966667,675.200000,677.433333,679.666667,681.900000,684.133333,686.366667,688.600000,690.833333,693.066667,695.300000,697.533333,699.766667,702.000000,
34.538423,34.320768,34.122498,33.949657,33.807637,33.700095,33.630280,33.601344,33.616399,33.678550,33.790913,33.956658,34.178850,34.460013,34.800362,35.199448,35.656164,36.167095,36.728361,37.336301,37.988701,38.683879,39.421102,40.203356,41.034490,41.918493,42.859128,43.861191,44.934349,46.109122,47.414269,
-18.980956,-17.928632,-16.829774,-15.678614,-14.471616,-13.209537,-11.894126,-10.527274,-9.110542,-7.645369,-6.132983,-4.573789,-2.968386,-1.319049,0.364588,2.071199,3.789218,5.507680,7.216100,8.905540,10.573529,12.219391,13.844051,15.453836,17.056196,18.658250,20.264490,21.878548,23.502816,25.134975,26.772271,
636.0,2.200000
636.000000,638.200000,640.400000,642.600000,644.800000,647.000000,649.200000,651.400000,653.600000,655.800000,658.000000,660.200000,662.400000,664.600000,666.800000,669.000000,671.200000,673.400000,675.600000,677.800000,680.000000,682.200000,684.400000,686.600000,688.800000,691.000000,693.200000,695.400000,697.600000,699.800000,702.000000,
34.538423,34.320297,34.121895,33.949179,33.807417,33.700140,33.630460,33.601390,33.615902,33.676962,33.787550,33.950711,34.169380,34.445962,34.780615,35.172815,35.621285,36.122089,36.670959,37.264816,37.906172,38.598743,39.345971,40.148901,41.007836,41.922204,42.888323,43.903488,44.972441,46.131853,47.417520,
-18.980956,-17.925990,-16.825653,-15.674395,-14.468875,-13.209839,-11.898986,-10.538162,-9.128892,-7.672581,-6.170429,-4.622837,-3.030401,-1.395372,0.272883,1.963283,3.664300,5.364132,7.051692,8.719313,10.373748,12.024704,13.680524,15.340572,17.001973,18.660933,20.311843,21.949080,23.568794,25.174961,26.772271,
637.0,2.166667
637.000000,639.166667,641.333333,643.500000,645.666667,647.833333,650.000000,652.166667,654.333333,656.500000,658.666667,660.833333,663.000000,665.166667,667.333333,669.500000,671.666667,673.833333,676.000000,678.166667,680.333333,682.500000,684.666667,686.833333,689.000000,691.166667,693.333333,695.500000,697.666667,699.833333,702.000000,
34.433523,34.229478,34.045707,33.888053,33.761617,33.669740,33.615337,33.601222,33.630184,33.705012,33.828507,34.003523,34.232808,34.518592,34.860971,35.259405,35.712751,36.217863,36.771165,37.369224,38.009654,38.690488,39.410547,40.171644,40.977069,41.833522,42.761072,43.781017,44.906626,46.115051,47.380962,
-18.503008,-17.444033,-16.341168,-15.189147,-13.984879,-12.729106,-11.423488,-10.069818,-8.669572,-7.224105,-5.734589,-4.201492,-2.625488,-1.008839,0.639506,2.308999,3.988858,5.668860,7.339246,8.991700,10.623722,12.234442,13.824265,15.397500,16.959920,18.519763,20.094502,21.702559,23.357217,25.048492,26.763918,
638.0,2.133333
638.000000,640.133333,642.266667,644.400000,646.533333,648.666667,650.800000,652.933333,655.066667,657.200000,659.333333,661.466667,663.600000,665.733333,667.866667,670.000000,672.133333,674.266667,676.400000,678.533333,680.666667,682.800000,684.933333,687.066667,689.200000,691.333333,693.466667,695.600000,697.733333,699.866667,702.000000,
34.335113,34.145279,33.976157,33.833456,33.722100,33.645250,33.605636,33.605883,33.648606,33.736425,33.871974,34.057949,34.296940,34.591033,34.940246,35.343978,35.801042,36.308376,36.862507,37.460104,38.098840,38.776814,39.492934,40.249158,41.048918,41.898892,42.818180,43.826965,44.937643,46.128231,47.374398,
-18.023515,-16.962086,-15.858244,-14.706998,-13.505490,-12.254457,-10.955508,-9.610383,-8.220504,-6.787180,-5.311542,-3.794083,-2.235505,-0.638048,0.989687,2.637556,4.295171,5.952662,7.600607,9.230984,10.841315,12.430720,13.999594,15.552203,17.094270,18.633868,20.187664,21.773185,23.403015,25.067773,26.755691,
639.0,2.100000
639.000000,641.100000,643.200000,645.300000,647.400000,649.500000,651.600000,653.700000,655.800000,657.900000,660.000000,662.100000,664.200000,666.300000,668.400000,670.500000,672.600000,674.700000,676.800000,678.900000,681.000000,683.100000,685.200000,687.300000,689.400000,691.500000,693.600000,695.700000,697.800000,699.900000,702.000000,
34.243141,34.067565,33.913038,33.785126,33.688567,33.626355,33.601040,33.615072,33.670902,33.770989,33.917815,34.113950,34.361865,34.663514,35.018779,35.426895,35.886446,36.393922,36.945582,37.538794,38.175834,38.860077,39.594612,40.380218,41.216983,42.104380,43.040000,44.022467,45.056618,46.172402,47.398839,
-17.542534,-16.480023,-15.376567,-14.227439,-13.030003,-11.784983,-10.493937,-9.158545,-7.780176,-6.360088,-4.899361,-3.398463,-1.858075,-0.280403,1.326160,2.951656,4.585744,6.218024,7.838817,9.441534,11.031854,12.618098,14.207426,15.799467,17.391840,18.981235,20.562449,22.130239,23.681082,25.218733,26.747625,
640.0,2.066667
640.000000,642.066667,644.133333,646.200000,648.266667,650.333333,652.400000,654.466667,656.533333,658.600000,660.666667,662.733333,664.800000,666.866667,668.933333,671.000000,673.066667,675.133333,677.200000,679.266667,681.333333,683.400000,685.466667,687.533333,689.600000,691.666667,693.733333,695.800000,697.866667,699.933333,702.000000,
34.157555,33.996245,33.856220,33.742894,33.660816,33.612815,33.601281,33.628497,33.696763,33.808388,33.965707,34.171147,34.427035,34.735189,35.095423,35.506914,35.968224,36.476003,37.026691,37.617798,38.251438,38.930777,39.658698,40.435880,41.262442,42.138402,43.063903,44.040115,45.072304,46.181672,47.388394,
-17.060122,-15.997973,-14.896336,-13.750739,-12.558750,-11.321080,-10.039227,-8.714804,-7.349123,-5.943383,-4.498623,-3.015327,-1.494203,0.062560,1.646883,3.249175,4.859480,6.467860,8.065096,9.644939,11.212689,12.776171,14.342082,15.909947,17.477433,19.041704,20.599693,22.148536,23.686453,25.215918,26.739754,
641.0,2.033333
641.000000,643.033333,645.066667,647.100000,649.133333,651.166667,653.200000,655.233333,657.266667,659.300000,661.333333,663.366667,665.400000,667.433333,669.466667,671.500000,673.533333,675.566667,677.600000,679.633333,681.666667,683.700000,685.733333,687.766667,689.800000,691.833333,693.866667,695.900000,697.933333,699.966667,702.000000,
34.078303,33.931193,33.805518,33.706531,33.638591,33.604372,33.606109,33.645935,33.726006,33.848492,34.015587,34.229580,34.492662,34.806522,35.170913,35.584968,36.047239,36.554533,37.103475,37.691699,38.321119,38.994639,39.714917,40.482610,41.298015,42.161948,43.077716,44.049577,45.083178,46.188872,47.375894,
-16.576337,-15.515795,-14.417208,-13.276343,-12.090967,-10.861769,-9.590184,-8.277757,-6.925740,-5.535271,-4.107344,-2.642463,-1.141361,0.393792,1.955225,3.533708,5.119671,6.703631,8.276824,9.833324,11.378033,12.918248,14.460179,16.003220,17.545108,19.083656,20.618641,22.150373,23.679359,25.206378,26.732108,
642.0,2.000000
642.000000,644.000000,646.000000,648.000000,650.000000,652.000000,654.000000,656.000000,658.000000,660.000000,662.000000,664.000000,666.000000,668.000000,670.000000,672.000000,674.000000,676.000000,678.000000,680.000000,682.000000,684.000000,686.000000,688.000000,690.000000,692.000000,694.000000,696.000000,698.000000,700.000000,702.000000,
34.005333,33.872283,33.760751,33.675823,33.621667,33.600812,33.615349,33.667270,33.758597,33.891366,34.067640,34.289576,34.559233,34.878178,35.246111,35.662131,36.124788,36.631045,37.177703,37.762507,38.387133,39.054195,39.766123,40.523672,41.327474,42.179335,43.085892,44.054586,45.091259,46.194536,47.361873,
-16.091234,-15.033237,-13.938617,-12.803373,-11.625456,-10.405531,-9.144970,-7.845249,-6.507554,-5.132967,-3.722436,-2.276481,-0.795865,0.717262,2.255434,3.809777,5.371105,6.930381,8.479286,10.012200,11.533606,13.050248,14.567836,16.085660,17.601589,19.114231,20.626567,22.142462,23.664967,25.192961,26.724717,
643.0,1.966667
643.000000,644.966667,646.933333,648.900000,650.866667,652.833333,654.800000,656.766667,658.733333,660.700000,662.666667,664.633333,666.600000,668.566667,670.533333,672.500000,674.466667,676.433333,678.400000,680.366667,682.333333,684.300000,686.266667,688.233333,690.200000,692.166667,694.133333,696.100000,698.066667,700.033333,702.000000,
33.938593,33.819410,33.721773,33.650604,33.609881,33.601992,33.628897,33.692454,33.794560,33.937126,34.122090,34.351483,34.627234,34.950794,35.321821,35.739387,36.202048,36.706914,37.250950,37.831993,38.451464,39.111673,39.814841,40.561948,41.354117,42.194258,43.092177,44.058260,45.098265,46.199189,47.346859,
-15.604872,-14.550089,-13.460083,-12.331073,-11.161185,-9.951060,-8.702006,-7.415425,-6.092442,-4.734080,-3.341243,-1.914472,-0.454555,1.036377,2.551156,4.081264,5.617890,7.152438,8.677015,10.186290,11.684309,13.177250,14.670321,16.162768,17.652683,19.139577,20.629699,22.130534,23.647683,25.178100,26.717607,
644.0,1.933333
644.000000,645.933333,647.866667,649.800000,651.733333,653.666667,655.600000,657.533333,659.466667,661.400000,663.333333,665.266667,667.200000,669.133333,671.066667,673.000000,674.933333,676.866667,678.800000,680.733333,682.666667,684.600000,686.533333,688.466667,690.400000,692.333333,694.266667,696.200000,698.133333,700.066667,702.000000,
33.878030,33.772480,33.688466,33.630745,33.603108,33.607814,33.646702,33.721515,33.834046,33.986102,34.179495,34.416036,34.697407,35.024804,35.397655,35.814967,36.275870,36.780410,37.328896,37.921746,38.559537,39.242674,39.970743,40.740331,41.547659,42.390526,43.273216,44.202126,45.185364,46.235526,47.363544,
-15.117308,-14.066115,-12.981078,-11.858628,-10.697056,-9.496972,-8.259609,-6.986286,-5.678032,-4.335786,-2.960441,-1.552777,-0.113890,1.353812,2.843151,4.345989,5.855253,7.368935,8.886411,10.407334,11.931051,13.456478,14.981176,16.497895,17.998724,19.477997,20.939411,22.389017,23.832630,25.272780,26.710802,
645.0,1.900000
645.000000,646.900000,648.800000,650.700000,652.600000,654.500000,656.400000,658.300000,660.200000,662.100000,664.000000,665.900000,667.800000,669.700000,671.600000,673.500000,675.400000,677.300000,679.200000,681.100000,683.000000,684.900000,686.800000,688.700000,690.600000,692.500000,694.400000,696.300000,698.200000,700.100000,702.000000,
33.775229,33.695862,33.638102,33.606522,33.604699,33.634732,33.698307,33.797014,33.932494,34.106404,34.320430,34.576337,34.875799,35.220051,35.608760,36.041060,36.515634,37.029968,37.581272,38.166887,38.784937,39.434007,40.113644,40.826599,41.577077,42.371612,43.224135,44.148781,45.153057,46.219041,47.327250,
-14.138799,-13.090183,-12.009350,-10.892974,-9.739525,-8.549597,-7.324364,-6.065086,-4.772767,-3.448320,-2.092578,-0.706141,0.710134,2.154198,3.619708,5.099124,6.584652,8.068715,9.544084,11.004630,12.448066,13.873454,15.281130,16.674946,18.060177,19.443994,20.839364,22.259707,23.714365,25.196718,26.698203,
646.0,1.866667
646.000000,647.866667,649.733333,651.600000,653.466667,655.333333,657.200000,659.066667,660.933333,662.800000,664.666667,666.533333,668.400000,670.266667,672.133333,674.000000,675.866667,677.733333,679.600000,681.466667,683.333333,685.200000,687.066667,688.933333,690.800000,692.666667,694.533333,696.400000,698.266667,700.133333,702.000000,
33.732887,33.666431,33.621523,33.602579,33.613003,33.654777,33.729481,33.838601,33.983671,34.166247,34.387908,34.650310,34.955016,35.303163,35.694396,36.127844,36.602195,37.115007,37.663564,38.245267,38.858211,39.500957,40.173113,40.877731,41.619458,42.405448,43.250663,44.169960,45.170013,46.226971,47.315577,
-13.647969,-12.603074,-11.527279,-10.417448,-9.272195,-8.092089,-6.878242,-5.631848,-4.353856,-3.045128,-1.706459,-0.338467,1.057968,2.480822,3.924040,5.380420,6.842505,8.303021,9.755023,11.192608,12.613439,14.016480,15.401976,16.773685,18.136901,19.499160,20.874849,22.278959,23.721888,25.196246,26.692447,
647.0,1.833333
647.000000,648.833333,650.666667,652.500000,654.333333,656.166667,658.000000,659.833333,661.666667,663.500000,665.333333,667.166667,669.000000,670.833333,672.666667,674.500000,676.333333,678.166667,680.000000,681.833333,683.666667,685.500000,687.333333,689.166667,691.000000,692.833333,694.666667,696.500000,698.333333,700.166667,702.000000,
33.696514,33.642711,33.610388,33.603815,33.626223,33.679486,33.765083,33.884401,34.038884,34.229995,34.459226,34.728136,35.038183,35.390378,35.784194,36.218574,36.692060,37.202243,37.746672,38.323692,38.934625,39.581579,40.266573,40.990526,41.754219,42.559045,43.408766,44.307769,45.260361,46.269932,47.338952,
-13.156164,-12.114740,-11.043708,-9.940114,-8.802707,-7.632035,-6.429154,-5.195191,-3.931029,-2.637471,-1.315261,0.034984,1.412366,2.814832,4.236350,5.669748,7.107640,8.542985,9.969419,11.382728,12.785925,14.183812,15.580554,16.976164,18.369561,19.759775,21.147338,22.533183,23.918207,25.302780,26.687080,
648.0,1.800000
648.000000,649.800000,651.600000,653.400000,655.200000,657.000000,658.800000,660.600000,662.400000,664.200000,666.000000,667.800000,669.600000,671.400000,673.200000,675.000000,676.800000,678.600000,680.400000,682.200000,684.000000,685.800000,687.600000,689.400000,691.200000,693.000000,694.800000,696.600000,698.400000,700.200000,702.000000,
33.666059,33.624661,33.604675,33.610225,33.644381,33.708912,33.805203,33.934550,34.098304,34.297835,34.534540,34.809872,35.125179,35.481380,35.877921,36.313743,36.787407,37.296617,37.839047,38.413121,39.020019,39.661672,40.340005,41.056143,41.811189,42.606963,43.447895,44.338835,45.283530,46.281334,47.330785,
-12.663442,-11.625180,-10.558576,-9.460849,-8.330878,-7.169187,-5.976776,-4.754708,-3.503817,-2.224857,-0.918544,0.414482,1.773291,3.155847,4.556382,5.968046,7.383790,8.796938,10.201477,11.593423,12.975470,14.352000,15.726837,17.100089,18.470912,19.838755,21.205053,22.571698,23.940242,25.310540,26.682114,
649.0,1.766667
649.000000,650.766667,652.533333,654.300000,656.066667,657.833333,659.600000,661.366667,663.133333,664.900000,666.666667,668.433333,670.200000,671.966667,673.733333,675.500000,677.266667,679.033333,680.800000,682.566667,684.333333,686.100000,687.866667,689.633333,691.400000,693.166667,694.933333,696.700000,698.466667,700.233333,702.000000,
33.641469,33.612250,33.604362,33.621793,33.667454,33.743015,33.849774,33.988940,34.161775,34.369565,34.613613,34.895270,35.215781,35.575971,35.975267,36.412607,36.886573,37.394976,37.935610,38.506982,39.110154,39.746923,40.419136,41.128091,41.875138,42.662351,43.494336,44.375937,45.310305,46.294337,47.324235,
-12.169860,-11.134626,-10.072290,-8.980240,-7.857471,-6.704488,-5.522235,-4.311717,-3.073717,-1.808947,-0.518095,0.798173,2.138899,3.502062,4.882154,6.272635,7.666789,9.058289,10.441458,11.812535,13.173923,14.529626,15.883162,17.234739,18.583731,19.929873,21.275010,22.621443,23.970987,25.323282,26.677566,
650.0,1.733333
650.000000,651.733333,653.466667,655.200000,656.933333,658.666667,660.400000,662.133333,663.866667,665.600000,667.333333,669.066667,670.800000,672.533333,674.266667,676.000000,677.733333,679.466667,681.200000,682.933333,684.666667,686.400000,688.133333,689.866667,691.600000,693.333333,695.066667,696.800000,698.533333,700.266667,702.000000,
33.622692,33.605437,33.609410,33.638468,33.695368,33.781687,33.898640,34.047353,34.229010,34.444810,34.695972,34.983746,35.309279,35.673305,36.075235,36.514008,36.988229,37.495812,38.034665,38.603377,39.202917,39.834965,40.501308,41.203394,41.942771,42.721670,43.544623,44.416229,45.339024,46.308259,47.318622,
-11.675475,-10.643392,-9.585424,-8.499117,-7.383576,-6.239285,-5.067136,-3.868076,-2.642842,-1.392105,-0.116527,1.183201,2.506092,3.850143,5.210098,6.579722,7.952623,9.322811,10.684933,12.035439,13.376468,14.711670,16.044284,17.374611,18.702224,20.027070,21.351155,22.676914,24.006244,25.338706,26.673447,
651.0,1.700000
651.000000,652.700000,654.400000,656.100000,657.800000,659.500000,661.200000,662.900000,664.600000,666.300000,668.000000,669.700000,671.400000,673.100000,674.800000,676.500000,678.200000,679.900000,681.600000,683.300000,685.000000,686.700000,688.400000,690.100000,691.800000,693.500000,695.200000,696.900000,698.600000,700.300000,702.000000,
33.609677,33.604168,33.619760,33.660178,33.728032,33.824809,33.951648,34.109597,34.299763,34.523268,34.781247,35.074857,35.405145,35.772763,36.177109,36.617125,37.091441,37.598069,38.135030,38.700991,39.296841,39.924161,40.584688,41.280010,42.011853,42.782561,43.596476,44.457844,45.368567,46.322592,47.313435,
-11.180344,-10.151709,-9.098382,-8.018057,-6.909942,-5.774500,-4.612570,-3.425047,-2.212621,-0.975927,0.284398,1.567639,2.872781,4.197842,5.537810,6.886752,8.238589,9.587661,10.928920,12.259021,13.579856,14.894738,16.206647,17.515973,18.822467,20.126260,21.429427,22.734444,24.043217,25.355286,26.669766,
652.0,1.666667
652.000000,653.666667,655.333333,657.000000,658.666667,660.333333,662.000000,663.666667,665.333333,667.000000,668.666667,670.333333,672.000000,673.666667,675.333333,677.000000,678.666667,680.333333,682.000000,683.666667,685.333333,687.000000,688.666667,690.333333,692.000000,693.666667,695.333333,697.000000,698.666667,700.333333,702.000000,
33.602371,33.608388,33.635351,33.686858,33.765377,33.872312,34.008724,34.175595,34.373954,34.604853,34.869348,35.168503,35.503274,35.874231,36.280762,36.721815,37.196050,37.701574,38.236512,38.799611,39.391694,40.014256,40.668996,41.357633,42.082045,42.844651,43.649522,44.500469,45.398752,46.337262,47.308600,
-10.684524,-9.659657,-8.611267,-7.537187,-6.436718,-5.310302,-4.158731,-2.982845,-1.783294,-0.560675,0.684392,1.951174,3.238628,4.544796,5.864905,7.193316,8.524256,9.852381,11.172941,12.482781,13.783564,15.078288,16.369686,17.658229,18.943834,20.226784,21.509165,22.793429,24.081447,25.372773,26.666534,
653.0,1.633333
653.000000,654.633333,656.266667,657.900000,659.533333,661.166667,662.800000,664.433333,666.066667,667.700000,669.333333,670.966667,672.600000,674.233333,675.866667,677.500000,679.133333,680.766667,682.400000,684.033333,685.666667,687.300000,688.933333,690.566667,692.200000,693.833333,695.466667,697.100000,698.733333,700.366667,702.000000,
33.604678,33.633244,33.682569,33.756109,33.856174,33.984071,34.140782,34.327204,34.544287,34.792997,35.074308,35.389201,35.738555,36.122910,36.541763,36.994210,37.479045,37.994460,38.538501,39.109332,39.705660,40.326464,40.971081,41.639779,42.333612,43.055311,43.812426,44.613437,45.465112,46.367568,47.319366,
-9.691045,-8.670516,-7.627823,-6.560953,-5.469302,-4.353292,-3.213667,-2.051216,-0.866559,0.339726,1.567035,2.814631,4.081489,5.365763,6.663151,7.968554,9.276670,10.582317,11.880569,13.167229,14.440280,15.698508,16.941215,18.168606,19.381692,20.583279,21.781343,22.984776,24.200346,25.426829,26.661442,
654.0,1.600000
654.000000,655.600000,657.200000,658.800000,660.400000,662.000000,663.600000,665.200000,666.800000,668.400000,670.000000,671.600000,673.200000,674.800000,676.400000,678.000000,679.600000,681.200000,682.800000,684.400000,686.000000,687.600000,689.200000,690.800000,692.400000,694.000000,695.600000,697.200000,698.800000,700.400000,702.000000,
33.614187,33.653639,33.713631,33.797503,33.907434,34.044655,34.210083,34.404555,34.628955,34.884185,35.171150,35.490752,35.843790,36.230736,36.651081,37.103935,37.588115,38.101878,38.643346,39.210760,39.802888,40.418772,41.057831,41.720443,42.407736,43.122340,43.871067,44.661517,45.499706,46.385659,47.317995,
-9.193500,-8.177616,-7.140677,-6.080794,-4.997437,-3.891009,-2.762209,-1.611781,-0.440306,0.751667,1.963554,3.194605,4.443785,5.709279,6.987003,8.272121,9.559597,10.844495,12.122118,13.388462,14.641560,15.880222,17.103783,18.312516,19.507466,20.691268,21.871007,23.054557,24.247950,25.450370,26.659592,
655.0,1.566667
655.000000,656.566667,658.133333,659.700000,661.266667,662.833333,664.400000,665.966667,667.533333,669.100000,670.666667,672.233333,673.800000,675.366667,676.933333,678.500000,680.066667,681.633333,683.200000,684.766667,686.333333,687.900000,689.466667,691.033333,692.600000,694.166667,695.733333,697.300000,698.866667,700.433333,702.000000,
33.629197,33.679250,33.749576,33.843434,33.962927,34.109293,34.283459,34.486222,34.718270,34.980185,35.272314,35.594359,35.945843,36.326350,36.735855,37.174449,37.642208,38.139050,38.664718,39.218548,39.798743,40.403390,41.031332,41.683975,42.364049,43.076000,43.828481,44.629773,45.482735,46.373122,47.286008,
-8.695494,-7.684873,-6.654322,-5.601970,-4.527225,-3.430272,-2.311595,-1.171870,-0.012091,1.166455,2.361845,3.570405,4.788073,6.011301,7.238569,8.469038,9.702034,10.936733,12.172022,13.406009,14.634565,15.853153,17.058133,18.249189,19.427873,20.598456,21.772111,22.961097,24.174265,25.408405,26.658209,
656.0,1.533333
656.000000,657.533333,659.066667,660.600000,662.133333,663.666667,665.200000,666.733333,668.266667,669.800000,671.333333,672.866667,674.400000,675.933333,677.466667,679.000000,680.533333,682.066667,683.600000,685.133333,686.666667,688.200000,689.733333,691.266667,692.800000,694.333333,695.866667,697.400000,698.933333,700.466667,702.000000,
33.649656,33.710064,33.790463,33.894005,34.022678,34.177643,34.359764,34.569769,34.808276,35.075794,35.372616,35.698449,36.052835,36.435374,36.846020,37.284832,37.751845,38.246925,38.769769,39.319717,39.895145,40.494365,41.116450,41.762961,42.436705,43.141959,43.886423,44.677244,45.516380,46.389884,47.283334,
-8.197085,-7.192373,-6.168777,-5.124528,-4.059086,-2.972637,-1.865650,-0.738789,0.406955,1.570303,2.749394,3.940803,5.140757,6.345950,7.554894,8.766725,9.980720,11.196000,12.411412,13.625092,14.833192,16.031517,17.216759,18.388774,19.549198,20.702170,21.857980,23.027871,24.219936,25.431336,26.657294,
657.0,1.500000
657.000000,658.500000,660.000000,661.500000,663.000000,664.500000,666.000000,667.500000,669.000000,670.500000,672.000000,673.500000,675.000000,676.500000,678.000000,679.500000,681.000000,682.500000,684.000000,685.500000,687.000000,688.500000,690.000000,691.500000,693.000000,694.500000,696.000000,697.500000,699.000000,700.500000,702.000000,
33.706712,33.787543,33.887992,34.011083,34.158681,34.331889,34.531532,34.758326,35.012915,35.295839,35.607381,35.947122,36.314340,36.708071,37.126902,37.569321,38.033969,38.520048,39.027077,39.555000,40.104766,40.677769,41.275796,41.901406,42.557592,43.247927,43.977362,44.750121,45.566783,46.417250,47.291286,
-7.199283,-6.202168,-5.187404,-4.153340,-3.099492,-2.025993,-0.933224,0.178277,1.307734,2.454078,3.615577,4.788712,5.969334,7.153107,8.335744,9.513215,10.682231,11.841569,12.990901,14.130621,15.262494,16.388696,17.511329,18.631842,19.751771,20.873583,22.002564,23.144294,24.302448,25.474458,26.656866,
658.0,1.466667
658.000000,659.466667,660.933333,662.400000,663.866667,665.333333,666.800000,668.266667,669.733333,671.200000,672.666667,674.133333,675.600000,677.066667,678.533333,680.000000,681.466667,682.933333,684.400000,685.866667,687.333333,688.800000,690.266667,691.733333,693.200000,694.666667,696.133333,697.600000,699.066667,700.533333,702.000000,
33.743205,33.833545,33.943131,34.074893,34.230590,34.411262,34.617680,34.850498,35.110295,35.397545,35.712472,36.054647,36.423353,36.817645,37.236165,37.677467,38.140250,38.623743,39.127485,39.651440,40.196563,40.764272,41.356413,41.975688,42.625212,43.308517,44.030001,44.793128,45.597610,46.432570,47.287203,
-6.700005,-5.710779,-4.704888,-3.680760,-2.637950,-1.576583,-0.497024,0.600201,1.714310,2.844231,3.988268,5.143093,6.304790,7.469265,8.632476,9.790619,10.940589,12.081183,13.212038,14.333485,15.447129,16.554994,17.659094,18.761011,19.862472,20.966077,22.076974,23.200529,24.340239,25.493624,26.657348,
659.0,1.433333
659.000000,660.433333,661.866667,663.300000,664.733333,666.166667,667.600000,669.033333,670.466667,671.900000,673.333333,674.766667,676.200000,677.633333,679.066667,680.500000,681.933333,683.366667,684.800000,686.233333,687.666667,689.100000,690.533333,691.966667,693.400000,694.833333,696.266667,697.700000,699.133333,700.566667,702.000000,
33.784939,33.884407,34.002712,34.142685,34.305990,34.493605,34.706246,34.944512,35.208918,35.499875,35.817557,36.161528,36.531077,36.925282,37.342835,37.782350,38.242579,38.722767,39.222464,39.741654,40.281321,40.842942,41.428486,42.040916,42.683607,43.360182,44.074609,44.829615,45.623819,46.444653,47.279892,
-6.200552,-5.220287,-4.224309,-3.211120,-2.180307,-1.131989,-0.066518,1.015592,2.113552,3.226293,4.352159,5.488008,6.630151,7.774732,8.917943,10.056201,11.186572,12.307859,13.419652,14.522198,15.616941,16.705750,17.790587,18.873266,19.955850,21.041294,22.135014,23.242577,24.367550,25.507295,26.658288,
660.0,1.400000
660.000000,661.400000,662.800000,664.200000,665.600000,667.000000,668.400000,669.800000,671.200000,672.600000,674.000000,675.400000,676.800000,678.200000,679.600000,681.000000,682.400000,683.800000,685.200000,686.600000,688.000000,689.400000,690.800000,692.200000,693.600000,695.000000,696.400000,697.800000,699.200000,700.600000,702.000000,
33.883921,34.001759,34.137938,34.295184,34.475058,34.678472,34.906080,35.158421,35.435943,35.738994,36.067701,36.421646,36.800166,37.202416,37.627254,38.073461,38.539887,39.025660,39.530036,40.052373,40.592208,41.149322,41.724048,42.318122,42.934092,43.575532,44.248250,44.957943,45.707734,46.493190,47.309095,
-5.201347,-4.232288,-3.248587,-2.248834,-1.232651,-0.200160,0.848296,1.912205,2.990777,4.082952,5.187136,6.300432,7.419452,8.540677,9.660661,10.776151,11.884368,12.983779,14.073342,15.152239,16.219828,17.275709,18.320016,19.354245,20.380817,21.403545,22.429481,23.466011,24.518292,25.584501,26.661518,
661.0,1.366667
661.000000,662.366667,663.733333,665.100000,666.466667,667.833333,669.200000,670.566667,671.933333,673.300000,674.666667,676.033333,677.400000,678.766667,680.133333,681.500000,682.866667,684.233333,685.600000,686.966667,688.333333,689.700000,691.066667,692.433333,693.800000,695.166667,696.533333,697.900000,699.266667,700.633333,702.000000,
33.941065,34.066964,34.210713,34.374949,34.561147,34.770162,35.002598,35.258941,35.539588,35.844834,36.174769,36.528978,36.906815,37.307458,37.729801,38.172661,38.634909,39.115660,39.614161,40.129806,40.662296,41.211652,41.778542,42.365209,42.974701,43.610857,44.279038,44.983998,45.727199,46.501050,47.297586,
-4.701710,-3.743942,-2.772411,-1.785769,-0.783665,0.233787,1.266249,2.313219,3.373912,4.447278,5.531778,6.624691,7.722848,8.822947,9.921743,11.016153,12.103522,13.182286,14.251333,15.309789,16.357030,17.392733,18.417220,19.432394,20.441189,21.447968,22.460269,23.485867,24.530046,25.590552,26.663792,
662.0,1.333333
662.000000,663.333333,664.666667,666.000000,667.333333,668.666667,670.000000,671.333333,672.666667,674.000000,675.333333,676.666667,678.000000,679.333333,680.666667,682.000000,683.333333,684.666667,686.000000,687.333333,688.666667,690.000000,691.333333,692.666667,694.000000,695.333333,696.666667,698.000000,699.333333,700.666667,702.000000,
34.003241,34.136734,34.287552,34.458247,34.650213,34.864252,35.100917,35.360648,35.643792,35.950597,36.281117,36.634941,37.011438,37.409803,37.828957,38.267739,38.725037,39.199951,39.691732,40.199838,40.724188,41.265116,41.823713,42.402818,43.006060,43.637586,44.302256,45.003752,45.741626,46.504687,47.281862,
-4.202126,-3.256734,-2.298423,-1.325907,-0.338853,0.662625,1.678201,2.707376,3.749376,4.803169,5.867269,6.939130,8.015791,9.094159,10.171168,11.243893,12.309782,13.367227,14.415033,15.452270,16.478343,17.493047,18.496962,19.492543,20.483419,21.474720,22.474746,23.491901,24.531721,25.591346,26.666492,
663.0,1.300000
663.000000,664.300000,665.600000,666.900000,668.200000,669.500000,670.800000,672.100000,673.400000,674.700000,676.000000,677.300000,678.600000,679.900000,681.200000,682.500000,683.800000,685.100000,686.400000,687.700000,689.000000,690.300000,691.600000,692.900000,694.200000,695.500000,696.800000,698.100000,699.400000,700.700000,702.000000,
34.142483,34.292081,34.458597,34.644509,34.851098,35.078929,35.328230,35.598963,35.890685,36.202788,36.534597,36.885420,37.254639,37.641870,38.047309,38.471343,38.914310,39.376222,39.856929,40.356144,40.873355,41.408193,41.960922,42.533469,43.128525,43.749306,44.399741,45.082934,45.798914,46.539799,47.297698,
-3.203344,-2.272436,-1.329055,-0.371967,0.598979,1.583151,2.579466,3.586344,4.601239,5.621280,6.643629,7.665874,8.686010,9.702759,10.716517,11.728218,12.738674,13.747794,14.754999,15.759221,16.758491,17.750795,18.734899,19.711823,20.683875,21.654773,22.630953,23.619048,24.623536,25.642568,26.673128,
664.0,1.266667
664.000000,665.266667,666.533333,667.800000,669.066667,670.333333,671.600000,672.866667,674.133333,675.400000,676.666667,677.933333,679.200000,680.466667,681.733333,683.000000,684.266667,685.533333,686.800000,688.066667,689.333333,690.600000,691.866667,693.133333,694.400000,695.666667,696.933333,698.200000,699.466667,700.733333,702.000000,
34.219444,34.375420,34.547709,34.738653,34.949408,35.180470,35.432031,35.704098,35.996449,36.308793,36.640866,36.992548,37.363767,37.754428,38.164335,38.593195,39.040539,39.505509,39.987166,40.484730,40.997954,41.527006,42.072685,42.637149,43.223152,43.833762,44.472339,45.141369,45.840599,46.562982,47.301535,
-2.704261,-1.787889,-0.859888,0.080795,1.034189,1.999639,2.976137,3.962352,4.956414,5.956331,6.960306,7.967215,8.976200,9.986487,10.997259,12.007578,13.016203,14.021170,15.020326,16.011707,16.994077,17.966747,18.929836,19.885176,20.835585,21.784929,22.739022,23.703681,24.682783,25.674764,26.677039,
665.0,1.233333
665.000000,666.233333,667.466667,668.700000,669.933333,671.166667,672.400000,673.633333,674.866667,676.100000,677.333333,678.566667,679.800000,681.033333,682.266667,683.500000,684.733333,685.966667,687.200000,688.433333,689.666667,690.900000,692.133333,693.366667,694.600000,695.833333,697.066667,698.300000,699.533333,700.766667,702.000000,
34.387787,34.557896,34.743692,34.947476,35.170385,35.412911,35.675228,35.957271,36.258640,36.578768,36.916974,37.272414,37.644208,38.031518,38.433673,38.850109,39.280395,39.724355,40.182039,40.653863,41.141033,41.645207,42.168525,42.713980,43.284794,43.883964,44.513632,45.174508,45.864192,46.573142,47.292451,
-1.706995,-0.807756,0.102315,1.024297,1.958295,2.903743,3.859679,4.824723,5.796727,6.773228,7.751670,8.729543,9.704479,10.674442,11.638191,12.594873,13.543926,14.485195,15.418796,16.345176,17.265438,18.181071,19.093983,20.006850,20.922835,21.845690,22.780291,23.731202,24.700988,25.687016,26.685973,
666.0,1.200000
666.000000,667.200000,668.400000,669.600000,670.800000,672.000000,673.200000,674.400000,675.600000,676.800000,678.000000,679.200000,680.400000,681.600000,682.800000,684.000000,685.200000,686.400000,687.600000,688.800000,690.000000,691.200000,692.400000,693.600000,694.800000,696.000000,697.200000,698.400000,699.600000,700.800000,702.000000,
34.479065,34.654239,34.844510,35.052065,35.277934,35.522515,35.785887,36.067916,36.368179,36.686138,37.021220,37.372869,37.740598,38.124091,38.523427,38.938827,39.370495,39.818457,40.282663,40.763023,41.259428,41.771933,42.301047,42.848366,43.415942,44.005987,44.620692,45.261459,45.927577,46.613366,47.313337,
-1.208926,-0.326314,0.566480,1.470414,2.385491,3.311058,4.246089,5.189188,6.138329,7.091272,8.045821,9.000114,9.952605,10.902259,11.849133,12.793659,13.736204,14.676588,15.614322,16.548627,17.478253,18.401993,19.319239,20.230968,21.139073,22.046339,22.957084,23.875658,24.804975,25.744014,26.690966,
667.0,1.166667
667.000000,668.166667,669.333333,670.500000,671.666667,672.833333,674.000000,675.166667,676.333333,677.500000,678.666667,679.833333,681.000000,682.166667,683.333333,684.500000,685.666667,686.833333,688.000000,689.166667,690.333333,691.500000,692.666667,693.833333,695.000000,696.166667,697.333333,698.500000,699.666667,700.833333,702.000000,
34.575011,34.754614,34.948617,35.159092,35.386989,35.632675,35.896242,36.177625,36.476616,36.792956,37.126399,37.476785,37.843973,38.227795,38.627992,39.044229,39.476080,39.922935,40.384199,40.859497,41.349042,41.853456,42.373893,42.912506,43.471777,44.054070,44.661099,45.293412,45.949076,46.620672,47.301306,
-0.711310,0.153573,1.027832,1.912303,2.806933,3.711124,4.623992,5.544425,6.470985,7.402160,8.336556,9.273178,10.211191,11.149797,12.088137,13.025253,13.959989,14.890757,15.815890,16.733947,17.644166,18.546330,19.440998,20.330274,21.217116,22.105241,22.999535,23.904676,24.823620,25.754910,26.696286,
668.0,1.133333
668.000000,669.133333,670.266667,671.400000,672.533333,673.666667,674.800000,675.933333,677.066667,678.200000,679.333333,680.466667,681.600000,682.733333,683.866667,685.000000,686.133333,687.266667,688.400000,689.533333,690.666667,691.800000,692.933333,694.066667,695.200000,696.333333,697.466667,698.600000,699.733333,700.866667,702.000000,
34.780699,34.971727,35.176535,35.397150,35.634492,35.888892,36.160378,36.448769,36.753635,37.074425,37.410513,37.761204,38.125813,38.503754,38.894694,39.298466,39.715094,40.144940,40.588540,41.046567,41.519873,42.009450,42.516492,43.042575,43.589360,44.158339,44.750478,45.365808,46.002422,46.654222,47.315633,
0.282337,1.127108,1.980665,2.843849,3.716636,4.598433,5.488304,6.384991,7.286715,8.191483,9.097256,10.002085,10.904182,11.802099,12.695117,13.582915,14.465497,15.343322,16.217009,17.087147,17.954082,18.818149,19.679891,20.540417,21.401278,22.264628,23.133773,24.011984,24.901295,25.800499,26.707833,
669.0,1.100000
669.000000,670.100000,671.200000,672.300000,673.400000,674.500000,675.600000,676.700000,677.800000,678.900000,680.000000,681.100000,682.200000,683.300000,684.400000,685.500000,686.600000,687.700000,688.800000,689.900000,691.000000,692.100000,693.200000,694.300000,695.400000,696.500000,697.600000,698.700000,699.800000,700.900000,702.000000,
34.890337,35.084434,35.291583,35.513692,35.751600,36.005611,36.275762,36.561951,36.863967,37.181562,37.514492,37.862574,38.225638,38.603494,38.995884,39.402506,39.823011,40.256971,40.704009,41.163962,41.637172,42.124328,42.626507,43.145468,43.683142,44.241235,44.820690,45.421446,46.041573,46.675295,47.317368,
0.778254,1.603725,2.437207,3.279415,4.130271,4.989230,5.855497,6.728094,7.605814,8.487398,9.371661,10.257686,11.144664,12.031805,12.918264,13.803127,14.685348,15.563621,16.436626,17.303268,18.163060,19.015994,19.862718,20.705092,21.545644,22.387422,23.234161,24.089354,24.955176,25.830605,26.714021,
670.0,1.066667
670.000000,671.066667,672.133333,673.200000,674.266667,675.333333,676.400000,677.466667,678.533333,679.600000,680.666667,681.733333,682.800000,683.866667,684.933333,686.000000,687.066667,688.133333,689.200000,690.266667,691.333333,692.400000,693.466667,694.533333,695.600000,696.666667,697.733333,698.800000,699.866667,700.933333,702.000000,
35.122940,35.326604,35.542716,35.773141,36.018699,36.279654,36.555983,36.847474,37.153714,37.474184,37.808293,38.155376,38.514753,38.885797,39.268022,39.661063,40.064729,40.479155,40.904730,41.342183,41.792851,42.258398,42.740722,43.241995,43.764264,44.308992,44.876250,45.464805,46.071454,46.689235,47.312089,
1.767989,2.572045,3.383616,4.203419,5.031396,5.866992,6.709356,7.557372,8.409533,9.264161,10.119512,10.973863,11.825570,12.673186,13.515683,14.352296,15.182514,16.006214,16.823561,17.635066,18.441840,19.245384,20.047603,20.851041,21.658555,22.473179,23.298066,24.135882,24.987910,25.852369,26.727120,
671.0,1.033333
671.000000,672.033333,673.066667,674.100000,675.133333,676.166667,677.200000,678.233333,679.266667,680.300000,681.333333,682.366667,683.400000,684.433333,685.466667,686.500000,687.533333,688.566667,689.600000,690.633333,691.666667,692.700000,693.733333,694.766667,695.800000,696.833333,697.866667,698.900000,699.933333,700.966667,702.000000,
35.245802,35.451242,35.668393,35.899011,36.143852,36.403165,36.676947,36.965064,37.267296,37.583393,37.913107,38.256228,38.612560,38.981898,39.364002,39.758620,40.165500,40.584402,41.015177,41.457890,41.913054,42.381470,42.864220,43.362807,43.878763,44.413259,44.966536,45.537858,46.124933,46.722521,47.326031,
2.261693,3.045389,3.835859,4.633721,5.438891,6.250883,7.068992,7.892362,8.719980,9.550785,10.383764,11.218067,12.052911,12.887521,13.721078,14.552718,15.381509,16.206397,17.026374,17.840677,18.649111,19.451933,20.249980,21.045099,21.839677,22.636460,23.438557,24.248774,25.068776,25.897643,26.733988,
672.0,1.000000
672.000000,673.000000,674.000000,675.000000,676.000000,677.000000,678.000000,679.000000,680.000000,681.000000,682.000000,683.000000,684.000000,685.000000,686.000000,687.000000,688.000000,689.000000,690.000000,691.000000,692.000000,693.000000,694.000000,695.000000,696.000000,697.000000,698.000000,699.000000,700.000000,701.000000,702.000000,
35.504383,35.717649,35.942069,36.179348,36.430205,36.694837,36.973160,37.264917,37.569691,37.886980,38.216232,38.556853,38.908254,39.269910,39.641442,40.022603,40.413328,40.813871,41.224734,41.646711,42.081084,42.529381,42.993258,43.474440,43.974439,44.494150,45.033149,45.589872,46.161238,46.741497,47.325779,
3.246488,4.007984,4.775865,5.550730,6.332481,7.120584,7.914241,8.712436,9.513869,10.317103,11.120655,11.923057,12.722908,13.518970,14.310333,15.096316,15.876482,16.650768,17.419397,18.182925,18.942461,19.699474,20.455783,21.213719,21.975840,22.744752,23.522966,24.312498,25.114233,25.926716,26.748240,
673.0,0.966667
673.000000,673.966667,674.933333,675.900000,676.866667,677.833333,678.800000,679.766667,680.733333,681.700000,682.666667,683.633333,684.600000,685.566667,686.533333,687.500000,688.466667,689.433333,690.400000,691.366667,692.333333,693.300000,694.266667,695.233333,696.200000,697.166667,698.133333,699.100000,700.066667,701.033333,702.000000,
35.640000,35.853848,36.078108,36.314393,36.563391,36.825307,37.100106,37.387622,37.687620,37.999841,38.324026,38.659946,39.007394,39.366169,39.736080,40.116954,40.508667,40.911181,41.324577,41.749140,42.185532,42.634640,43.097514,43.575394,44.069400,44.580179,45.107316,45.649437,46.203859,46.765624,47.330550,
3.737465,4.478004,5.224204,5.976602,6.735122,7.499336,8.268624,9.042240,9.819319,10.598957,11.380269,12.162465,12.944790,13.726496,14.506810,15.284943,16.060100,16.831480,17.598389,18.360395,19.117612,19.870584,20.620365,21.368845,22.118338,22.871378,23.630608,24.398299,25.175695,25.961880,26.755575,
674.0,0.933333
674.000000,674.933333,675.866667,676.800000,677.733333,678.666667,679.600000,680.533333,681.466667,682.400000,683.333333,684.266667,685.200000,686.133333,687.066667,688.000000,688.933333,689.866667,690.800000,691.733333,692.666667,693.600000,694.533333,695.466667,696.400000,697.333333,698.266667,699.200000,700.133333,701.066667,702.000000,
35.923623,36.143634,36.373545,36.614909,36.868358,37.134030,37.411795,37.701359,38.002304,38.314151,38.636390,38.968503,39.310000,39.660466,40.019645,40.387421,40.763860,41.149332,41.544434,41.950006,42.367255,42.797552,43.242296,43.702800,44.180078,44.674517,45.185267,45.710482,46.247137,46.790321,47.336002,
4.716293,5.434107,6.157284,6.886318,7.621084,8.361073,9.105544,9.853577,10.604045,11.355722,12.107346,12.857674,13.605526,14.349855,15.089883,15.825035,16.554968,17.279702,17.999532,18.715079,19.427463,20.138138,20.848858,21.561782,22.279218,23.003440,23.736475,24.479863,25.234192,25.998220,26.770536,
675.0,0.900000
675.000000,675.900000,676.800000,677.700000,678.600000,679.500000,680.400000,681.300000,682.200000,683.100000,684.000000,684.900000,685.800000,686.700000,687.600000,688.500000,689.400000,690.300000,691.200000,692.100000,693.000000,693.900000,694.800000,695.700000,696.600000,697.500000,698.400000,699.300000,700.200000,701.100000,702.000000,
36.223419,36.448442,36.682545,36.927080,37.182522,37.448902,37.726023,38.013596,38.311339,38.618974,38.936229,39.262843,39.598563,39.943145,40.296356,40.658014,41.028036,41.406538,41.793798,42.190297,42.596828,43.014362,43.443983,43.886871,44.344076,44.816248,45.303198,45.803980,46.316662,46.837702,47.364124,
5.690573,6.384984,7.083786,7.787152,8.494704,9.205780,9.919594,10.635341,11.352297,12.069781,12.787129,13.503684,14.218778,14.931723,15.641785,16.348254,17.050527,17.748226,18.441192,19.129558,19.813945,20.495338,21.175114,21.855227,22.537893,23.225386,23.919853,24.623014,25.335692,26.056973,26.785705,
676.0,0.866667
676.000000,676.866667,677.733333,678.600000,679.466667,680.333333,681.200000,682.066667,682.933333,683.800000,684.666667,685.533333,686.400000,687.266667,688.133333,689.000000,689.866667,690.733333,691.600000,692.466667,693.333333,694.200000,695.066667,695.933333,696.800000,697.666667,698.533333,699.400000,700.266667,701.133333,702.000000,
36.379253,36.603128,36.835684,37.078319,37.331593,37.595598,37.870167,38.154988,38.449652,38.753710,39.066705,39.388205,39.717831,40.055292,40.400468,40.753382,41.114237,41.483511,41.861877,42.250195,42.649576,43.061210,43.486229,43.925541,44.379697,44.848613,45.331059,45.824939,46.327235,46.833619,47.340654,
6.175864,6.848810,7.526200,8.208434,8.895368,9.586520,10.281207,10.978597,11.677711,12.377496,13.076886,13.774835,14.470361,15.162603,15.850927,16.534890,17.214275,17.889208,18.560092,19.227636,19.893005,20.557661,21.223326,21.892026,22.565873,23.246870,23.936681,24.636477,25.346607,26.065954,26.793297,
677.0,0.833333
677.000000,677.833333,678.666667,679.500000,680.333333,681.166667,682.000000,682.833333,683.666667,684.500000,685.333333,686.166667,687.000000,687.833333,688.666667,689.500000,690.333333,691.166667,692.000000,692.833333,693.666667,694.500000,695.333333,696.166667,697.000000,697.833333,698.666667,699.500000,700.333333,701.166667,702.000000,
36.702529,36.929709,37.164747,37.408878,37.662559,37.925825,38.198491,38.480275,38.770888,39.070043,39.377470,39.692931,40.016219,40.347167,40.685665,41.031675,41.385267,41.746691,42.116340,42.494753,42.882677,43.280953,43.690434,44.111907,44.545952,44.992729,45.451615,45.921346,46.399931,46.884324,47.372069,
7.142465,7.791407,8.443859,9.099987,9.759494,10.421837,11.086354,11.752347,12.419152,13.086129,13.752653,14.418114,15.081911,15.743459,16.402186,17.057584,17.709264,18.357070,19.001052,19.641527,20.279224,20.915172,21.550694,22.187505,22.827474,23.472439,24.124014,24.783413,25.451140,26.126427,26.808354,
678.0,0.800000
678.000000,678.800000,679.600000,680.400000,681.200000,682.000000,682.800000,683.600000,684.400000,685.200000,686.000000,686.800000,687.600000,688.400000,689.200000,690.000000,690.800000,691.600000,692.400000,693.200000,694.000000,694.800000,695.600000,696.400000,697.200000,698.000000,698.800000,699.600000,700.400000,701.200000,702.000000,
36.869868,37.094720,37.327024,37.568026,37.818220,38.077674,38.346218,38.623556,38.909332,39.203172,39.504728,39.813718,40.129936,40.453283,40.783833,41.121796,41.467524,41.821570,42.184601,42.557359,42.940639,43.335201,43.741659,44.160337,44.591208,45.033723,45.486483,45.947457,46.414018,46.882767,47.351102,
7.623660,8.250622,8.881157,9.515568,10.153692,10.795081,11.439118,12.085072,12.732126,13.379430,14.026147,14.671500,15.314789,15.955446,16.593111,17.227601,17.858922,18.487352,19.113371,19.737651,20.361115,20.984863,21.610153,22.238436,22.871209,23.509887,24.155647,24.809305,25.471084,26.140190,26.815759,
679.0,0.766667
679.000000,679.766667,680.533333,681.300000,682.066667,682.833333,683.600000,684.366667,685.133333,685.900000,686.666667,687.433333,688.200000,688.966667,689.733333,690.500000,691.266667,692.033333,692.800000,693.566667,694.333333,695.100000,695.866667,696.633333,697.400000,698.166667,698.933333,699.700000,700.466667,701.233333,702.000000,
37.215687,37.442172,37.675322,37.916255,38.165404,38.422819,38.688341,38.961713,39.242664,39.530928,39.826267,40.128494,40.437475,40.753135,41.075490,41.404640,41.740786,42.084286,42.435599,42.795281,43.163991,43.542401,43.931107,44.330523,44.740797,45.161648,45.592087,46.030585,46.475091,46.922892,47.371899,
8.581554,9.183989,9.789170,10.397238,11.007955,11.620866,12.235406,12.850964,13.466939,14.082745,14.697813,15.311604,15.923610,16.533368,17.140482,17.744646,18.345695,18.943687,19.538884,20.131784,20.723223,21.314276,21.906229,22.500609,23.099009,23.702923,24.313555,24.931734,25.557709,26.190780,26.830168,
680.0,0.733333
680.000000,680.733333,681.466667,682.200000,682.933333,683.666667,684.400000,685.133333,685.866667,686.600000,687.333333,688.066667,688.800000,689.533333,690.266667,691.000000,691.733333,692.466667,693.200000,693.933333,694.666667,695.400000,696.133333,696.866667,697.600000,698.333333,699.066667,699.800000,700.533333,701.266667,702.000000,
37.576014,37.803345,38.036827,38.277448,38.525530,38.781010,39.043616,39.312977,39.588712,39.870462,40.157920,40.450888,40.749260,41.053038,41.362369,41.677519,41.998870,42.326956,42.662403,43.005901,43.358190,43.719978,44.091844,44.474119,44.866836,45.269612,45.681412,46.100735,46.525673,46.953859,47.383513,
9.533074,10.111047,10.691484,11.274379,11.859328,12.445700,13.032747,13.619681,14.205737,14.790198,15.372424,15.951910,16.528262,17.101219,17.670695,18.236759,18.799646,19.359818,19.917924,20.474799,21.031518,21.589309,22.149496,22.713471,23.282584,23.858009,24.440573,25.030738,25.628491,26.233098,26.843833,
681.0,0.700000
681.000000,681.700000,682.400000,683.100000,683.800000,684.500000,685.200000,685.900000,686.600000,687.300000,688.000000,688.700000,689.400000,690.100000,690.800000,691.500000,692.200000,692.900000,693.600000,694.300000,695.000000,695.700000,696.400000,697.100000,697.800000,698.500000,699.200000,699.900000,700.600000,701.300000,702.000000,
37.761488,37.984299,38.212584,38.447337,38.688972,38.937572,39.193031,39.455151,39.723722,39.998542,40.279443,40.566326,40.859154,41.157966,41.462898,41.774170,42.092089,42.417073,42.749601,43.090187,43.439350,43.797547,44.165085,44.542004,44.928034,45.322492,45.724063,46.131004,46.541232,46.952332,47.362532,
10.006301,10.560964,11.117687,11.676567,12.237397,12.799791,13.363264,13.927288,14.491342,15.054915,15.617528,16.178754,16.738220,17.295628,17.850786,18.403619,18.954199,19.502814,20.049942,20.596253,21.142679,21.690320,22.240396,22.794233,23.353130,23.918222,24.490308,25.069830,25.656782,26.250496,26.850306,
682.0,0.666667
682.000000,682.666667,683.333333,684.000000,684.666667,685.333333,686.000000,686.666667,687.333333,688.000000,688.666667,689.333333,690.000000,690.666667,691.333333,692.000000,692.666667,693.333333,694.000000,694.666667,695.333333,696.000000,696.666667,697.333333,698.000000,698.666667,699.333333,700.000000,700.666667,701.333333,702.000000,
38.142796,38.364663,38.591426,38.823958,39.062601,39.307380,39.558142,39.814648,40.076654,40.343937,40.616326,40.893747,41.176213,41.463827,41.756815,42.055488,42.360235,42.671528,42.989870,43.315757,43.649638,43.991869,44.342647,44.701907,45.069320,45.444224,45.825491,46.211676,46.601103,46.991896,47.382699,
10.947402,11.476863,12.007990,12.540755,13.074845,13.609778,14.144986,14.679873,15.213872,15.746461,16.277193,16.805738,17.331877,17.855510,18.376698,18.895634,19.412652,19.928259,20.443091,20.957903,21.473581,21.991087,22.511419,23.035579,23.564507,24.098991,24.639551,25.186439,25.739568,26.298387,26.862367,
683.0,0.633333
683.000000,683.633333,684.266667,684.900000,685.533333,686.166667,686.800000,687.433333,688.066667,688.700000,689.333333,689.966667,690.600000,691.233333,691.866667,692.500000,693.133333,693.766667,694.400000,695.033333,695.666667,696.300000,696.933333,697.566667,698.200000,698.833333,699.466667,700.100000,700.733333,701.366667,702.000000,
38.537571,38.757163,38.980627,39.208727,39.441823,39.680035,39.923344,40.171669,40.424920,40.683019,40.945913,41.213605,41.486141,41.763620,42.046204,42.334109,42.627597,42.926988,43.232625,43.544856,43.864004,44.190332,44.523993,44.864956,45.212988,45.567608,45.927974,46.293002,46.661428,47.031839,47.403216,
11.880987,12.384277,12.887985,13.391980,13.896025,14.399835,14.903106,15.405543,15.906884,16.406901,16.905399,17.402232,17.897300,18.390558,18.882040,19.371861,19.860230,20.347494,20.834111,21.320654,21.807837,22.296456,22.787360,23.281418,23.779454,24.282163,24.790007,25.303216,25.821739,26.345146,26.873024,
684.0,0.600000
684.000000,684.600000,685.200000,685.800000,686.400000,687.000000,687.600000,688.200000,688.800000,689.400000,690.000000,690.600000,691.200000,691.800000,692.400000,693.000000,693.600000,694.200000,694.800000,695.400000,696.000000,696.600000,697.200000,697.800000,698.400000,699.000000,699.600000,700.200000,700.800000,701.400000,702.000000,
38.739878,38.953327,39.170722,39.392911,39.620329,39.853154,40.091403,40.335007,40.583856,40.837835,41.096842,41.360821,41.629757,41.903688,42.182717,42.466996,42.756718,43.052110,43.353409,43.660831,43.974542,44.294625,44.621040,44.953553,45.291742,45.634960,45.982261,46.332511,46.684468,47.036839,47.388718,
12.344818,12.824594,13.305739,13.788346,14.272289,14.757307,15.243052,15.729132,16.215141,16.700679,17.185378,17.668926,18.151078,18.631672,19.110664,19.588111,20.064190,20.539214,21.013611,21.487915,21.962772,22.438894,22.917023,23.397901,23.882215,24.370534,24.863224,25.360454,25.862173,26.368043,26.877740,
685.0,0.566667
685.000000,685.566667,686.133333,686.700000,687.266667,687.833333,688.400000,688.966667,689.533333,690.100000,690.666667,691.233333,691.800000,692.366667,692.933333,693.500000,694.066667,694.633333,695.200000,695.766667,696.333333,696.900000,697.466667,698.033333,698.600000,699.166667,699.733333,700.300000,700.866667,701.433333,702.000000,
39.154073,39.363658,39.576476,39.793233,40.014302,40.239839,40.469868,40.704344,40.943199,41.186368,41.433807,41.685522,41.941563,42.202025,42.467063,42.736872,43.011674,43.291713,43.577230,43.868434,44.165475,44.468416,44.777199,45.091587,45.411169,45.735335,46.063221,46.393807,46.725999,47.058681,47.391089,
13.266273,13.719572,14.173539,14.628113,15.083093,15.538189,15.993073,16.447402,16.900857,17.353153,17.804060,18.253428,18.701183,19.147343,19.592035,20.035483,20.478011,20.920059,21.362155,21.804899,22.248971,22.695078,23.143927,23.596187,24.052446,24.513158,24.978573,25.448755,25.923577,26.402688,26.885772,
686.0,0.533333
686.000000,686.533333,687.066667,687.600000,688.133333,688.666667,689.200000,689.733333,690.266667,690.800000,691.333333,691.866667,692.400000,692.933333,693.466667,694.000000,694.533333,695.066667,695.600000,696.133333,696.666667,697.200000,697.733333,698.266667,698.800000,699.333333,699.866667,700.400000,700.933333,701.466667,702.000000,
39.580693,39.785294,39.992265,40.202178,40.415372,40.632038,40.852276,41.076135,41.303656,41.534878,41.769862,42.008698,42.251511,42.498453,42.749711,43.005493,43.266012,43.531484,43.802098,44.078004,44.359278,44.645907,44.937772,45.234596,45.535960,45.841294,46.149843,46.460746,46.773104,47.086035,47.398945,
14.179071,14.605400,15.031418,15.456921,15.881699,16.305549,16.728284,17.149746,17.569821,17.988437,18.405576,18.821289,19.235685,19.648943,20.061318,20.473134,20.884777,21.296704,21.709420,22.123465,22.539405,22.957802,23.379192,23.804050,24.232774,24.665644,25.102782,25.544167,25.989644,26.438908,26.891699,
687.0,0.500000
687.000000,687.500000,688.000000,688.500000,689.000000,689.500000,690.000000,690.500000,691.000000,691.500000,692.000000,692.500000,693.000000,693.500000,694.000000,694.500000,695.000000,695.500000,696.000000,696.500000,697.000000,697.500000,698.000000,698.500000,699.000000,699.500000,700.000000,700.500000,701.000000,701.500000,702.000000,
40.019322,40.218039,40.418473,40.621120,40.826328,41.034346,41.245357,41.459501,41.676894,41.897640,42.121838,42.349592,42.581013,42.816217,43.055330,43.298484,43.545805,43.797412,44.053404,44.313848,44.578762,44.848104,45.121761,45.399516,45.681059,45.965982,46.253756,46.543788,46.835465,47.128194,47.421578,
15.082754,15.482028,15.880348,16.277478,16.673282,17.067694,17.460696,17.852310,18.242583,18.631585,19.019410,19.406178,19.792033,20.177150,20.561743,20.946058,21.330381,21.715034,22.100373,22.486773,22.874628,23.264332,23.656257,24.050737,24.448047,24.848386,25.251837,25.658388,26.067934,26.480272,26.895233,
688.0,0.466667
688.000000,688.466667,688.933333,689.400000,689.866667,690.333333,690.800000,691.266667,691.733333,692.200000,692.666667,693.133333,693.600000,694.066667,694.533333,695.000000,695.466667,695.933333,696.400000,696.866667,697.333333,697.800000,698.266667,698.733333,699.200000,699.666667,700.133333,700.600000,701.066667,701.533333,702.000000,
40.469544,40.661539,40.854850,41.049875,41.246907,41.446168,41.647826,41.852020,42.058871,42.268491,42.480990,42.696479,42.915075,43.136897,43.362069,43.590713,43.822946,44.058871,44.298573,44.542109,44.789493,45.040691,45.295614,45.554096,45.815903,46.080728,46.348185,46.617845,46.889266,47.162032,47.435866,
15.976867,16.349162,16.720301,17.089989,17.458053,17.824410,18.189045,18.551995,18.913335,19.273178,19.631664,19.988965,20.345278,20.700825,21.055855,21.410643,21.765482,22.120687,22.476585,22.833509,23.191790,23.551746,23.913666,24.277798,24.644339,25.013418,25.385078,25.759289,26.135959,26.514931,26.896078,
689.0,0.433333
689.000000,689.433333,689.866667,690.300000,690.733333,691.166667,691.600000,692.033333,692.466667,692.900000,693.333333,693.766667,694.200000,694.633333,695.066667,695.500000,695.933333,696.366667,696.800000,697.233333,697.666667,698.100000,698.533333,698.966667,699.400000,699.833333,700.266667,700.700000,701.133333,701.566667,702.000000,
40.698872,40.880912,41.064368,41.249703,41.437269,41.627344,41.820144,42.015847,42.214601,42.416532,42.621747,42.830345,43.042407,43.258005,43.477194,43.700011,43.926471,44.156557,44.390221,44.627373,44.867868,45.111508,45.358037,45.607125,45.858381,46.111356,46.365547,46.620429,46.875498,47.130310,47.384580,
16.420192,16.767033,17.113198,17.458536,17.802974,18.146503,18.489158,18.831013,19.172169,19.512753,19.852912,20.192818,20.532657,20.872636,21.212982,21.553935,21.895750,22.238695,22.583044,22.929067,23.277028,23.627172,23.979716,24.334832,24.692645,25.053220,25.416546,25.782556,26.151134,26.522122,26.895399,
690.0,0.400000
690.000000,690.400000,690.800000,691.200000,691.600000,692.000000,692.400000,692.800000,693.200000,693.600000,694.000000,694.400000,694.800000,695.200000,695.600000,696.000000,696.400000,696.800000,697.200000,697.600000,698.000000,698.400000,698.800000,699.200000,699.600000,700.000000,700.400000,700.800000,701.200000,701.600000,702.000000,
41.165703,41.339243,41.513847,41.689888,41.867667,42.047431,42.229387,42.413709,42.600549,42.790037,42.982290,43.177406,43.375470,43.576552,43.780702,43.987952,44.198309,44.411752,44.628228,44.847651,45.069889,45.294769,45.522071,45.751525,45.982815,46.215589,46.449457,46.684025,46.918917,47.153809,47.388498,
17.299092,17.618525,17.937052,18.254467,18.570680,18.885686,19.199546,19.512369,19.824304,20.135529,20.446243,20.756666,21.067029,21.377575,21.688554,22.000221,22.312831,22.626637,22.941885,23.258810,23.577625,23.898519,24.221652,24.547138,24.875050,25.205414,25.538195,25.873321,26.210685,26.550160,26.891650,
691.0,0.366667
691.000000,691.366667,691.733333,692.100000,692.466667,692.833333,693.200000,693.566667,693.933333,694.300000,694.666667,695.033333,695.400000,695.766667,696.133333,696.500000,696.866667,697.233333,697.600000,697.966667,698.333333,698.700000,699.066667,699.433333,699.800000,700.166667,700.533333,700.900000,701.266667,701.633333,702.000000,
41.643085,41.807247,41.972305,42.138575,42.306312,42.475722,42.646975,42.820210,42.995545,43.173077,43.352891,43.535053,43.719618,43.906628,44.096109,44.288071,44.482507,44.679389,44.878667,45.080265,45.284081,45.489982,45.697807,45.907363,46.118431,46.330769,46.544120,46.758222,46.972832,47.187746,47.402836,
18.167281,18.459413,18.750754,19.041114,19.330400,19.618594,19.905734,20.191906,20.477229,20.761847,21.045926,21.329650,21.613210,21.896807,22.180647,22.464936,22.749876,23.035666,23.322495,23.610537,23.899948,24.190864,24.483393,24.777614,25.073571,25.371279,25.670711,25.971818,26.274528,26.578761,26.884457,
692.0,0.333333
692.000000,692.333333,692.666667,693.000000,693.333333,693.666667,694.000000,694.333333,694.666667,695.000000,695.333333,695.666667,696.000000,696.333333,696.666667,697.000000,697.333333,697.666667,698.000000,698.333333,698.666667,699.000000,699.333333,699.666667,700.000000,700.333333,700.666667,701.000000,701.333333,701.666667,702.000000,
42.130603,42.284433,42.439047,42.594717,42.751660,42.910046,43.070008,43.231653,43.395063,43.560299,43.727408,43.896423,44.067364,44.240239,44.415046,44.591770,44.770385,44.950852,45.133120,45.317122,45.502780,45.689997,45.878665,46.068660,46.259848,46.452085,46.645223,46.839116,47.033632,47.228662,47.424139,
19.024301,19.289146,19.553441,19.817045,20.079879,20.341916,20.603167,20.863676,21.123509,21.382752,21.641504,21.899874,22.157979,22.415939,22.673877,22.931915,23.190174,23.448767,23.707804,23.967384,24.227596,24.488516,24.750206,25.012711,25.276059,25.540262,25.805313,26.071194,26.337875,26.605323,26.873513,
693.0,0.300000
693.000000,693.300000,693.600000,693.900000,694.200000,694.500000,694.800000,695.100000,695.400000,695.700000,696.000000,696.300000,696.600000,696.900000,697.200000,697.500000,697.800000,698.100000,698.400000,698.700000,699.000000,699.300000,699.600000,699.900000,700.200000,700.500000,700.800000,701.100000,701.400000,701.700000,702.000000,
42.627839,42.770355,42.913510,43.057528,43.202584,43.348815,43.496324,43.645191,43.795473,43.947210,44.100428,44.255141,44.411352,44.569054,44.728233,44.888867,45.050927,45.214375,45.379170,45.545261,45.712591,45.881098,46.050714,46.221365,46.392974,46.565463,46.738752,46.912768,47.087443,47.262725,47.438583,
19.869697,20.107217,20.344363,20.581025,20.817136,21.052657,21.287577,21.521903,21.755660,21.988884,22.221621,22.453924,22.685852,22.917465,23.148829,23.380007,23.611062,23.842055,24.073046,24.304088,24.535232,24.766521,24.997993,25.229678,25.461600,25.693774,25.926207,26.158901,26.391853,26.625057,26.858505,
694.0,0.266667
694.000000,694.266667,694.533333,694.800000,695.066667,695.333333,695.600000,695.866667,696.133333,696.400000,696.666667,696.933333,697.200000,697.466667,697.733333,698.000000,698.266667,698.533333,698.800000,699.066667,699.333333,699.600000,699.866667,700.133333,700.400000,700.666667,700.933333,701.200000,701.466667,701.733333,702.000000,
43.134378,43.264609,43.395316,43.526667,43.658798,43.791811,43.925788,44.060788,44.196854,44.334015,44.472290,44.611686,44.752203,44.893834,45.036567,45.180384,45.325263,45.471178,45.618100,45.765997,45.914834,46.064576,46.215183,46.366617,46.518838,46.671807,46.825486,46.979841,47.134842,47.290466,47.446700,
20.703010,20.913204,21.123121,21.332672,21.541790,21.750430,21.958562,22.166170,22.373250,22.579807,22.785852,22.991402,23.196481,23.401112,23.605325,23.809148,24.012614,24.215753,24.418597,24.621176,24.823521,25.025659,25.227617,25.429419,25.631088,25.832641,26.034095,26.235462,26.436752,26.637969,26.839118,
695.0,0.233333
695.000000,695.233333,695.466667,695.700000,695.933333,696.166667,696.400000,696.633333,696.866667,697.100000,697.333333,697.566667,697.800000,698.033333,698.266667,698.500000,698.733333,698.966667,699.200000,699.433333,699.666667,699.900000,700.133333,700.366667,700.600000,700.833333,701.066667,701.300000,701.533333,701.766667,702.000000,
43.649803,43.766799,43.884110,44.001851,44.120117,44.238982,44.358506,44.478734,44.599702,44.721433,44.843946,44.967251,45.091353,45.216252,45.341944,45.468422,45.595678,45.723698,45.852471,45.981980,46.112211,46.243148,46.374773,46.507069,46.640022,46.773614,46.907831,47.042661,47.178092,47.314117,47.450731,
21.523786,21.706704,21.889382,22.071736,22.253697,22.435211,22.616239,22.796750,22.976726,23.156152,23.335024,23.513341,23.691107,23.868330,24.045021,24.221195,24.396868,24.572059,24.746787,24.921072,25.094937,25.268404,25.441494,25.614229,25.786632,25.958721,26.130516,26.302033,26.473286,26.644284,26.815034,
696.0,0.200000
696.000000,696.200000,696.400000,696.600000,696.800000,697.000000,697.200000,697.400000,697.600000,697.800000,698.000000,698.200000,698.400000,698.600000,698.800000,699.000000,699.200000,699.400000,699.600000,699.800000,700.000000,700.200000,700.400000,700.600000,700.800000,701.000000,701.200000,701.400000,701.600000,701.800000,702.000000,
43.910718,44.012564,44.114861,44.217770,44.321416,44.425894,44.531273,44.637596,44.744891,44.853164,44.962408,45.072603,45.183717,45.295709,45.408530,45.522123,45.636428,45.751376,45.866897,45.982919,46.099366,46.216163,46.333236,46.450509,46.567912,46.685379,46.802849,46.920268,47.037592,47.154789,47.271841,
21.929329,22.086045,22.242885,22.399903,22.557145,22.714658,22.872479,23.030645,23.189189,23.348140,23.507524,23.667365,23.827682,23.988493,24.149813,24.311652,24.474020,24.636922,24.800360,24.964336,25.128845,25.293882,25.459440,25.625507,25.792071,25.959118,26.126635,26.294606,26.463018,26.631862,26.801131,
