1.0,1.866667
1.000000,2.866667,4.733333,6.600000,8.466667,10.333333,12.200000,14.066667,15.933333,17.800000,19.666667,21.533333,23.400000,25.266667,27.133333,29.000000,30.866667,32.733333,34.600000,36.466667,38.333333,40.200000,42.066667,43.933333,45.800000,47.666667,49.533333,51.400000,53.266667,55.133333,57.000000,
10.560732,11.880508,13.230812,14.615309,16.034856,17.484326,18.956880,20.445260,21.942350,23.441392,24.936844,26.427348,27.912722,29.393021,30.867988,32.337243,33.800247,35.255992,36.703290,38.140758,39.566457,40.978651,42.376920,43.765579,45.150636,46.539713,47.944775,49.376609,50.837237,52.297066,53.726079,
-15.056911,-15.141922,-15.236665,-15.343601,-15.464760,-15.601460,-15.754795,-15.925721,-16.114913,-16.322997,-16.550682,-16.799061,-17.069337,-17.362741,-17.680508,-18.023856,-18.393960,-18.791824,-19.218366,-19.674345,-20.160013,-20.675672,-21.222318,-21.803492,-22.423854,-23.089696,-23.812310,-24.602752,-25.466190,-26.386006,-27.344487,
2.0,1.833333
2.000000,3.833333,5.666667,7.500000,9.333333,11.166667,13.000000,14.833333,16.666667,18.500000,20.333333,22.166667,24.000000,25.833333,27.666667,29.500000,31.333333,33.166667,35.000000,36.833333,38.666667,40.500000,42.333333,44.166667,46.000000,47.833333,49.666667,51.500000,53.333333,55.166667,57.000000,
11.566334,12.869030,14.201167,15.566143,16.964624,18.391692,19.840798,21.304984,22.777408,24.251579,25.722166,27.187774,28.648141,30.103239,31.552776,32.996351,34.433415,35.863004,37.284022,38.695310,40.095618,41.483889,42.859875,44.226119,45.585836,46.941942,48.295561,49.648090,51.003709,52.376568,53.779926,
-15.120465,-15.210557,-15.310746,-15.423514,-15.550876,-15.694108,-15.854248,-16.032191,-16.228556,-16.443906,-16.678896,-16.934558,-17.212034,-17.512495,-17.837100,-18.186994,-18.563261,-18.966801,-19.398436,-19.858907,-20.348715,-20.868480,-21.419480,-22.005308,-22.630241,-23.298753,-24.015366,-24.783636,-25.603519,-26.462688,-27.348828,
3.0,1.800000
3.000000,4.800000,6.600000,8.400000,10.200000,12.000000,13.800000,15.600000,17.400000,19.200000,21.000000,22.800000,24.600000,26.400000,28.200000,30.000000,31.800000,33.600000,35.400000,37.200000,39.000000,40.800000,42.600000,44.400000,46.200000,48.000000,49.800000,51.600000,53.400000,55.200000,57.000000,
12.068901,13.354952,14.669415,16.015442,17.393531,18.798977,20.225527,21.666524,23.115413,24.565971,26.013090,27.455357,28.892451,30.324300,31.750644,33.171130,34.585250,35.992030,37.390336,38.778915,40.156240,41.521016,42.873058,44.215957,45.554570,46.894538,48.243097,49.606744,50.987713,52.373554,53.751332,
-15.153970,-15.246089,-15.348340,-15.463157,-15.592491,-15.737567,-15.899370,-16.078746,-16.276270,-16.492466,-16.727948,-16.983689,-17.260774,-17.560315,-17.883428,-18.231209,-18.604699,-19.004745,-19.432107,-19.887432,-20.371033,-20.883327,-21.425418,-22.000811,-22.613938,-23.270197,-23.977544,-24.743335,-25.570194,-26.444216,-27.350929,
4.0,1.766667
4.000000,5.766667,7.533333,9.300000,11.066667,12.833333,14.600000,16.366667,18.133333,19.900000,21.666667,23.433333,25.200000,26.966667,28.733333,30.500000,32.266667,34.033333,35.800000,37.566667,39.333333,41.100000,42.866667,44.633333,46.400000,48.166667,49.933333,51.700000,53.466667,55.233333,57.000000,
12.571290,13.841013,15.138133,16.465566,17.823650,19.207884,20.612302,22.030545,23.456336,24.883717,26.307798,27.727156,29.141414,30.550460,31.954060,33.351903,34.743505,36.127859,37.503767,38.869869,40.224424,41.565990,42.894558,44.214929,45.533697,46.859024,48.202862,49.575329,50.976205,52.370310,53.722512,
-15.188680,-15.282872,-15.387223,-15.504121,-15.635454,-15.782397,-15.945885,-16.126713,-16.325420,-16.542493,-16.778506,-17.034379,-17.311140,-17.609849,-17.931578,-18.277383,-18.648256,-19.044986,-19.468261,-19.918625,-20.396211,-20.901244,-21.434694,-22.000089,-22.602130,-23.247133,-23.945993,-24.709287,-25.541864,-26.428517,-27.352976,
5.0,1.733333
5.000000,6.733333,8.466667,10.200000,11.933333,13.666667,15.400000,17.133333,18.866667,20.600000,22.333333,24.066667,25.800000,27.533333,29.266667,31.000000,32.733333,34.466667,36.200000,37.933333,39.666667,41.400000,43.133333,44.866667,46.600000,48.333333,50.066667,51.800000,53.533333,55.266667,57.000000,
13.575472,14.828914,16.108707,17.417522,18.755530,20.118417,21.500481,22.895645,24.297897,25.701533,27.101862,28.497429,29.887780,31.272718,32.651963,34.025171,35.391867,36.751167,38.102062,39.443502,40.774414,42.093934,43.401929,44.700641,45.992991,47.281915,48.569707,49.858828,51.152951,52.459829,53.786401,
-15.261874,-15.361631,-15.471877,-15.595008,-15.732886,-15.886647,-16.057175,-16.245214,-16.451250,-16.675724,-16.919158,-17.182418,-17.466475,-17.772327,-18.100969,-18.453374,-18.830454,-19.232920,-19.661411,-20.116513,-20.598700,-21.108590,-21.647426,-22.218495,-22.825705,-23.473116,-24.164676,-24.903363,-25.688864,-26.510305,-27.356884,
6.0,1.700000
6.000000,7.700000,9.400000,11.100000,12.800000,14.500000,16.200000,17.900000,19.600000,21.300000,23.000000,24.700000,26.400000,28.100000,29.800000,31.500000,33.200000,34.900000,36.600000,38.300000,40.000000,41.700000,43.400000,45.100000,46.800000,48.500000,50.200000,51.900000,53.600000,55.300000,57.000000,
14.077232,15.314843,16.577821,17.868616,19.187256,20.529617,21.890267,23.263411,24.643307,26.024510,27.402538,28.775932,30.144189,31.507076,32.864330,34.215635,35.560529,36.898091,38.227249,39.546861,40.855710,42.152855,43.438388,44.715686,45.989247,47.264140,48.546290,49.840751,51.148714,52.458949,53.759956,
-15.300439,-15.402402,-15.514866,-15.640174,-15.780124,-15.935802,-16.108049,-16.297562,-16.504798,-16.730163,-16.974149,-17.237570,-17.521347,-17.826429,-18.153769,-18.504300,-18.878887,-19.278183,-19.702758,-20.153106,-20.629547,-21.132547,-21.663253,-22.225005,-22.821982,-23.459045,-24.142575,-24.878199,-25.667432,-26.498360,-27.358733,
7.0,1.666667
7.000000,8.666667,10.333333,12.000000,13.666667,15.333333,17.000000,18.666667,20.333333,22.000000,23.666667,25.333333,27.000000,28.666667,30.333333,32.000000,33.666667,35.333333,37.000000,38.666667,40.333333,42.000000,43.666667,45.333333,47.000000,48.666667,50.333333,52.000000,53.666667,55.333333,57.000000,
15.080011,16.301569,17.547474,18.819946,20.118864,21.440277,22.779003,24.129512,25.486320,26.844225,28.198937,29.548965,30.893727,32.232909,33.566202,34.893273,36.213692,37.526744,38.831626,40.127547,41.413827,42.689885,43.955359,45.210539,46.455756,47.690834,48.913836,50.124330,51.328749,52.555293,53.830691,
-15.381702,-15.489556,-15.608212,-15.740014,-15.886726,-16.049397,-16.228819,-16.425639,-16.640270,-16.873076,-17.124501,-17.395305,-17.686349,-17.998519,-18.332686,-18.689698,-19.070346,-19.475247,-19.904972,-20.360112,-20.841368,-21.349615,-21.886207,-22.453942,-23.055838,-23.694197,-24.368698,-25.077743,-25.818044,-26.581859,-27.362197,
8.0,1.633333
8.000000,9.633333,11.266667,12.900000,14.533333,16.166667,17.800000,19.433333,21.066667,22.700000,24.333333,25.966667,27.600000,29.233333,30.866667,32.500000,34.133333,35.766667,37.400000,39.033333,40.666667,42.300000,43.933333,45.566667,47.200000,48.833333,50.466667,52.100000,53.733333,55.366667,57.000000,
15.580997,16.786807,18.016009,19.270624,20.550401,21.851567,23.169194,24.498016,25.832813,27.168631,28.501380,29.829576,31.152596,32.470091,33.781764,35.087300,36.386279,37.677944,38.961431,40.235872,41.500467,42.754595,43.998138,45.232496,46.459505,47.680946,48.897966,50.112210,51.327599,52.555157,53.805002,
-15.424480,-15.534622,-15.655555,-15.789566,-15.938352,-16.102915,-16.284004,-16.482227,-16.697967,-16.931563,-17.183430,-17.454282,-17.744932,-18.056218,-18.388972,-18.744001,-19.122053,-19.523691,-19.949423,-20.399757,-20.875256,-21.376661,-21.905244,-22.463868,-23.055813,-23.684129,-24.350714,-25.056382,-25.799510,-26.571418,-27.363801,
9.0,1.600000
9.000000,10.600000,12.200000,13.800000,15.400000,17.000000,18.600000,20.200000,21.800000,23.400000,25.000000,26.600000,28.200000,29.800000,31.400000,33.000000,34.600000,36.200000,37.800000,39.400000,41.000000,42.600000,44.200000,45.800000,47.400000,49.000000,50.600000,52.200000,53.800000,55.400000,57.000000,
16.582082,17.771546,18.983405,20.219472,21.479365,22.759471,24.055095,25.361225,26.672882,27.985349,29.294714,30.599465,31.898900,33.192601,34.480241,35.761517,37.036080,38.303442,39.563066,40.814421,42.057031,43.290327,44.513394,45.724270,46.920483,48.098947,49.255068,50.387336,51.505872,52.655859,53.880116,
-15.514531,-15.630806,-15.758137,-15.898803,-16.054461,-16.226072,-16.414340,-16.619826,-16.842871,-17.083776,-17.342912,-17.620935,-17.918594,-18.236660,-18.575881,-18.936986,-19.320664,-19.727490,-20.158027,-20.612929,-21.093136,-21.599757,-22.134155,-22.698361,-23.294168,-23.921905,-24.577347,-25.254837,-25.948573,-26.653703,-27.366730,
10.0,1.566667
10.000000,11.566667,13.133333,14.700000,16.266667,17.833333,19.400000,20.966667,22.533333,24.100000,25.666667,27.233333,28.800000,30.366667,31.933333,33.500000,35.066667,36.633333,38.200000,39.766667,41.333333,42.900000,44.466667,46.033333,47.600000,49.166667,50.733333,52.300000,53.866667,55.433333,57.000000,
17.082150,18.255241,19.449805,20.667471,21.907752,23.167197,24.441347,25.725440,27.014745,28.304780,29.591824,30.874377,32.151714,33.423403,34.689174,35.948793,37.201970,38.448206,39.686889,40.917243,42.138088,43.348073,44.545699,45.729168,46.897037,48.049302,49.190260,50.326459,51.467413,52.629956,53.828672,
-15.561883,-15.680430,-15.809987,-15.952774,-16.110375,-16.283706,-16.473429,-16.680064,-16.903926,-17.145289,-17.404496,-17.682155,-17.978972,-18.295681,-18.633026,-18.991743,-19.372528,-19.775957,-20.202556,-20.652802,-21.127074,-21.625771,-22.149461,-22.699238,-23.276439,-23.882665,-24.520123,-25.190524,-25.893373,-26.621549,-27.368047,
11.0,1.533333
11.000000,12.533333,14.066667,15.600000,17.133333,18.666667,20.200000,21.733333,23.266667,24.800000,26.333333,27.866667,29.400000,30.933333,32.466667,34.000000,35.533333,37.066667,38.600000,40.133333,41.666667,43.200000,44.733333,46.266667,47.800000,49.333333,50.866667,52.400000,53.933333,55.466667,57.000000,
18.081252,19.236966,20.413180,21.611341,22.830848,24.068400,25.319754,26.580383,27.845790,29.111710,30.374594,31.632922,32.885908,34.133065,35.374130,36.608912,37.837228,39.058848,40.273465,41.480559,42.679029,43.867304,45.042912,46.200988,47.336280,48.444714,49.526334,50.585908,51.639090,52.731380,53.904530,
-15.661440,-15.786231,-15.922248,-16.071692,-16.236101,-16.416346,-16.613044,-16.826670,-17.057499,-17.305766,-17.571770,-17.856062,-18.159278,-18.482087,-18.825158,-19.189161,-19.574752,-19.982549,-20.413163,-20.867226,-21.345432,-21.848462,-22.376872,-22.930858,-23.510235,-24.113988,-24.738840,-25.380766,-26.035637,-26.699743,-27.370362,
12.0,1.500000
12.000000,13.500000,15.000000,16.500000,18.000000,19.500000,21.000000,22.500000,24.000000,25.500000,27.000000,28.500000,30.000000,31.500000,33.000000,34.500000,36.000000,37.500000,39.000000,40.500000,42.000000,43.500000,45.000000,46.500000,48.000000,49.500000,51.000000,52.500000,54.000000,55.500000,57.000000,
18.580255,19.718333,20.876019,22.054600,23.253388,24.469233,25.698112,26.935732,28.177837,29.420395,30.660044,31.895294,33.125347,34.349702,35.568099,36.780347,37.986237,39.185429,40.377480,41.561748,42.737071,43.901975,45.054521,46.191643,47.310328,48.408871,49.489594,50.558084,51.626105,52.721453,53.869074,
-15.713725,-15.840653,-15.978717,-16.130051,-16.296117,-16.477739,-16.675491,-16.889810,-17.120948,-17.369118,-17.634598,-17.917899,-18.219616,-18.540375,-18.880816,-19.241571,-19.623252,-20.026402,-20.451540,-20.899181,-21.369849,-21.864076,-22.382402,-22.925404,-23.493553,-24.086972,-24.704786,-25.345495,-26.006633,-26.683340,-27.371353,
13.0,1.466667
13.000000,14.466667,15.933333,17.400000,18.866667,20.333333,21.800000,23.266667,24.733333,26.200000,27.666667,29.133333,30.600000,32.066667,33.533333,35.000000,36.466667,37.933333,39.400000,40.866667,42.333333,43.800000,45.266667,46.733333,48.200000,49.666667,51.133333,52.600000,54.066667,55.533333,57.000000,
19.577085,20.696285,21.834150,22.991803,24.168469,25.361134,26.565974,27.778917,28.995923,30.213167,31.427449,32.637274,33.841802,35.040507,36.233163,37.419658,38.599911,39.773832,40.941232,42.101620,43.253668,44.395425,45.523838,46.633100,47.716974,48.770651,49.794146,50.792992,51.784861,52.819252,53.941329,
-15.823507,-15.956655,-16.101093,-16.258929,-16.431571,-16.619797,-16.824134,-17.044971,-17.282522,-17.536964,-17.808527,-18.097661,-18.404893,-18.730785,-19.075912,-19.440860,-19.826225,-20.232623,-20.660690,-21.111093,-21.584587,-22.081860,-22.603300,-23.148457,-23.716221,-24.304305,-24.907454,-25.519702,-26.135868,-26.753893,-27.372988,
14.0,1.433333
14.000000,15.433333,16.866667,18.300000,19.733333,21.166667,22.600000,24.033333,25.466667,26.900000,28.333333,29.766667,31.200000,32.633333,34.066667,35.500000,36.933333,38.366667,39.800000,41.233333,42.666667,44.100000,45.533333,46.966667,48.400000,49.833333,51.266667,52.700000,54.133333,55.566667,57.000000,
20.074879,21.174810,22.292544,23.429071,24.583547,25.753101,26.934113,28.122729,29.315141,30.507747,31.697533,32.883045,34.063448,35.238205,36.407080,37.569932,38.726621,39.876902,41.020414,42.156536,43.283987,44.401078,45.505539,46.593762,47.662158,48.708552,49.735017,50.747352,51.758400,52.798585,53.895143,
-15.881084,-16.016123,-16.162307,-16.321674,-16.495554,-16.684673,-16.889516,-17.110435,-17.347623,-17.601236,-17.871485,-18.158786,-18.463629,-18.786539,-19.128060,-19.488740,-19.869123,-20.269728,-20.691073,-21.133684,-21.598125,-22.084934,-22.594536,-23.127043,-23.682254,-24.259342,-24.855890,-25.468871,-26.094998,-26.730800,-27.373625,
15.0,1.400000
15.000000,16.400000,17.800000,19.200000,20.600000,22.000000,23.400000,24.800000,26.200000,27.600000,29.000000,30.400000,31.800000,33.200000,34.600000,36.000000,37.400000,38.800000,40.200000,41.600000,43.000000,44.400000,45.800000,47.200000,48.600000,50.000000,51.400000,52.800000,54.200000,55.600000,57.000000,
21.069147,22.148238,23.241453,24.346356,25.459193,26.576356,27.694479,28.810772,29.923928,31.033221,32.138184,33.238537,34.334093,35.424758,36.510612,37.591907,38.669221,39.743941,40.817599,41.891355,42.965114,44.038378,45.110710,46.182254,47.253684,48.326674,49.405356,50.493176,51.589080,52.679301,53.750336,
-16.001810,-16.143012,-16.295052,-16.459220,-16.636093,-16.825899,-17.028764,-17.244830,-17.474409,-17.717881,-17.975653,-18.248156,-18.535841,-18.839191,-19.158780,-19.495254,-19.849404,-20.222374,-20.615391,-21.029596,-21.465772,-21.924648,-22.407145,-22.914815,-23.449677,-24.014511,-24.613905,-25.252022,-25.929959,-26.640093,-27.374525,
16.0,1.366667
16.000000,17.366667,18.733333,20.100000,21.466667,22.833333,24.200000,25.566667,26.933333,28.300000,29.666667,31.033333,32.400000,33.766667,35.133333,36.500000,37.866667,39.233333,40.600000,41.966667,43.333333,44.700000,46.066667,47.433333,48.800000,50.166667,51.533333,52.900000,54.266667,55.633333,57.000000,
21.565587,22.623534,23.694840,24.777223,25.867099,26.960977,28.055578,29.148167,30.237382,31.322474,32.403103,33.479533,34.552358,35.622533,36.691756,37.761808,38.833979,39.908039,40.983046,42.057507,43.129015,44.195202,45.254722,46.309205,47.361556,48.415465,49.475638,50.545350,51.622657,52.691738,53.737265,
-16.065039,-16.207767,-16.361136,-16.526396,-16.704068,-16.894331,-17.097254,-17.312921,-17.541578,-17.783558,-18.039281,-18.309344,-18.594458,-18.895488,-19.213635,-19.550173,-19.906237,-20.282497,-20.679382,-21.097080,-21.535316,-21.993856,-22.473044,-22.974875,-23.502176,-24.058551,-24.649055,-25.278155,-25.947148,-26.648609,-27.374784,
17.0,1.333333
17.000000,18.333333,19.666667,21.000000,22.333333,23.666667,25.000000,26.333333,27.666667,29.000000,30.333333,31.666667,33.000000,34.333333,35.666667,37.000000,38.333333,39.666667,41.000000,42.333333,43.666667,45.000000,46.333333,47.666667,49.000000,50.333333,51.666667,53.000000,54.333333,55.666667,57.000000,
22.557002,23.592232,24.639918,25.697950,26.762987,27.831796,28.901361,29.969186,31.034054,32.095283,33.152442,34.205306,35.253700,36.297395,37.335956,38.368885,39.395707,40.416081,41.429888,42.437516,43.440592,44.441368,45.442650,46.448225,47.462095,48.487889,49.527959,50.582204,51.644728,52.695340,53.715361,
-16.197427,-16.345863,-16.504909,-16.675800,-16.859033,-17.054782,-17.263123,-17.484152,-17.718140,-17.965429,-18.226394,-18.501441,-18.790972,-19.095356,-19.414870,-19.749753,-20.100229,-20.466514,-20.848908,-21.247943,-21.664764,-22.100903,-22.558416,-23.040478,-23.550790,-24.093462,-24.673250,-25.294020,-25.956421,-26.652693,-27.374911,
18.0,1.300000
18.000000,19.300000,20.600000,21.900000,23.200000,24.500000,25.800000,27.100000,28.400000,29.700000,31.000000,32.300000,33.600000,34.900000,36.200000,37.500000,38.800000,40.100000,41.400000,42.700000,44.000000,45.300000,46.600000,47.900000,49.200000,50.500000,51.800000,53.100000,54.400000,55.700000,57.000000,
23.546354,24.558081,25.581429,26.614440,27.653972,28.696967,29.740567,30.782395,31.821258,32.856469,33.887601,34.914469,35.936958,36.954901,37.967932,38.975580,39.977282,40.972309,41.959970,42.939827,43.912140,44.877767,45.838562,46.798625,47.762817,48.735922,49.721735,50.722083,51.734185,52.744105,53.738633,
-16.337989,-16.492006,-16.656583,-16.832933,-17.021516,-17.222472,-17.435841,-17.661687,-17.900243,-18.151819,-18.416764,-18.695471,-18.988334,-19.295715,-19.617876,-19.955022,-20.307284,-20.674657,-21.057130,-21.454822,-21.868215,-22.298171,-22.746260,-23.215692,-23.710369,-24.234517,-24.792591,-25.388092,-26.021554,-26.686049,-27.374509,
19.0,1.266667
19.000000,20.266667,21.533333,22.800000,24.066667,25.333333,26.600000,27.866667,29.133333,30.400000,31.666667,32.933333,34.200000,35.466667,36.733333,38.000000,39.266667,40.533333,41.800000,43.066667,44.333333,45.600000,46.866667,48.133333,49.400000,50.666667,51.933333,53.200000,54.466667,55.733333,57.000000,
24.040216,25.028473,26.027626,27.035890,28.050337,29.068080,30.086400,31.103008,32.116656,33.126558,34.132187,35.133281,36.129710,37.121450,38.108641,39.091557,40.070672,41.046900,42.021252,42.994573,43.967141,44.939082,45.910648,46.882604,47.856018,48.832276,49.813374,50.800394,51.791259,52.775946,53.744982,
-16.411435,-16.566310,-16.731455,-16.908053,-17.096534,-17.297016,-17.509510,-17.734038,-17.970767,-18.219927,-18.481784,-18.756651,-19.044867,-19.346805,-19.662904,-19.993662,-20.339675,-20.701748,-21.080762,-21.477599,-21.893060,-22.328003,-22.783511,-23.261252,-23.763213,-24.291695,-24.849554,-25.439040,-26.060132,-26.707073,-27.374107,
20.0,1.233333
20.000000,21.233333,22.466667,23.700000,24.933333,26.166667,27.400000,28.633333,29.866667,31.100000,32.333333,33.566667,34.800000,36.033333,37.266667,38.500000,39.733333,40.966667,42.200000,43.433333,44.666667,45.900000,47.133333,48.366667,49.600000,50.833333,52.066667,53.300000,54.533333,55.766667,57.000000,
25.026233,25.989657,26.963159,27.945101,28.932756,29.923428,30.914578,31.904081,32.890784,33.873979,34.853200,35.828216,36.798865,37.764950,38.726097,39.681850,40.631698,41.575054,42.511422,43.440623,44.363272,45.280592,46.194707,47.109610,48.029850,48.959635,49.901679,50.856609,51.820779,52.780836,53.724394,
-16.564858,-16.724888,-16.895060,-17.076536,-17.269714,-17.474690,-17.691454,-17.920017,-18.160545,-18.413274,-18.678477,-18.956466,-19.247549,-19.552001,-19.869992,-20.201641,-20.547009,-20.906072,-21.278830,-21.665461,-22.066581,-22.483218,-22.917067,-23.371284,-23.849619,-24.356018,-24.894370,-25.467573,-26.075851,-26.713036,-27.372903,
21.0,1.200000
21.000000,22.200000,23.400000,24.600000,25.800000,27.000000,28.200000,29.400000,30.600000,31.800000,33.000000,34.200000,35.400000,36.600000,37.800000,39.000000,40.200000,41.400000,42.600000,43.800000,45.000000,46.200000,47.400000,48.600000,49.800000,51.000000,52.200000,53.400000,54.600000,55.800000,57.000000,
25.518355,26.457153,27.405352,28.361477,29.323001,30.287384,31.252214,32.215440,33.175863,34.132693,35.085385,36.033667,36.977403,37.916561,38.851253,39.781704,40.708316,41.631846,42.553176,43.473177,44.392557,45.312055,46.232645,47.155927,48.083667,49.017477,49.958371,50.905803,51.855593,52.795222,53.713294,
-16.644914,-16.805316,-16.975525,-17.156675,-17.349137,-17.552983,-17.768172,-17.994674,-18.232586,-18.482070,-18.743329,-19.016614,-19.302204,-19.600407,-19.911575,-20.236108,-20.574482,-20.927332,-21.295377,-21.679392,-22.080235,-22.498910,-22.936746,-23.395801,-23.878496,-24.387494,-24.925762,-25.495549,-26.096839,-26.724173,-27.372100,
22.0,1.166667
22.000000,23.166667,24.333333,25.500000,26.666667,27.833333,29.000000,30.166667,31.333333,32.500000,33.666667,34.833333,36.000000,37.166667,38.333333,39.500000,40.666667,41.833333,43.000000,44.166667,45.333333,46.500000,47.666667,48.833333,50.000000,51.166667,52.333333,53.500000,54.666667,55.833333,57.000000,
26.500747,27.413524,28.334933,29.263643,30.197334,31.133658,32.070377,33.005589,33.938167,34.867355,35.792617,36.713629,37.630153,38.541955,39.448743,40.350232,41.246219,42.136719,43.021970,43.902602,44.780068,45.656240,46.533301,47.413831,48.300359,49.194866,50.097918,51.008489,51.922688,52.830547,53.723155,
-16.811916,-16.976953,-17.151607,-17.336994,-17.533470,-17.741090,-17.959800,-18.189555,-18.430436,-18.682587,-18.946182,-19.221419,-19.508500,-19.807605,-20.118858,-20.442376,-20.778306,-21.126885,-21.488475,-21.863687,-22.253665,-22.659891,-23.084207,-23.529084,-23.997201,-24.491156,-25.013123,-25.564389,-26.144288,-26.747803,-27.370099,
23.0,1.133333
23.000000,24.133333,25.266667,26.400000,27.533333,28.666667,29.800000,30.933333,32.066667,33.200000,34.333333,35.466667,36.600000,37.733333,38.866667,40.000000,41.133333,42.266667,43.400000,44.533333,45.666667,46.800000,47.933333,49.066667,50.200000,51.333333,52.466667,53.600000,54.733333,55.866667,57.000000,
26.990984,27.877960,28.772777,29.674165,30.579935,31.487902,32.396041,33.302747,34.207363,35.109739,36.010114,36.909251,37.808033,38.707141,39.606590,40.506013,41.404679,42.301294,43.194442,44.082957,44.966442,45.845035,46.719501,47.591739,48.464035,49.338576,50.216888,51.099328,51.983816,52.863010,53.730137,
-16.898941,-17.063765,-17.237773,-17.422013,-17.616787,-17.822123,-18.037962,-18.264295,-18.501331,-18.749408,-19.008977,-19.280670,-19.565164,-19.863069,-20.174789,-20.500590,-20.840592,-21.194667,-21.562643,-21.944474,-22.340503,-22.751378,-23.178176,-23.622791,-24.087446,-24.574412,-25.085756,-25.622813,-26.185178,-26.768591,-27.368903,
24.0,1.100000
24.000000,25.100000,26.200000,27.300000,28.400000,29.500000,30.600000,31.700000,32.800000,33.900000,35.000000,36.100000,37.200000,38.300000,39.400000,40.500000,41.600000,42.700000,43.800000,44.900000,46.000000,47.100000,48.200000,49.300000,50.400000,51.500000,52.600000,53.700000,54.800000,55.900000,57.000000,
27.969460,28.829445,29.696731,30.570258,31.448070,32.328120,33.208430,34.087282,34.963569,35.836506,36.705536,37.570364,38.430845,39.286942,40.138770,40.986561,41.830699,42.671853,43.510830,44.348514,45.185849,46.023865,46.863758,47.707071,48.555323,49.409645,50.270156,51.135588,52.002052,52.860239,53.701912,
-17.080240,-17.249110,-17.426981,-17.614919,-17.813235,-18.021942,-18.240930,-18.470086,-18.709408,-18.958947,-19.218801,-19.489118,-19.770079,-20.061897,-20.364825,-20.679164,-21.005293,-21.343740,-21.695136,-22.060227,-22.439960,-22.835464,-23.248146,-23.679956,-24.133056,-24.609613,-25.111605,-25.640265,-26.195085,-26.771761,-27.366130,
25.0,1.066667
25.000000,26.066667,27.133333,28.200000,29.266667,30.333333,31.400000,32.466667,33.533333,34.600000,35.666667,36.733333,37.800000,38.866667,39.933333,41.000000,42.066667,43.133333,44.200000,45.266667,46.333333,47.400000,48.466667,49.533333,50.600000,51.666667,52.733333,53.800000,54.866667,55.933333,57.000000,
28.945165,29.777719,30.616884,31.461733,32.310508,33.161348,34.012443,34.862207,35.709595,36.553840,37.394368,38.230801,39.062862,39.890317,40.712957,41.530625,42.343285,43.151150,43.954667,44.754627,45.552474,46.349994,47.149189,47.952280,48.761339,49.577823,50.401771,51.231838,52.064545,52.892313,53.708538,
-17.271470,-17.444045,-17.625343,-17.816419,-18.017582,-18.228839,-18.450074,-18.681162,-18.922076,-19.172838,-19.433501,-19.704145,-19.984860,-20.275731,-20.576826,-20.888230,-21.210086,-21.542674,-21.886425,-22.242010,-22.610582,-22.993595,-23.392788,-23.810351,-24.248565,-24.709512,-25.194662,-25.704657,-26.238616,-26.792588,-27.362865,
26.0,1.033333
26.000000,27.033333,28.066667,29.100000,30.133333,31.166667,32.200000,33.233333,34.266667,35.300000,36.333333,37.366667,38.400000,39.433333,40.466667,41.500000,42.533333,43.566667,44.600000,45.633333,46.666667,47.700000,48.733333,49.766667,50.800000,51.833333,52.866667,53.900000,54.933333,55.966667,57.000000,
29.431939,30.237690,31.049276,31.865853,32.685834,33.507575,34.329526,35.150425,35.969653,36.786959,37.602367,38.416247,39.229058,40.041141,40.852453,41.662722,42.471498,43.278090,44.081822,44.882298,45.679809,46.475098,47.269374,48.064558,48.862675,49.665296,50.472737,51.283936,52.095595,52.900126,53.690875,
-17.370909,-17.542341,-17.721980,-17.910830,-18.109183,-18.317054,-18.534360,-18.761043,-18.997207,-19.243054,-19.498868,-19.765049,-20.042020,-20.330158,-20.629695,-20.940774,-21.263468,-21.597751,-21.943631,-22.301296,-22.671354,-23.054736,-23.452761,-23.867416,-24.300922,-24.755429,-25.232664,-25.733597,-26.257684,-26.801321,-27.361056,
27.0,1.000000
27.000000,28.000000,29.000000,30.000000,31.000000,32.000000,33.000000,34.000000,35.000000,36.000000,37.000000,38.000000,39.000000,40.000000,41.000000,42.000000,43.000000,44.000000,45.000000,46.000000,47.000000,48.000000,49.000000,50.000000,51.000000,52.000000,53.000000,54.000000,55.000000,56.000000,57.000000,
30.403246,31.181321,31.964783,32.752891,33.544177,34.337047,35.129936,35.921479,36.710781,37.497237,38.280488,39.060511,39.837467,40.611645,41.383461,42.153362,42.921725,43.688731,44.454498,45.219169,45.983026,46.746520,47.510391,48.275935,49.044534,49.817239,50.594183,51.374444,52.155372,52.931062,53.696369,
-17.577635,-17.752173,-17.934678,-18.126139,-18.326826,-18.536707,-18.755627,-18.983423,-19.220037,-19.465482,-19.719839,-19.983296,-20.256104,-20.538559,-20.831014,-21.133845,-21.447423,-21.772088,-22.108202,-22.456214,-22.816771,-23.190709,-23.579138,-23.983664,-24.406051,-24.847948,-25.310575,-25.794478,-26.298946,-26.820810,-27.357104,
28.0,0.966667
28.000000,28.966667,29.933333,30.900000,31.866667,32.833333,33.800000,34.766667,35.733333,36.700000,37.666667,38.633333,39.600000,40.566667,41.533333,42.500000,43.466667,44.433333,45.400000,46.366667,47.333333,48.300000,49.266667,50.233333,51.200000,52.166667,53.133333,54.100000,55.066667,56.033333,57.000000,
30.887747,31.638703,32.394578,33.155346,33.920437,34.689164,35.460785,36.234542,37.009682,37.785440,38.560996,39.335425,40.107782,40.877188,41.642940,42.404494,43.161520,43.914055,44.662425,45.407297,46.149892,46.891740,47.634578,48.380342,49.130735,49.886687,50.647447,51.410860,52.172982,52.926864,53.666694,
-17.685001,-17.857730,-18.037932,-18.226785,-18.424837,-18.632358,-18.849481,-19.076271,-19.312771,-19.558993,-19.814914,-20.080438,-20.355439,-20.639785,-20.933365,-21.236109,-21.548033,-21.869321,-22.200318,-22.541610,-22.894202,-23.259384,-23.638737,-24.034263,-24.448036,-24.881875,-25.336910,-25.813491,-26.310741,-26.825526,-27.354970,
29.0,0.933333
29.000000,29.933333,30.866667,31.800000,32.733333,33.666667,34.600000,35.533333,36.466667,37.400000,38.333333,39.266667,40.200000,41.133333,42.066667,43.000000,43.933333,44.866667,45.800000,46.733333,47.666667,48.600000,49.533333,50.466667,51.400000,52.333333,53.266667,54.200000,55.133333,56.066667,57.000000,
31.854367,32.577515,33.304648,34.035438,34.769054,35.504607,36.241243,36.978262,37.715292,38.452108,39.188516,39.924244,40.658954,41.392222,42.123478,42.852145,43.577755,44.300134,45.019355,45.735809,46.450410,47.164366,47.879082,48.596144,49.316958,50.042310,50.771656,51.503333,52.234284,52.959176,53.673565,
-17.907941,-18.083080,-18.265252,-18.455483,-18.654172,-18.861453,-19.077348,-19.301866,-19.535096,-19.777163,-20.028190,-20.288266,-20.557445,-20.835744,-21.123107,-21.419478,-21.724857,-22.039399,-22.363407,-22.697401,-23.042281,-23.399195,-23.769521,-24.154947,-24.557178,-24.977660,-25.417176,-25.875821,-26.352672,-26.845017,-27.350412,
30.0,0.900000
30.000000,30.900000,31.800000,32.700000,33.600000,34.500000,35.400000,36.300000,37.200000,38.100000,39.000000,39.900000,40.800000,41.700000,42.600000,43.500000,44.400000,45.300000,46.200000,47.100000,48.000000,48.900000,49.800000,50.700000,51.600000,52.500000,53.400000,54.300000,55.200000,56.100000,57.000000,
32.817699,33.513677,34.213415,34.916451,35.621769,36.328201,37.034569,37.739811,38.443159,39.144049,39.842106,40.537213,41.229410,41.918869,42.605914,43.290950,43.974427,44.656815,45.338629,46.020472,46.703114,47.387423,48.074350,48.764935,49.460021,50.159887,50.863646,51.569440,52.274228,52.973104,53.662052,
-18.142090,-18.319473,-18.503680,-18.695642,-18.895629,-19.103613,-19.319422,-19.542857,-19.773784,-20.012120,-20.257840,-20.511011,-20.771759,-21.040268,-21.316801,-21.601674,-21.895257,-22.197999,-22.510432,-22.833217,-23.167238,-23.513537,-23.873321,-24.248028,-24.639081,-25.047650,-25.474290,-25.918936,-26.380628,-26.856883,-27.345504,
31.0,0.866667
31.000000,31.866667,32.733333,33.600000,34.466667,35.333333,36.200000,37.066667,37.933333,38.800000,39.666667,40.533333,41.400000,42.266667,43.133333,44.000000,44.866667,45.733333,46.600000,47.466667,48.333333,49.200000,50.066667,50.933333,51.800000,52.666667,53.533333,54.400000,55.266667,56.133333,57.000000,
33.298093,33.969141,34.645401,35.326996,36.013330,36.703418,37.396080,38.090082,38.784241,39.477454,40.168744,40.857366,41.542746,42.224488,42.902441,43.576647,44.247354,44.915103,45.580644,46.244924,46.909148,47.574606,48.242520,48.913874,49.589280,50.268700,50.950936,51.633892,52.314507,52.988324,53.651793,
-18.263467,-18.438774,-18.621041,-18.811382,-19.010233,-19.217663,-19.433547,-19.657667,-19.889779,-20.129639,-20.377028,-20.631785,-20.893799,-21.163022,-21.439504,-21.723382,-22.014914,-22.314546,-22.622878,-22.940688,-23.269022,-23.609074,-23.962122,-24.329498,-24.712424,-25.111822,-25.527991,-25.960658,-26.408802,-26.870200,-27.342935,
32.0,0.833333
32.000000,32.833333,33.666667,34.500000,35.333333,36.166667,37.000000,37.833333,38.666667,39.500000,40.333333,41.166667,42.000000,42.833333,43.666667,44.500000,45.333333,46.166667,47.000000,47.833333,48.666667,49.500000,50.333333,51.166667,52.000000,52.833333,53.666667,54.500000,55.333333,56.166667,57.000000,
34.256255,34.899179,35.544799,36.192970,36.843168,37.494767,38.147123,38.799655,39.451946,40.103665,40.754524,41.404239,42.052536,42.699147,43.343818,43.986360,44.626718,45.265092,45.901886,46.537725,47.173554,47.810465,48.449579,49.091930,49.738260,50.388702,51.042258,51.697035,52.350174,52.997445,53.635469,
-18.515028,-18.691443,-18.873792,-19.063028,-19.259540,-19.463440,-19.674704,-19.893261,-20.119069,-20.352099,-20.592332,-20.839750,-21.094340,-21.356096,-21.625033,-21.901209,-22.184777,-22.476060,-22.775531,-23.083852,-23.401968,-23.731000,-24.072195,-24.426920,-24.796474,-25.181867,-25.583510,-26.001242,-26.434163,-26.880215,-27.337604,
33.0,0.800000
33.000000,33.800000,34.600000,35.400000,36.200000,37.000000,37.800000,38.600000,39.400000,40.200000,41.000000,41.800000,42.600000,43.400000,44.200000,45.000000,45.800000,46.600000,47.400000,48.200000,49.000000,49.800000,50.600000,51.400000,52.200000,53.000000,53.800000,54.600000,55.400000,56.200000,57.000000,
34.733991,35.352691,35.975295,36.601948,37.232259,37.865554,38.501024,39.137842,39.775261,40.412623,41.049385,41.685188,42.319795,42.953050,43.584885,44.215298,44.844358,45.472233,46.099182,46.725576,47.351957,47.978929,48.607076,49.236864,49.868514,50.501781,51.135597,51.768240,52.397298,53.019414,53.631954,
-18.645291,-18.819223,-18.999176,-19.186177,-19.380662,-19.582740,-19.792346,-20.009340,-20.233583,-20.464946,-20.703340,-20.948744,-21.201182,-21.460723,-21.727483,-22.001627,-22.283382,-22.573072,-22.871116,-23.178049,-23.494595,-23.821585,-24.159918,-24.510547,-24.874342,-25.251936,-25.643490,-26.048721,-26.466783,-26.895977,-27.334857,
34.0,0.766667
34.000000,34.766667,35.533333,36.300000,37.066667,37.833333,38.600000,39.366667,40.133333,40.900000,41.666667,42.433333,43.200000,43.966667,44.733333,45.500000,46.266667,47.033333,47.800000,48.566667,49.333333,50.100000,50.866667,51.633333,52.400000,53.166667,53.933333,54.700000,55.466667,56.233333,57.000000,
35.686692,36.279479,36.875853,37.475908,38.079210,38.685032,39.292496,39.900679,40.508703,41.115750,41.721116,42.324275,42.924850,43.522629,44.117619,44.709997,45.300117,45.888555,46.476035,47.063396,47.651584,48.241542,48.834083,49.429728,50.028648,50.630483,51.234021,51.837423,52.438269,53.033433,53.620522,
-18.914982,-19.089940,-19.270651,-19.458087,-19.652627,-19.854310,-20.062991,-20.278430,-20.500370,-20.728555,-20.962762,-21.202840,-21.448702,-21.700340,-21.957865,-22.221488,-22.491542,-22.768525,-23.053066,-23.345921,-23.648010,-23.960327,-24.283877,-24.619613,-24.968342,-25.330588,-25.706369,-26.095273,-26.496399,-26.908161,-27.329245,
35.0,0.733333
35.000000,35.733333,36.466667,37.200000,37.933333,38.666667,39.400000,40.133333,40.866667,41.600000,42.333333,43.066667,43.800000,44.533333,45.266667,46.000000,46.733333,47.466667,48.200000,48.933333,49.666667,50.400000,51.133333,51.866667,52.600000,53.333333,54.066667,54.800000,55.533333,56.266667,57.000000,
36.635592,37.201614,37.769178,38.338124,38.908028,39.478366,40.048591,40.618197,41.186794,41.754092,42.319899,42.884153,43.446883,44.008189,44.568246,45.127291,45.685630,46.243661,46.801851,47.360742,47.920966,48.483163,49.047892,49.615532,50.186186,50.759525,51.334503,51.909542,52.482566,53.050910,53.612542,
-19.197160,-19.372321,-19.552256,-19.737779,-19.929212,-20.126610,-20.329889,-20.538908,-20.753543,-20.973696,-21.199311,-21.430402,-21.667035,-21.909335,-22.157495,-22.411773,-22.672502,-22.940125,-23.215175,-23.498286,-23.790224,-24.091824,-24.403935,-24.727378,-25.062850,-25.410797,-25.771215,-26.143719,-26.527494,-26.921149,-27.323538,
36.0,0.700000
36.000000,36.700000,37.400000,38.100000,38.800000,39.500000,40.200000,40.900000,41.600000,42.300000,43.000000,43.700000,44.400000,45.100000,45.800000,46.500000,47.200000,47.900000,48.600000,49.300000,50.000000,50.700000,51.400000,52.100000,52.800000,53.500000,54.200000,54.900000,55.600000,56.300000,57.000000,
37.108575,37.651208,38.196326,38.744009,39.293963,39.845681,40.398556,40.951957,41.505305,42.058090,42.609903,43.160495,43.709746,44.257662,44.804414,45.350279,45.895623,46.440895,46.986582,47.533178,48.081151,48.630893,49.182653,49.736435,50.291963,50.848567,51.404986,51.959531,52.510158,53.054439,53.590576,
-19.343031,-19.514922,-19.691628,-19.874025,-20.062481,-20.257070,-20.457701,-20.664200,-20.876386,-21.094086,-21.317172,-21.545591,-21.779363,-22.018584,-22.263459,-22.514276,-22.771404,-23.035315,-23.306555,-23.585731,-23.873524,-24.170633,-24.477739,-24.795457,-25.124272,-25.464447,-25.815872,-26.178122,-26.550433,-26.931606,-27.320673,
37.0,0.666667
37.000000,37.666667,38.333333,39.000000,39.666667,40.333333,41.000000,41.666667,42.333333,43.000000,43.666667,44.333333,45.000000,45.666667,46.333333,47.000000,47.666667,48.333333,49.000000,49.666667,50.333333,51.000000,51.666667,52.333333,53.000000,53.666667,54.333333,55.000000,55.666667,56.333333,57.000000,
38.051531,38.568489,39.086837,39.606600,40.127588,40.649497,41.171958,41.694587,42.217007,42.738870,43.259865,43.779749,44.298344,44.815560,45.331427,45.846077,46.359744,46.872790,47.385654,47.898830,48.412845,48.928195,49.445271,49.964266,50.485130,51.007479,51.530424,52.052717,52.572814,53.088877,53.599547,
-19.644537,-19.816096,-19.991808,-20.172482,-20.358498,-20.549983,-20.746911,-20.949181,-21.156665,-21.369229,-21.586762,-21.809194,-22.036503,-22.268731,-22.506011,-22.748555,-22.996661,-23.250741,-23.511289,-23.778869,-24.054119,-24.337699,-24.630241,-24.932299,-25.244291,-25.566423,-25.898556,-26.240277,-26.590897,-26.949399,-27.314979,
38.0,0.633333
38.000000,38.633333,39.266667,39.900000,40.533333,41.166667,41.800000,42.433333,43.066667,43.700000,44.333333,44.966667,45.600000,46.233333,46.866667,47.500000,48.133333,48.766667,49.400000,50.033333,50.666667,51.300000,51.933333,52.566667,53.200000,53.833333,54.466667,55.100000,55.733333,56.366667,57.000000,
38.521471,39.015259,39.511120,40.009273,40.509647,41.011994,41.515956,42.021120,42.527055,43.033339,43.539585,44.045473,44.550755,45.055266,45.558959,46.061879,46.564160,47.066031,47.567778,48.069708,48.572120,49.075256,49.579238,50.083982,50.589178,51.094230,51.598128,52.099586,52.597116,53.089059,53.574225,
-19.800253,-19.967899,-20.139654,-20.316368,-20.498469,-20.686117,-20.879312,-21.077965,-21.281942,-21.491103,-21.705319,-21.924506,-22.148625,-22.377699,-22.611839,-22.851225,-23.096120,-23.346877,-23.603919,-23.867720,-24.138801,-24.417691,-24.704881,-25.000777,-25.305662,-25.619637,-25.942523,-26.273914,-26.613194,-26.959502,-27.312172,
39.0,0.600000
39.000000,39.600000,40.200000,40.800000,41.400000,42.000000,42.600000,43.200000,43.800000,44.400000,45.000000,45.600000,46.200000,46.800000,47.400000,48.000000,48.600000,49.200000,49.800000,50.400000,51.000000,51.600000,52.200000,52.800000,53.400000,54.000000,54.600000,55.200000,55.800000,56.400000,57.000000,
39.458193,39.926829,40.396745,40.867983,41.340375,41.813629,42.287388,42.761276,43.234944,43.708079,44.180428,44.651833,45.122216,45.591583,46.060049,46.527807,46.995116,47.462307,47.929741,48.397780,48.866754,49.336919,49.808409,50.281155,50.754876,51.229032,51.702728,52.174832,52.644056,53.109006,53.568691,
-20.121806,-20.288347,-20.458418,-20.632748,-20.811685,-20.995347,-21.183705,-21.376660,-21.574086,-21.775865,-21.981900,-22.192157,-22.406654,-22.625475,-22.848789,-23.076834,-23.309921,-23.548436,-23.792819,-24.043549,-24.301126,-24.566043,-24.838740,-25.119562,-25.408731,-25.706293,-26.012044,-26.325584,-26.646343,-26.973573,-27.306703,
40.0,0.566667
40.000000,40.566667,41.133333,41.700000,42.266667,42.833333,43.400000,43.966667,44.533333,45.100000,45.666667,46.233333,46.800000,47.366667,47.933333,48.500000,49.066667,49.633333,50.200000,50.766667,51.333333,51.900000,52.466667,53.033333,53.600000,54.166667,54.733333,55.300000,55.866667,56.433333,57.000000,
40.390598,40.833838,41.277204,41.720567,42.163739,42.606509,43.048665,43.490017,43.930416,44.369762,44.808009,45.245180,45.681363,46.116705,46.551423,46.985788,47.420108,47.854727,48.289998,48.726252,49.163773,49.602767,50.043320,50.485341,50.928559,51.372499,51.816415,52.259390,52.700405,53.138385,53.572581,
-20.457124,-20.621865,-20.789352,-20.960184,-21.134673,-21.312953,-21.495048,-21.680929,-21.870554,-22.063888,-22.260921,-22.461694,-22.666293,-22.874860,-23.087601,-23.304780,-23.526709,-23.753756,-23.986321,-24.224821,-24.469669,-24.721257,-24.979912,-25.245864,-25.519226,-25.799963,-26.087840,-26.382470,-26.683344,-26.989845,-27.301514,
41.0,0.533333
41.000000,41.533333,42.066667,42.600000,43.133333,43.666667,44.200000,44.733333,45.266667,45.800000,46.333333,46.866667,47.400000,47.933333,48.466667,49.000000,49.533333,50.066667,50.600000,51.133333,51.666667,52.200000,52.733333,53.266667,53.800000,54.333333,54.866667,55.400000,55.933333,56.466667,57.000000,
40.855141,41.275115,41.695650,42.116775,42.538429,42.960499,43.382846,43.805328,44.227825,44.650240,45.072518,45.494654,45.916688,46.338706,46.760838,47.183246,47.606107,48.029601,48.453886,48.879077,49.305209,49.732220,50.159928,50.587980,51.015865,51.442906,51.868223,52.290825,52.709681,53.123785,53.532462,
-20.630044,-20.789596,-20.951749,-21.117123,-21.286076,-21.458795,-21.635360,-21.815791,-22.000086,-22.188242,-22.380273,-22.576231,-22.776206,-22.980330,-23.188789,-23.401814,-23.619671,-23.842663,-24.071111,-24.305337,-24.545651,-24.792325,-25.045573,-25.305518,-25.572182,-25.845468,-26.125121,-26.410772,-26.701968,-26.998189,-27.299060,
42.0,0.500000
42.000000,42.500000,43.000000,43.500000,44.000000,44.500000,45.000000,45.500000,46.000000,46.500000,47.000000,47.500000,48.000000,48.500000,49.000000,49.500000,50.000000,50.500000,51.000000,51.500000,52.000000,52.500000,53.000000,53.500000,54.000000,54.500000,55.000000,55.500000,56.000000,56.500000,57.000000,
41.780830,42.175209,42.569032,42.962179,43.354597,43.746281,44.137261,44.527593,44.917361,45.306665,45.695628,46.084396,46.473130,46.862007,47.251215,47.640947,48.031386,48.422700,48.815021,49.208435,49.602949,49.998491,50.394884,50.791817,51.188856,51.585441,51.980864,52.374340,52.765065,53.152268,53.535441,
-20.986607,-21.143172,-21.301533,-21.462187,-21.625468,-21.791604,-21.960751,-22.133024,-22.308522,-22.487336,-22.669567,-22.855337,-23.044789,-23.238091,-23.435442,-23.637067,-23.843209,-24.054128,-24.270088,-24.491342,-24.718122,-24.950621,-25.188977,-25.433246,-25.683403,-25.939322,-26.200759,-26.467384,-26.738811,-27.014619,-27.294510,
43.0,0.466667
43.000000,43.466667,43.933333,44.400000,44.866667,45.333333,45.800000,46.266667,46.733333,47.200000,47.666667,48.133333,48.600000,49.066667,49.533333,50.000000,50.466667,50.933333,51.400000,51.866667,52.333333,52.800000,53.266667,53.733333,54.200000,54.666667,55.133333,55.600000,56.066667,56.533333,57.000000,
42.701879,43.070928,43.438984,43.805827,44.171352,44.535540,44.898433,45.260123,45.620734,45.980417,46.339344,46.697704,47.055695,47.413524,47.771399,48.129527,48.488100,48.847297,49.207264,49.568113,49.929899,50.292617,50.656188,51.020438,51.385102,51.749824,52.114144,52.477543,52.839484,53.199455,53.557113,
-21.357733,-21.510793,-21.665170,-21.821263,-21.979362,-22.139686,-22.302405,-22.467662,-22.635584,-22.806293,-22.979917,-23.156593,-23.336471,-23.519713,-23.706500,-23.897023,-24.091482,-24.290080,-24.493017,-24.700481,-24.912632,-25.129601,-25.351468,-25.578250,-25.809900,-26.046295,-26.287223,-26.532414,-26.781563,-27.034346,-27.290543,
44.0,0.433333
44.000000,44.433333,44.866667,45.300000,45.733333,46.166667,46.600000,47.033333,47.466667,47.900000,48.333333,48.766667,49.200000,49.633333,50.066667,50.500000,50.933333,51.366667,51.800000,52.233333,52.666667,53.100000,53.533333,53.966667,54.400000,54.833333,55.266667,55.700000,56.133333,56.566667,57.000000,
43.618162,43.962039,44.305119,44.647193,44.988141,45.327902,45.666463,46.003846,46.340099,46.675291,47.009505,47.342837,47.675394,48.007287,48.338638,48.669567,49.000200,49.330657,49.661057,49.991510,50.322111,50.652941,50.984057,51.315491,51.647242,51.979282,52.311543,52.643932,52.976341,53.308654,53.640789,
-21.743740,-21.892755,-22.043024,-22.194931,-22.348756,-22.504705,-22.662930,-22.823545,-22.986641,-23.152293,-23.320565,-23.491519,-23.665213,-23.841705,-24.021053,-24.203313,-24.388538,-24.576776,-24.768064,-24.962429,-25.159878,-25.360397,-25.563947,-25.770458,-25.979828,-26.191927,-26.406588,-26.623630,-26.842868,-27.064127,-27.287294,
45.0,0.400000
45.000000,45.400000,45.800000,46.200000,46.600000,47.000000,47.400000,47.800000,48.200000,48.600000,49.000000,49.400000,49.800000,50.200000,50.600000,51.000000,51.400000,51.800000,52.200000,52.600000,53.000000,53.400000,53.800000,54.200000,54.600000,55.000000,55.400000,55.800000,56.200000,56.600000,57.000000,
44.074474,44.394009,44.712895,45.030995,45.348257,45.664694,45.980362,46.295352,46.609779,46.923774,47.237476,47.551027,47.864567,48.178229,48.492133,48.806382,49.121057,49.436208,49.751854,50.067972,50.384494,50.701301,51.018223,51.335030,51.651439,51.967121,52.281700,52.594785,52.905998,53.215007,53.521602,
-21.942425,-22.083771,-22.226042,-22.369569,-22.514620,-22.661422,-22.810170,-22.961039,-23.114187,-23.269766,-23.427921,-23.588793,-23.752525,-23.919256,-24.089123,-24.262259,-24.438793,-24.618839,-24.802500,-24.989859,-25.180971,-25.375866,-25.574534,-25.776925,-25.982949,-26.192475,-26.405325,-26.621300,-26.840190,-27.061795,-27.285983,
46.0,0.366667
46.000000,46.366667,46.733333,47.100000,47.466667,47.833333,48.200000,48.566667,48.933333,49.300000,49.666667,50.033333,50.400000,50.766667,51.133333,51.500000,51.866667,52.233333,52.600000,52.966667,53.333333,53.700000,54.066667,54.433333,54.800000,55.166667,55.533333,55.900000,56.266667,56.633333,57.000000,
44.983363,45.277096,45.570325,45.862921,46.154811,46.445965,46.736387,47.026103,47.315161,47.603617,47.891538,48.178995,48.466060,48.752806,49.039298,49.325598,49.611760,49.897822,50.183815,50.469751,50.755624,51.041411,51.327067,51.612525,51.897700,52.182487,52.466764,52.750403,53.033279,53.315280,53.596337,
-22.351355,-22.487043,-22.623634,-22.761434,-22.900689,-23.041590,-23.184292,-23.328919,-23.475576,-23.624348,-23.775308,-23.928522,-24.084043,-24.241921,-24.402196,-24.564901,-24.730064,-24.897700,-25.067814,-25.240399,-25.415433,-25.592877,-25.772677,-25.954758,-26.139028,-26.325378,-26.513688,-26.703827,-26.895673,-27.089115,-27.284086,
47.0,0.333333
47.000000,47.333333,47.666667,48.000000,48.333333,48.666667,49.000000,49.333333,49.666667,50.000000,50.333333,50.666667,51.000000,51.333333,51.666667,52.000000,52.333333,52.666667,53.000000,53.333333,53.666667,54.000000,54.333333,54.666667,55.000000,55.333333,55.666667,56.000000,56.333333,56.666667,57.000000,
45.887163,46.154667,46.421709,46.688150,46.953894,47.218879,47.483073,47.746462,48.009053,48.270862,48.531918,48.792257,49.051921,49.310958,49.569417,49.827352,50.084816,50.341864,50.598552,50.854931,51.111055,51.366972,51.622729,51.878367,52.133924,52.389430,52.644912,52.900388,53.155871,53.411366,53.666876,
-22.775965,-22.904952,-23.034765,-23.165677,-23.297895,-23.431570,-23.566812,-23.703699,-23.842284,-23.982596,-24.124651,-24.268451,-24.413988,-24.561244,-24.710196,-24.860814,-25.013059,-25.166891,-25.322261,-25.479116,-25.637399,-25.797044,-25.957985,-26.120148,-26.283458,-26.447836,-26.613206,-26.779494,-26.946634,-27.114575,-27.283283,
48.0,0.300000
48.000000,48.300000,48.600000,48.900000,49.200000,49.500000,49.800000,50.100000,50.400000,50.700000,51.000000,51.300000,51.600000,51.900000,52.200000,52.500000,52.800000,53.100000,53.400000,53.700000,54.000000,54.300000,54.600000,54.900000,55.200000,55.500000,55.800000,56.100000,56.400000,56.700000,57.000000,
46.785744,47.026615,47.266989,47.506704,47.745642,47.983720,48.220885,48.457105,48.692371,48.926688,49.160076,49.392567,49.624202,49.855032,50.085116,50.314520,50.543318,50.771590,50.999420,51.226900,51.454126,51.681196,51.908214,52.135282,52.362505,52.589984,52.817815,53.046086,53.274870,53.504224,53.734181,
-23.216576,-23.337735,-23.459569,-23.582295,-23.706071,-23.831007,-23.957175,-24.084614,-24.213340,-24.343349,-24.474620,-24.607123,-24.740814,-24.875643,-25.011556,-25.148493,-25.286392,-25.425187,-25.564815,-25.705209,-25.846305,-25.988040,-26.130353,-26.273185,-26.416483,-26.560198,-26.704285,-26.848708,-26.993438,-27.138453,-27.283743,
49.0,0.266667
49.000000,49.266667,49.533333,49.800000,50.066667,50.333333,50.600000,50.866667,51.133333,51.400000,51.666667,51.933333,52.200000,52.466667,52.733333,53.000000,53.266667,53.533333,53.800000,54.066667,54.333333,54.600000,54.866667,55.133333,55.400000,55.666667,55.933333,56.200000,56.466667,56.733333,57.000000,
47.233037,47.448172,47.663223,47.878162,48.092966,48.307619,48.522108,48.736421,48.950550,49.164488,49.378226,49.591756,49.805068,50.018151,50.230991,50.443570,50.655869,50.867864,51.079526,51.290823,51.501719,51.712174,51.922144,52.131581,52.340435,52.548657,52.756195,52.963002,53.169036,53.374264,53.578667,
-23.442981,-23.553374,-23.664352,-23.776128,-23.888874,-24.002725,-24.117790,-24.234153,-24.351879,-24.471014,-24.591592,-24.713634,-24.837150,-24.962143,-25.088606,-25.216525,-25.345879,-25.476641,-25.608781,-25.742259,-25.877032,-26.013053,-26.150272,-26.288632,-26.428077,-26.568548,-26.709990,-26.852348,-26.995574,-27.139633,-27.284501,
50.0,0.233333
50.000000,50.233333,50.466667,50.700000,50.933333,51.166667,51.400000,51.633333,51.866667,52.100000,52.333333,52.566667,52.800000,53.033333,53.266667,53.500000,53.733333,53.966667,54.200000,54.433333,54.666667,54.900000,55.133333,55.366667,55.600000,55.833333,56.066667,56.300000,56.533333,56.766667,57.000000,
48.123549,48.311428,48.499175,48.686741,48.874089,49.061186,49.248011,49.434544,49.620772,49.806685,49.992277,50.177542,50.362479,50.547086,50.731362,50.915308,51.098925,51.282213,51.465172,51.647802,51.830103,52.012073,52.193710,52.375012,52.555974,52.736593,52.916865,53.096785,53.276348,53.455552,53.634394,
-23.908190,-24.008684,-24.109607,-24.211114,-24.313330,-24.416352,-24.520257,-24.625100,-24.730921,-24.837747,-24.945594,-25.054464,-25.164356,-25.275259,-25.387156,-25.500025,-25.613840,-25.728573,-25.844189,-25.960654,-26.077932,-26.195982,-26.314768,-26.434249,-26.554387,-26.675146,-26.796490,-26.918388,-27.040815,-27.163751,-27.287185,
51.0,0.200000
51.000000,51.200000,51.400000,51.600000,51.800000,52.000000,52.200000,52.400000,52.600000,52.800000,53.000000,53.200000,53.400000,53.600000,53.800000,54.000000,54.200000,54.400000,54.600000,54.800000,55.000000,55.200000,55.400000,55.600000,55.800000,56.000000,56.200000,56.400000,56.600000,56.800000,57.000000,
49.008520,49.169000,49.329314,49.489404,49.649221,49.808730,49.967904,50.126723,50.285176,50.443256,50.600963,50.758300,50.915274,51.071896,51.228178,51.384137,51.539788,51.695151,51.850244,52.005088,52.159702,52.314108,52.468324,52.622372,52.776268,52.930031,53.083676,53.237216,53.390662,53.544022,53.697301,
-24.390199,-24.479623,-24.569304,-24.659338,-24.749802,-24.840755,-24.932245,-25.024306,-25.116963,-25.210232,-25.304120,-25.398629,-25.493756,-25.589492,-25.685823,-25.782735,-25.880210,-25.978226,-26.076762,-26.175795,-26.275302,-26.375257,-26.475639,-26.576423,-26.677588,-26.779113,-26.880979,-26.983171,-27.085675,-27.188482,-27.291587,
