428.0,2.200000
428.000000,430.200000,432.400000,434.600000,436.800000,439.000000,441.200000,443.400000,445.600000,447.800000,450.000000,452.200000,454.400000,456.600000,458.800000,461.000000,463.200000,465.400000,467.600000,469.800000,472.000000,474.200000,476.400000,478.600000,480.800000,483.000000,485.200000,487.400000,489.600000,491.800000,494.000000,
-19.143002,-17.767805,-16.396420,-15.041614,-13.714749,-12.417786,-11.150092,-9.908941,-8.684968,-7.467673,-6.248161,-5.025787,-3.801814,-2.577700,-1.353842,-0.130380,1.092625,2.315200,3.537363,4.759007,5.979480,7.198391,8.417038,9.643935,10.888289,12.155169,13.430641,14.700663,15.969733,17.324376,18.850292,
-14.161284,-14.155394,-14.143078,-14.124283,-14.099601,-14.071405,-14.042468,-14.015569,-13.993095,-13.977309,-13.970296,-13.973489,-13.988097,-14.014978,-14.053673,-14.103343,-14.162781,-14.229539,-14.300838,-14.373679,-14.444410,-14.509183,-14.563921,-14.603731,-14.623309,-14.616343,-14.572472,-14.481395,-14.337114,-14.152598,-13.941919,
429.0,2.166667
429.000000,431.166667,433.333333,435.500000,437.666667,439.833333,442.000000,444.166667,446.333333,448.500000,450.666667,452.833333,455.000000,457.166667,459.333333,461.500000,463.666667,465.833333,468.000000,470.166667,472.333333,474.500000,476.666667,478.833333,481.000000,483.166667,485.333333,487.500000,489.666667,491.833333,494.000000,
-18.648401,-17.317281,-15.986337,-14.655429,-13.324181,-11.991306,-10.655728,-9.318218,-7.987343,-6.673187,-5.384632,-4.123817,-2.890858,-1.683818,-0.493863,0.689080,1.873565,3.060315,4.248199,5.435879,6.622963,7.809665,8.997894,10.196334,11.413342,12.649102,13.868588,15.037089,16.156495,17.387469,18.890321,
-14.160378,-14.152399,-14.138075,-14.117342,-14.090841,-14.061175,-14.031418,-14.004714,-13.984063,-13.972324,-13.971893,-13.983296,-14.006564,-14.041444,-14.086947,-14.141846,-14.204623,-14.272735,-14.343358,-14.413488,-14.479602,-14.537991,-14.584660,-14.614542,-14.622250,-14.602063,-14.547136,-14.451131,-14.311041,-14.137833,-13.943034,
430.0,2.133333
430.000000,432.133333,434.266667,436.400000,438.533333,440.666667,442.800000,444.933333,447.066667,449.200000,451.333333,453.466667,455.600000,457.733333,459.866667,462.000000,464.133333,466.266667,468.400000,470.533333,472.666667,474.800000,476.933333,479.066667,481.200000,483.333333,485.466667,487.600000,489.733333,491.866667,494.000000,
-18.152029,-16.858611,-15.565287,-14.272132,-12.979181,-11.686305,-10.393288,-9.099723,-7.804475,-6.506656,-5.207176,-3.914375,-2.638047,-1.386785,-0.162573,1.034612,2.206767,3.362325,4.510885,5.660591,6.812211,7.965055,9.119580,10.282606,11.461126,12.656505,13.845883,15.007406,16.147753,17.394604,18.874370,
-14.158703,-14.148435,-14.132220,-14.110268,-14.083433,-14.054208,-14.025485,-14.000229,-13.981327,-13.971551,-13.973268,-13.987228,-14.013689,-14.052429,-14.101664,-14.159219,-14.222817,-14.290137,-14.358807,-14.426290,-14.489385,-14.544674,-14.588476,-14.616204,-14.622928,-14.603153,-14.549324,-14.454225,-14.314155,-14.140109,-13.943781,
431.0,2.100000
431.000000,433.100000,435.200000,437.300000,439.400000,441.500000,443.600000,445.700000,447.800000,449.900000,452.000000,454.100000,456.200000,458.300000,460.400000,462.500000,464.600000,466.700000,468.800000,470.900000,473.000000,475.100000,477.200000,479.300000,481.400000,483.500000,485.600000,487.700000,489.800000,491.900000,494.000000,
-17.154980,-15.899368,-14.643861,-13.388516,-12.133347,-10.878198,-9.622832,-8.366847,-7.109234,-5.849249,-4.587878,-3.333116,-2.094345,-0.879780,0.308668,1.471044,2.609313,3.731564,4.847010,5.963475,7.081800,8.201393,9.322602,10.451166,11.593076,12.749999,13.905162,15.043374,16.174536,17.412482,18.869143,
-14.152504,-14.137268,-14.116957,-14.092264,-14.064447,-14.036014,-14.009766,-13.988499,-13.974690,-13.970639,-13.978229,-13.997764,-14.029070,-14.071554,-14.123330,-14.182189,-14.245860,-14.312127,-14.378754,-14.443364,-14.503003,-14.554519,-14.594517,-14.618755,-14.622643,-14.600957,-14.546168,-14.451028,-14.311785,-14.139107,-13.944384,
432.0,2.066667
432.000000,434.066667,436.133333,438.200000,440.266667,442.333333,444.400000,446.466667,448.533333,450.600000,452.666667,454.733333,456.800000,458.866667,460.933333,463.000000,465.066667,467.133333,469.200000,471.266667,473.333333,475.400000,477.466667,479.533333,481.600000,483.666667,485.733333,487.800000,489.866667,491.933333,494.000000,
-16.654759,-15.436803,-14.218907,-13.001062,-11.783260,-10.565500,-9.347783,-8.130086,-6.912304,-5.694280,-4.475716,-3.255794,-2.033963,-0.811300,0.404670,1.605123,2.782345,3.934493,5.061580,6.165422,7.253450,8.334388,9.416713,10.506581,11.609089,12.727294,13.856856,14.995461,16.156572,17.416865,18.850393,
-14.147827,-14.130617,-14.109027,-14.083878,-14.056493,-14.029207,-14.004593,-13.985189,-13.973150,-13.970471,-13.978853,-13.998951,-14.031044,-14.074913,-14.128635,-14.189832,-14.255929,-14.324012,-14.391107,-14.454349,-14.511379,-14.559895,-14.597332,-14.619980,-14.623626,-14.603132,-14.550030,-14.455956,-14.316297,-14.141856,-13.944333,
433.0,2.033333
433.000000,435.033333,437.066667,439.100000,441.133333,443.166667,445.200000,447.233333,449.266667,451.300000,453.333333,455.366667,457.400000,459.433333,461.466667,463.500000,465.533333,467.566667,469.600000,471.633333,473.666667,475.700000,477.733333,479.766667,481.800000,483.833333,485.866667,487.900000,489.933333,491.966667,494.000000,
-16.153681,-14.972863,-13.790645,-12.606331,-11.420869,-10.241610,-9.077255,-7.935584,-6.819278,-5.728930,-4.661726,-3.603103,-2.536176,-1.446377,-0.330883,0.809723,1.972749,3.150340,4.333712,5.515472,6.694818,7.872896,9.052178,10.238587,11.437716,12.650360,13.858121,15.043314,16.210343,17.452724,18.863109,
-14.142064,-14.123128,-14.100534,-14.075213,-14.048545,-14.022738,-14.000158,-13.982988,-13.972501,-13.969712,-13.975515,-13.990544,-14.015326,-14.050202,-14.094872,-14.148762,-14.210845,-14.278505,-14.348693,-14.418185,-14.483485,-14.540952,-14.586653,-14.615597,-14.622447,-14.601529,-14.546123,-14.450089,-14.310676,-14.138346,-13.944104,
434.0,2.000000
434.000000,436.000000,438.000000,440.000000,442.000000,444.000000,446.000000,448.000000,450.000000,452.000000,454.000000,456.000000,458.000000,460.000000,462.000000,464.000000,466.000000,468.000000,470.000000,472.000000,474.000000,476.000000,478.000000,480.000000,482.000000,484.000000,486.000000,488.000000,490.000000,492.000000,494.000000,
-15.651926,-14.509225,-13.366576,-12.223959,-11.081348,-9.938707,-8.796001,-7.653209,-6.510363,-5.367511,-4.224711,-3.082049,-1.939615,-0.797482,0.344338,1.485844,2.627024,3.767799,4.908109,6.048025,7.188132,8.329333,9.473279,10.624297,11.786005,12.956500,14.112506,15.232500,16.323351,17.503740,18.890974,
-14.135236,-14.114914,-14.091657,-14.066421,-14.040544,-14.016008,-13.994944,-13.979419,-13.971098,-13.971484,-13.981824,-14.002514,-14.033658,-14.075044,-14.125503,-14.183555,-14.247460,-14.314732,-14.382657,-14.448372,-14.508632,-14.560017,-14.598806,-14.620229,-14.619238,-14.590719,-14.529569,-14.431410,-14.294760,-14.128980,-13.943732,
435.0,1.966667
435.000000,436.966667,438.933333,440.900000,442.866667,444.833333,446.800000,448.766667,450.733333,452.700000,454.666667,456.633333,458.600000,460.566667,462.533333,464.500000,466.466667,468.433333,470.400000,472.366667,474.333333,476.300000,478.266667,480.233333,482.200000,484.166667,486.133333,488.100000,490.066667,492.033333,494.000000,
-15.149661,-14.044429,-12.939238,-11.834066,-10.728886,-9.623669,-8.518392,-7.413039,-6.307642,-5.202240,-4.096877,-2.991591,-1.886431,-0.781483,0.323020,1.426797,2.529512,3.630681,4.730180,5.829463,6.935827,8.057635,9.201605,10.366908,11.550048,12.744597,13.935230,15.109028,16.271421,17.497606,18.861685,
-14.127396,-14.105999,-14.082378,-14.057510,-14.032695,-14.009737,-13.990546,-13.976965,-13.970446,-13.972284,-13.983542,-14.004530,-14.035295,-14.075603,-14.124383,-14.180291,-14.241758,-14.306589,-14.372399,-14.436684,-14.496655,-14.549329,-14.591227,-14.617136,-14.621346,-14.597927,-14.540589,-14.443785,-14.305258,-14.134948,-13.943252,
436.0,1.933333
436.000000,437.933333,439.866667,441.800000,443.733333,445.666667,447.600000,449.533333,451.466667,453.400000,455.333333,457.266667,459.200000,461.133333,463.066667,465.000000,466.933333,468.866667,470.800000,472.733333,474.666667,476.600000,478.533333,480.466667,482.400000,484.333333,486.266667,488.200000,490.133333,492.066667,494.000000,
-14.647033,-13.578854,-12.510711,-11.442567,-10.374380,-9.306084,-8.237622,-7.169002,-6.100461,-5.032318,-3.964969,-2.899041,-1.834853,-0.771320,0.297773,1.379737,2.480981,3.603345,4.747094,5.910968,7.089392,8.275735,9.463609,10.648603,11.826559,12.992310,14.136529,15.253959,16.359261,17.540062,18.880981,
-14.118621,-14.096489,-14.072809,-14.048561,-14.024992,-14.003727,-13.986473,-13.974854,-13.970114,-13.973340,-13.985408,-14.006524,-14.036678,-14.075711,-14.123081,-14.178062,-14.239616,-14.305653,-14.373719,-14.440982,-14.503536,-14.557148,-14.597413,-14.619580,-14.618798,-14.590181,-14.528793,-14.430438,-14.293815,-14.128089,-13.942693,
437.0,1.900000
437.000000,438.900000,440.800000,442.700000,444.600000,446.500000,448.400000,450.300000,452.200000,454.100000,456.000000,457.900000,459.800000,461.700000,463.600000,465.500000,467.400000,469.300000,471.200000,473.100000,475.000000,476.900000,478.800000,480.700000,482.600000,484.500000,486.400000,488.300000,490.200000,492.100000,494.000000,
-14.144175,-13.112211,-12.080286,-11.048742,-10.017968,-8.988410,-7.960183,-6.932066,-5.898113,-4.851375,-3.785829,-2.699965,-1.593880,-0.469257,0.667777,1.810212,2.952114,4.092532,5.231940,6.371245,7.511585,8.653885,9.798033,10.940190,12.075246,13.197014,14.296450,15.369314,16.432496,17.578480,18.896238,
-14.109015,-14.086497,-14.063068,-14.039683,-14.017499,-13.997939,-13.982483,-13.972581,-13.969495,-13.974403,-13.988349,-14.011954,-14.045625,-14.089378,-14.141963,-14.201721,-14.266714,-14.334343,-14.401792,-14.466089,-14.523876,-14.571641,-14.605681,-14.621719,-14.615323,-14.582064,-14.517663,-14.418577,-14.283926,-14.122202,-13.942084,
438.0,1.866667
438.000000,439.866667,441.733333,443.600000,445.466667,447.333333,449.200000,451.066667,452.933333,454.800000,456.666667,458.533333,460.400000,462.266667,464.133333,466.000000,467.866667,469.733333,471.600000,473.466667,475.333333,477.200000,479.066667,480.933333,482.800000,484.666667,486.533333,488.400000,490.266667,492.133333,494.000000,
-13.641205,-12.646116,-11.652375,-10.659938,-9.667465,-8.669233,-7.658587,-6.629765,-5.581277,-4.513186,-3.427102,-2.328864,-1.225181,-0.121787,0.980088,2.080509,3.179866,4.278471,5.376629,6.474687,7.573163,8.672729,9.774462,10.880798,11.993808,13.112838,14.227400,15.328894,16.425634,17.587326,18.881923,
-14.098699,-14.076118,-14.053187,-14.030815,-14.010081,-13.992307,-13.978877,-13.971190,-13.970609,-13.978425,-13.995675,-14.022527,-14.058837,-14.104149,-14.157171,-14.216322,-14.279798,-14.345243,-14.410117,-14.471750,-14.527166,-14.573232,-14.606511,-14.622605,-14.616844,-14.584491,-14.520846,-14.421962,-14.286691,-14.123587,-13.941447,
439.0,1.833333
439.000000,440.833333,442.666667,444.500000,446.333333,448.166667,450.000000,451.833333,453.666667,455.500000,457.333333,459.166667,461.000000,462.833333,464.666667,466.500000,468.333333,470.166667,472.000000,473.833333,475.666667,477.500000,479.333333,481.166667,483.000000,484.833333,486.666667,488.500000,490.333333,492.166667,494.000000,
-13.138228,-12.152599,-11.140013,-10.104789,-9.053069,-7.991099,-6.924850,-5.859161,-4.794979,-3.732122,-2.670151,-1.608789,-0.547821,0.512919,1.573474,2.633851,3.694049,4.754068,5.813932,6.873756,7.933952,8.995099,10.058074,11.124703,12.196521,13.273049,14.346681,15.412198,16.480284,17.617770,18.889206,
-14.087815,-14.064808,-14.041469,-14.019098,-13.999184,-13.983357,-13.973245,-13.970319,-13.975483,-13.989421,-14.012573,-14.044697,-14.085304,-14.133658,-14.188381,-14.247866,-14.310329,-14.373543,-14.435133,-14.492618,-14.543280,-14.584258,-14.612406,-14.623671,-14.613735,-14.578210,-14.512707,-14.413564,-14.279781,-14.119433,-13.940806,
440.0,1.800000
440.000000,441.800000,443.600000,445.400000,447.200000,449.000000,450.800000,452.600000,454.400000,456.200000,458.000000,459.800000,461.600000,463.400000,465.200000,467.000000,468.800000,470.600000,472.400000,474.200000,476.000000,477.800000,479.600000,481.400000,483.200000,485.000000,486.800000,488.600000,490.400000,492.200000,494.000000,
-12.132595,-11.182054,-10.205498,-9.207094,-8.192797,-7.168617,-6.140278,-5.112411,-4.085990,-3.060901,-2.036758,-1.013275,0.009792,1.032643,2.055356,3.077969,4.100505,5.122956,6.145314,7.167596,8.189900,9.212467,10.235956,11.262413,12.294073,13.332479,14.376468,15.427091,16.496110,17.631848,18.880083,
-14.064961,-14.042668,-14.021149,-14.001747,-13.985891,-13.974962,-13.970287,-13.973018,-13.983759,-14.002896,-14.030593,-14.066425,-14.109746,-14.159698,-14.214892,-14.273749,-14.334543,-14.395201,-14.453532,-14.507268,-14.553979,-14.591111,-14.615829,-14.624412,-14.612823,-14.576795,-14.511522,-14.412810,-14.279230,-14.118734,-13.939584,
441.0,1.766667
441.000000,442.766667,444.533333,446.300000,448.066667,449.833333,451.600000,453.366667,455.133333,456.900000,458.666667,460.433333,462.200000,463.966667,465.733333,467.500000,469.266667,471.033333,472.800000,474.566667,476.333333,478.100000,479.866667,481.633333,483.400000,485.166667,486.933333,488.700000,490.466667,492.233333,494.000000,
-11.630082,-10.713500,-9.771845,-8.809106,-7.831028,-6.843359,-5.851570,-4.860142,-3.870313,-2.882325,-1.896123,-0.911581,0.071740,1.055314,2.044004,3.043435,4.058542,5.091069,6.141497,7.209032,8.289581,9.377952,10.468329,11.553779,12.626888,13.679654,14.702452,15.691614,16.666305,17.721037,18.946118,
-14.053325,-14.032231,-14.012347,-13.994945,-13.981338,-13.972731,-13.970254,-13.974871,-13.987040,-14.007020,-14.034880,-14.070202,-14.112400,-14.160774,-14.214389,-14.272172,-14.332805,-14.394215,-14.454041,-14.509646,-14.557698,-14.594637,-14.616779,-14.620236,-14.601192,-14.556272,-14.483629,-14.382363,-14.253442,-14.103519,-13.939034,
442.0,1.733333
442.000000,443.733333,445.466667,447.200000,448.933333,450.666667,452.400000,454.133333,455.866667,457.600000,459.333333,461.066667,462.800000,464.533333,466.266667,468.000000,469.733333,471.466667,473.200000,474.933333,476.666667,478.400000,480.133333,481.866667,483.600000,485.333333,487.066667,488.800000,490.533333,492.266667,494.000000,
-11.127847,-10.243790,-9.335737,-8.407926,-7.466276,-6.516394,-5.563215,-4.609632,-3.652066,-2.685214,-1.704224,-0.707540,0.305070,1.332491,2.370219,3.413014,4.456435,5.499585,6.542685,7.586318,8.631229,9.677803,10.725017,11.767267,12.797594,13.808880,14.794805,15.755191,16.710595,17.748036,18.949966,
-14.041784,-14.022132,-14.004060,-13.988745,-13.977362,-13.970938,-13.970432,-13.976703,-13.990342,-14.011813,-14.041413,-14.078967,-14.124081,-14.176053,-14.233324,-14.294041,-14.356184,-14.417436,-14.475361,-14.527421,-14.570817,-14.602636,-14.619825,-14.618945,-14.596552,-14.549557,-14.476126,-14.375298,-14.247921,-14.100297,-13.938542,
443.0,1.700000
443.000000,444.700000,446.400000,448.100000,449.800000,451.500000,453.200000,454.900000,456.600000,458.300000,460.000000,461.700000,463.400000,465.100000,466.800000,468.500000,470.200000,471.900000,473.600000,475.300000,477.000000,478.700000,480.400000,482.100000,483.800000,485.500000,487.200000,488.900000,490.600000,492.300000,494.000000,
-10.625932,-9.774436,-8.900974,-8.008686,-7.101409,-6.180070,-5.244676,-4.294980,-3.330774,-2.352139,-1.360108,-0.358707,0.647350,1.653980,2.659954,3.664975,4.669102,5.672693,6.676206,7.680146,8.685078,9.691510,10.699687,11.709018,12.718288,13.724984,14.722736,15.708654,16.695712,17.748030,18.926813,
-14.030516,-14.012457,-13.996257,-13.983026,-13.973871,-13.969812,-13.971819,-13.980758,-13.997201,-14.021560,-14.053996,-14.093958,-14.140629,-14.192981,-14.249535,-14.308644,-14.368534,-14.427165,-14.482389,-14.531954,-14.573367,-14.603991,-14.620944,-14.620634,-14.599346,-14.553649,-14.481202,-14.380556,-14.252231,-14.102649,-13.938117,
444.0,1.666667
444.000000,445.666667,447.333333,449.000000,450.666667,452.333333,454.000000,455.666667,457.333333,459.000000,460.666667,462.333333,464.000000,465.666667,467.333333,469.000000,470.666667,472.333333,474.000000,475.666667,477.333333,479.000000,480.666667,482.333333,484.000000,485.666667,487.333333,489.000000,490.666667,492.333333,494.000000,
-10.625932,-9.804279,-8.957344,-8.082579,-7.179813,-6.252745,-5.306338,-4.345958,-3.377082,-2.404920,-1.433671,-0.464371,0.503241,1.470659,2.442265,3.423111,4.417634,5.427522,6.453282,7.494185,8.546478,9.605344,10.665363,11.720152,12.763154,13.788191,14.790528,15.770591,16.744829,17.778853,18.934523,
-14.030516,-14.012982,-13.997117,-13.983997,-13.974727,-13.970412,-13.972109,-13.980717,-13.996634,-14.020049,-14.050950,-14.088849,-14.133075,-14.182840,-14.237120,-14.294755,-14.354356,-14.413901,-14.471105,-14.523431,-14.567751,-14.600726,-14.618903,-14.618643,-14.596390,-14.549064,-14.475105,-14.373916,-14.246654,-14.099435,-13.938117,
445.0,1.633333
445.000000,446.633333,448.266667,449.900000,451.533333,453.166667,454.800000,456.433333,458.066667,459.700000,461.333333,462.966667,464.600000,466.233333,467.866667,469.500000,471.133333,472.766667,474.400000,476.033333,477.666667,479.300000,480.933333,482.566667,484.200000,485.833333,487.466667,489.100000,490.733333,492.366667,494.000000,
-10.124369,-9.329972,-8.511449,-7.666833,-6.796367,-5.903467,-4.992343,-4.066680,-3.127616,-2.175444,-1.210192,-0.231846,0.759387,1.762504,2.774084,3.790162,4.807377,5.824926,6.842843,7.861395,8.880790,9.900869,10.920295,11.934191,12.936781,13.922847,14.889919,15.840731,16.792623,17.806421,18.938950,
-14.019699,-14.003878,-13.989991,-13.979046,-13.972040,-13.969939,-13.973667,-13.984043,-14.001581,-14.026646,-14.059406,-14.099534,-14.146468,-14.199364,-14.256670,-14.316575,-14.377118,-14.436088,-14.491170,-14.539942,-14.579736,-14.607770,-14.621137,-14.616610,-14.590993,-14.541498,-14.466666,-14.365940,-14.240424,-14.095868,-13.937767,
446.0,1.600000
446.000000,447.600000,449.200000,450.800000,452.400000,454.000000,455.600000,457.200000,458.800000,460.400000,462.000000,463.600000,465.200000,466.800000,468.400000,470.000000,471.600000,473.200000,474.800000,476.400000,478.000000,479.600000,481.200000,482.800000,484.400000,486.000000,487.600000,489.200000,490.800000,492.400000,494.000000,
-9.623183,-8.855441,-8.065428,-7.250230,-6.408333,-5.539432,-4.643871,-3.722928,-2.780282,-1.820411,-0.848011,0.132300,1.116193,2.100192,3.083339,4.065550,5.047081,6.028439,7.010151,7.992550,8.975335,9.957846,10.938904,11.915970,12.886552,13.849656,14.809172,15.772481,16.753540,17.784381,18.893774,
-14.009511,-13.995483,-13.983584,-13.974798,-13.970099,-13.970464,-13.976832,-13.990018,-14.010471,-14.038448,-14.073949,-14.116321,-14.164651,-14.217834,-14.274384,-14.332670,-14.390942,-14.447231,-14.499473,-14.545517,-14.583016,-14.609514,-14.622380,-14.618525,-14.594756,-14.548000,-14.475671,-14.375949,-14.249016,-14.100879,-13.937498,
447.0,1.566667
447.000000,448.566667,450.133333,451.700000,453.266667,454.833333,456.400000,457.966667,459.533333,461.100000,462.666667,464.233333,465.800000,467.366667,468.933333,470.500000,472.066667,473.633333,475.200000,476.766667,478.333333,479.900000,481.466667,483.033333,484.600000,486.166667,487.733333,489.300000,490.866667,492.433333,494.000000,
-9.122386,-8.377899,-7.612005,-6.821913,-6.006215,-5.164665,-4.297651,-3.406445,-2.494534,-1.566153,-0.625742,0.322353,1.274059,2.226093,3.177444,4.127884,5.077439,6.026174,6.974160,7.921456,8.868072,9.814248,10.761003,11.711650,12.670343,13.641652,14.630645,15.642124,16.679521,17.742116,18.828378,
-14.000124,-13.988046,-13.978299,-13.971824,-13.969523,-13.972258,-13.980843,-13.995966,-14.017962,-14.046985,-14.082953,-14.125207,-14.172856,-14.224841,-14.279789,-14.336202,-14.392494,-14.446926,-14.497682,-14.542872,-14.580425,-14.608122,-14.623438,-14.623024,-14.603245,-14.560386,-14.490748,-14.391378,-14.261716,-14.108179,-13.937314,
448.0,1.533333
448.000000,449.533333,451.066667,452.600000,454.133333,455.666667,457.200000,458.733333,460.266667,461.800000,463.333333,464.866667,466.400000,467.933333,469.466667,471.000000,472.533333,474.066667,475.600000,477.133333,478.666667,480.200000,481.733333,483.266667,484.800000,486.333333,487.866667,489.400000,490.933333,492.466667,494.000000,
-8.621987,-7.898663,-7.154781,-6.387672,-5.596028,-4.779662,-3.939002,-3.075313,-2.191895,-1.292748,-0.382059,0.536084,1.457859,2.380171,3.301982,4.222956,5.142939,6.061641,6.978748,7.893995,8.807301,9.719184,10.631885,11.552507,12.489960,13.454028,14.455458,15.501777,16.589338,17.682214,18.745351,
-13.991704,-13.981671,-13.974142,-13.970016,-13.970123,-13.975223,-13.986014,-14.003068,-14.026620,-14.056728,-14.093238,-14.135482,-14.182588,-14.233533,-14.287032,-14.341700,-14.396085,-14.448638,-14.497757,-14.541789,-14.578946,-14.607282,-14.624462,-14.627090,-14.611305,-14.572840,-14.506594,-14.408102,-14.275760,-14.116393,-13.937216,
449.0,1.500000
449.000000,450.500000,452.000000,453.500000,455.000000,456.500000,458.000000,459.500000,461.000000,462.500000,464.000000,465.500000,467.000000,468.500000,470.000000,471.500000,473.000000,474.500000,476.000000,477.500000,479.000000,480.500000,482.000000,483.500000,485.000000,486.500000,488.000000,489.500000,491.000000,492.500000,494.000000,
-8.121984,-7.417934,-6.694493,-5.949366,-5.181464,-4.390349,-3.575846,-2.737932,-1.876816,-0.993000,-0.087666,0.836164,1.774822,2.724470,3.681372,4.642060,5.603806,6.565912,7.528362,8.491240,9.454252,10.416692,11.376944,12.330956,13.274243,14.203389,15.118772,16.025085,16.936727,17.894099,18.934115,
-13.984410,-13.976500,-13.971222,-13.969415,-13.971831,-13.979145,-13.991986,-14.010894,-14.036193,-14.068069,-14.106492,-14.150892,-14.200455,-14.254131,-14.310388,-14.367503,-14.423644,-14.476820,-14.524960,-14.565901,-14.597266,-14.616582,-14.621299,-14.608712,-14.576220,-14.521705,-14.444448,-14.344607,-14.223668,-14.086397,-13.937203,
450.0,1.466667
450.000000,451.466667,452.933333,454.400000,455.866667,457.333333,458.800000,460.266667,461.733333,463.200000,464.666667,466.133333,467.600000,469.066667,470.533333,472.000000,473.466667,474.933333,476.400000,477.866667,479.333333,480.800000,482.266667,483.733333,485.200000,486.666667,488.133333,489.600000,491.066667,492.533333,494.000000,
-7.622368,-6.935629,-6.230345,-5.504305,-4.756477,-3.986439,-3.194024,-2.379224,-1.542277,-0.683708,0.195323,1.091984,2.002843,2.924294,3.852797,4.785037,5.718324,6.651676,7.584716,8.517218,9.448832,10.379123,11.307547,12.233284,13.155833,14.075942,14.997885,15.927802,16.874060,17.849997,18.866897,
-13.978393,-13.972672,-13.969705,-13.970291,-13.975115,-13.984769,-13.999786,-14.020611,-14.047474,-14.080472,-14.119498,-14.163957,-14.213031,-14.265687,-14.320482,-14.375804,-14.429957,-14.481133,-14.527468,-14.567020,-14.597673,-14.617201,-14.623222,-14.612977,-14.583655,-14.532658,-14.458103,-14.358894,-14.235647,-14.093460,-13.937275,
451.0,1.433333
451.000000,452.433333,453.866667,455.300000,456.733333,458.166667,459.600000,461.033333,462.466667,463.900000,465.333333,466.766667,468.200000,469.633333,471.066667,472.500000,473.933333,475.366667,476.800000,478.233333,479.666667,481.100000,482.533333,483.966667,485.400000,486.833333,488.266667,489.700000,491.133333,492.566667,494.000000,
-7.123127,-6.451883,-5.762925,-5.054121,-4.324492,-3.573633,-2.801385,-2.007756,-1.193007,-0.357681,0.497085,1.368642,2.253775,3.149095,4.051230,4.956991,5.863725,6.770219,7.675817,8.580100,9.482827,10.383977,11.284023,12.184717,13.088607,13.999388,14.923423,15.866962,16.833253,17.816561,18.810349,
-13.973790,-13.970314,-13.969693,-13.972684,-13.979910,-13.991884,-14.009049,-14.031762,-14.060165,-14.094274,-14.133912,-14.178459,-14.227090,-14.278792,-14.332195,-14.385791,-14.438003,-14.487185,-14.531646,-14.569629,-14.599216,-14.618365,-14.624813,-14.615758,-14.588233,-14.539319,-14.466404,-14.367618,-14.243042,-14.097907,-13.937428,
452.0,1.400000
452.000000,453.400000,454.800000,456.200000,457.600000,459.000000,460.400000,461.800000,463.200000,464.600000,466.000000,467.400000,468.800000,470.200000,471.600000,473.000000,474.400000,475.800000,477.200000,478.600000,480.000000,481.400000,482.800000,484.200000,485.600000,487.000000,488.400000,489.800000,491.200000,492.600000,494.000000,
-6.624240,-5.966725,-5.292310,-4.598940,-3.885682,-3.152148,-2.398192,-1.623834,-0.829359,-0.015319,0.817174,1.665636,2.527058,3.398245,4.275977,5.157177,6.039235,6.920776,7.800956,8.679268,9.555692,10.430675,11.305585,12.184045,13.070736,13.971208,14.892569,15.840325,16.813672,17.794594,18.765274,
-13.970730,-13.969544,-13.971294,-13.976697,-13.986314,-14.000581,-14.019862,-14.044426,-14.074339,-14.109536,-14.149777,-14.194421,-14.242635,-14.293422,-14.345482,-14.397398,-14.447697,-14.494871,-14.537376,-14.573600,-14.601774,-14.619985,-14.626056,-14.617162,-14.590250,-14.542224,-14.470095,-14.371600,-14.246541,-14.100137,-13.937657,
453.0,1.366667
453.000000,454.366667,455.733333,457.100000,458.466667,459.833333,461.200000,462.566667,463.933333,465.300000,466.666667,468.033333,469.400000,470.766667,472.133333,473.500000,474.866667,476.233333,477.600000,478.966667,480.333333,481.700000,483.066667,484.433333,485.800000,487.166667,488.533333,489.900000,491.266667,492.633333,494.000000,
-6.125683,-5.480188,-4.818590,-4.138908,-3.440250,-2.722243,-1.984751,-1.227808,-0.451714,0.342968,1.155149,1.982485,2.822134,3.671059,4.526143,5.384391,6.243243,7.101295,7.957722,8.812230,9.665520,10.519008,11.375224,12.239247,13.116917,14.013748,14.933551,15.877586,16.841335,17.805881,18.753457,
-13.969325,-13.970465,-13.974606,-13.982421,-13.994412,-14.010945,-14.032301,-14.058672,-14.090047,-14.126293,-14.167109,-14.211833,-14.259632,-14.309527,-14.360286,-14.410577,-14.459025,-14.504226,-14.544739,-14.579038,-14.605392,-14.621899,-14.626368,-14.615932,-14.587509,-14.538078,-14.464997,-14.366411,-14.242403,-14.097936,-13.937957,
454.0,1.333333
454.000000,455.333333,456.666667,458.000000,459.333333,460.666667,462.000000,463.333333,464.666667,466.000000,467.333333,468.666667,470.000000,471.333333,472.666667,474.000000,475.333333,476.666667,478.000000,479.333333,480.666667,482.000000,483.333333,484.666667,486.000000,487.333333,488.666667,490.000000,491.333333,492.666667,494.000000,
-5.627427,-4.992266,-4.341782,-3.674061,-2.988251,-2.283995,-1.561172,-0.819831,-0.060288,0.716880,1.510611,2.318697,3.138468,3.967058,4.801498,5.638924,6.476872,7.313934,8.149276,8.982656,9.814979,10.647956,11.484484,12.330073,13.190955,14.072842,14.979208,15.910510,16.860730,17.808160,18.732634,
-13.969676,-13.973170,-13.979713,-13.989935,-14.004281,-14.023044,-14.046433,-14.074562,-14.107351,-14.144602,-14.185959,-14.230742,-14.278113,-14.327107,-14.376549,-14.425174,-14.471686,-14.514766,-14.553061,-14.585129,-14.609313,-14.623778,-14.626400,-14.614386,-14.584736,-14.534509,-14.461151,-14.362891,-14.239836,-14.096737,-13.938319,
455.0,1.300000
455.000000,456.300000,457.600000,458.900000,460.200000,461.500000,462.800000,464.100000,465.400000,466.700000,468.000000,469.300000,470.600000,471.900000,473.200000,474.500000,475.800000,477.100000,478.400000,479.700000,481.000000,482.300000,483.600000,484.900000,486.200000,487.500000,488.800000,490.100000,491.400000,492.700000,494.000000,
-5.129440,-4.503185,-3.862368,-3.205140,-2.530685,-1.838662,-1.128966,-0.401662,0.342917,1.104181,1.881091,2.671568,3.473102,4.282993,5.098430,5.916695,6.735451,7.553342,8.369578,9.183994,9.997637,10.812377,11.631220,12.459572,13.303448,14.168198,15.056659,15.968599,16.897561,17.822441,18.723817,
-13.971866,-13.977734,-13.986680,-13.999294,-14.015958,-14.036900,-14.062256,-14.092070,-14.126195,-14.164372,-14.206198,-14.250974,-14.297864,-14.345915,-14.393999,-14.440913,-14.485425,-14.526282,-14.562193,-14.591776,-14.613425,-14.625355,-14.625509,-14.611218,-14.579632,-14.528000,-14.454025,-14.356186,-14.234724,-14.094106,-13.938736,
456.0,1.266667
456.000000,457.266667,458.533333,459.800000,461.066667,462.333333,463.600000,464.866667,466.133333,467.400000,468.666667,469.933333,471.200000,472.466667,473.733333,475.000000,476.266667,477.533333,478.800000,480.066667,481.333333,482.600000,483.866667,485.133333,486.400000,487.666667,488.933333,490.200000,491.466667,492.733333,494.000000,
-4.631687,-4.013167,-3.380827,-2.732881,-2.068543,-1.387493,-0.689640,0.024932,0.755870,1.502575,2.264029,3.038275,3.822958,4.615542,5.413387,6.213944,7.015024,7.815364,8.614248,9.411582,10.208457,11.006744,11.809314,12.621061,13.447341,14.292788,15.159546,16.046958,16.949016,17.847502,18.725781,
-13.975964,-13.984213,-13.995550,-14.010522,-14.029452,-14.052501,-14.079738,-14.111136,-14.146490,-14.185486,-14.227674,-14.272347,-14.318666,-14.365694,-14.412346,-14.457470,-14.499884,-14.538384,-14.571724,-14.598561,-14.617326,-14.626283,-14.623451,-14.606329,-14.572288,-14.518847,-14.444081,-14.346830,-14.227530,-14.090313,-13.939198,
457.0,1.233333
457.000000,458.233333,459.466667,460.700000,461.933333,463.166667,464.400000,465.633333,466.866667,468.100000,469.333333,470.566667,471.800000,473.033333,474.266667,475.500000,476.733333,477.966667,479.200000,480.433333,481.666667,482.900000,484.133333,485.366667,486.600000,487.833333,489.066667,490.300000,491.533333,492.766667,494.000000,
-4.134130,-3.522382,-2.897536,-2.257866,-1.602620,-0.931498,-0.244427,0.458487,1.176876,1.910137,2.657280,3.416483,4.185561,4.962164,5.743849,6.528254,7.313336,8.097853,8.881044,9.662675,10.443487,11.224893,12.009199,12.800493,13.603420,14.422396,15.260627,16.118937,16.992784,17.865187,18.720371,
-13.982021,-13.992643,-14.006344,-14.023624,-14.044747,-14.069813,-14.098823,-14.131686,-14.168142,-14.207825,-14.250249,-14.294691,-14.340315,-14.386194,-14.431277,-14.474455,-14.514590,-14.550521,-14.581052,-14.604894,-14.620563,-14.626424,-14.620632,-14.600910,-14.564874,-14.510276,-14.435348,-14.339037,-14.221781,-14.087426,-13.939697,
458.0,1.200000
458.000000,459.200000,460.400000,461.600000,462.800000,464.000000,465.200000,466.400000,467.600000,468.800000,470.000000,471.200000,472.400000,473.600000,474.800000,476.000000,477.200000,478.400000,479.600000,480.800000,482.000000,483.200000,484.400000,485.600000,486.800000,488.000000,489.200000,490.400000,491.600000,492.800000,494.000000,
-3.636728,-3.031182,-2.413238,-1.781232,-1.134439,-0.472579,0.204398,0.896368,1.602945,2.323521,3.057131,3.802072,4.556312,5.317671,6.083897,6.852818,7.622562,8.391992,9.160409,9.927582,10.694110,11.461152,12.230556,13.005498,13.789577,14.586224,15.397984,16.225671,17.066265,17.908056,18.740146,
-13.990071,-14.003039,-14.019051,-14.038561,-14.061774,-14.088730,-14.119367,-14.153533,-14.190918,-14.231114,-14.273600,-14.317650,-14.362433,-14.407038,-14.450444,-14.491579,-14.529340,-14.562590,-14.590148,-14.610753,-14.622953,-14.625172,-14.615677,-14.592431,-14.553362,-14.496603,-14.420879,-14.325602,-14.211455,-14.081903,-13.940221,
459.0,1.166667
459.000000,460.166667,461.333333,462.500000,463.666667,464.833333,466.000000,467.166667,468.333333,469.500000,470.666667,471.833333,473.000000,474.166667,475.333333,476.500000,477.666667,478.833333,480.000000,481.166667,482.333333,483.500000,484.666667,485.833333,487.000000,488.166667,489.333333,490.500000,491.666667,492.833333,494.000000,
-3.139440,-2.539920,-1.928681,-1.304118,-0.665537,-0.012679,0.654487,1.335812,2.030899,2.739137,3.459592,4.190680,4.930523,5.677117,6.428402,7.182397,7.937398,8.692350,9.446586,10.199829,10.952453,11.705265,12.459584,13.217664,13.982092,14.755427,15.539803,16.336300,17.143582,17.954911,18.763908,
-14.000132,-14.015390,-14.033629,-14.055257,-14.080423,-14.109105,-14.141187,-14.176459,-14.214569,-14.255072,-14.297420,-14.340886,-14.384647,-14.427809,-14.469381,-14.508320,-14.543553,-14.573960,-14.598378,-14.615569,-14.624128,-14.622557,-14.609253,-14.582443,-14.540386,-14.481608,-14.405303,-14.311315,-14.200543,-14.076076,-13.940762,
460.0,1.133333
460.000000,461.133333,462.266667,463.400000,464.533333,465.666667,466.800000,467.933333,469.066667,470.200000,471.333333,472.466667,473.600000,474.733333,475.866667,477.000000,478.133333,479.266667,480.400000,481.533333,482.666667,483.800000,484.933333,486.066667,487.200000,488.333333,489.466667,490.600000,491.733333,492.866667,494.000000,
-2.642225,-2.048450,-1.443066,-0.824681,-0.192960,0.451762,1.108771,1.777025,2.454986,3.140938,3.833199,4.530343,5.231201,5.935025,6.641924,7.352341,8.066757,8.785398,9.508389,10.235829,10.967855,11.704823,12.447639,13.198432,13.959642,14.733299,15.520038,16.318666,17.124542,17.925752,18.711655,
-14.012202,-14.029691,-14.050100,-14.073774,-14.100781,-14.131011,-14.164246,-14.200179,-14.238365,-14.278285,-14.319358,-14.360916,-14.402247,-14.442610,-14.481234,-14.517313,-14.549978,-14.578234,-14.600991,-14.617039,-14.624940,-14.623127,-14.609912,-14.583419,-14.541801,-14.483470,-14.407494,-14.313602,-14.202617,-14.077580,-13.941307,
461.0,1.100000
461.000000,462.100000,463.200000,464.300000,465.400000,466.500000,467.600000,468.700000,469.800000,470.900000,472.000000,473.100000,474.200000,475.300000,476.400000,477.500000,478.600000,479.700000,480.800000,481.900000,483.000000,484.100000,485.200000,486.300000,487.400000,488.500000,489.600000,490.700000,491.800000,492.900000,494.000000,
-2.145038,-1.557994,-0.959976,-0.349628,0.273387,0.908767,1.555837,2.213591,2.880525,3.554926,4.235016,4.919073,5.605519,6.293104,6.981284,7.669945,8.359386,9.050550,9.744689,10.443219,11.147666,11.859631,12.580801,13.313012,14.057888,14.816354,15.587724,16.369520,17.156200,17.936039,18.698849,
-14.026261,-14.045830,-14.068197,-14.093655,-14.122223,-14.153740,-14.187944,-14.224488,-14.262902,-14.302650,-14.343142,-14.383714,-14.423667,-14.462277,-14.498803,-14.532478,-14.562489,-14.587929,-14.607808,-14.621007,-14.626163,-14.621778,-14.606238,-14.577778,-14.534676,-14.475492,-14.399459,-14.306452,-14.197342,-14.074947,-13.941847,
462.0,1.066667
462.000000,463.066667,464.133333,465.200000,466.266667,467.333333,468.400000,469.466667,470.533333,471.600000,472.666667,473.733333,474.800000,475.866667,476.933333,478.000000,479.066667,480.133333,481.200000,482.266667,483.333333,484.400000,485.466667,486.533333,487.600000,488.666667,489.733333,490.800000,491.866667,492.933333,494.000000,
-1.647839,-1.068149,-0.478128,0.123518,0.737106,1.362352,1.998615,2.644950,3.299979,3.962120,4.629712,5.301078,5.974623,6.648975,7.323251,7.996900,8.669743,9.342213,10.015172,10.689975,11.368803,12.054220,12.748933,13.455640,14.176592,14.912893,15.663151,16.423881,17.188709,17.945936,18.685652,
-14.042271,-14.063767,-14.087907,-14.114937,-14.144826,-14.177371,-14.212271,-14.249147,-14.287516,-14.326834,-14.366514,-14.405909,-14.444340,-14.481114,-14.515521,-14.546830,-14.574267,-14.596980,-14.614035,-14.624384,-14.626757,-14.619755,-14.601875,-14.571470,-14.526950,-14.467012,-14.391039,-14.299030,-14.191888,-14.072218,-13.942372,
463.0,1.033333
463.000000,464.033333,465.066667,466.100000,467.133333,468.166667,469.200000,470.233333,471.266667,472.300000,473.333333,474.366667,475.400000,476.433333,477.466667,478.500000,479.533333,480.566667,481.600000,482.633333,483.666667,484.700000,485.733333,486.766667,487.800000,488.833333,489.866667,490.900000,491.933333,492.966667,494.000000,
-1.150584,-0.578944,0.002410,0.594701,1.198213,1.812657,2.437409,3.071569,3.713866,4.362853,5.017008,5.674798,6.334753,6.995583,7.656384,8.316525,8.975669,9.633964,10.291919,10.950493,11.611408,12.276828,12.949260,13.631653,14.326706,15.036048,15.758842,16.492158,17.230230,17.962193,18.678814,
-14.060176,-14.083417,-14.109122,-14.137488,-14.168442,-14.201747,-14.237072,-14.274012,-14.312077,-14.350724,-14.389373,-14.427395,-14.464138,-14.498931,-14.531094,-14.559923,-14.584681,-14.604554,-14.618662,-14.626023,-14.625468,-14.615719,-14.595409,-14.563057,-14.517241,-14.456814,-14.381260,-14.290634,-14.185812,-14.069179,-13.942872,
464.0,1.000000
464.000000,465.000000,466.000000,467.000000,468.000000,469.000000,470.000000,471.000000,472.000000,473.000000,474.000000,475.000000,476.000000,477.000000,478.000000,479.000000,480.000000,481.000000,482.000000,483.000000,484.000000,485.000000,486.000000,487.000000,488.000000,489.000000,490.000000,491.000000,492.000000,493.000000,494.000000,
-0.653233,-0.090485,0.481385,1.063529,1.656195,2.259087,2.871590,3.492835,4.121640,4.756670,5.396532,6.039830,6.685233,7.331575,7.978032,8.624023,9.269233,9.913758,10.558004,11.202741,11.849331,12.499486,13.155189,13.818761,14.492348,15.177322,15.873298,16.578231,17.287686,17.992917,18.686443,
-14.079900,-14.104675,-14.131708,-14.161150,-14.192894,-14.226675,-14.262140,-14.298872,-14.336378,-14.374123,-14.411540,-14.448023,-14.482944,-14.515659,-14.545508,-14.571808,-14.593843,-14.610823,-14.621901,-14.626143,-14.622465,-14.609706,-14.586648,-14.552023,-14.504649,-14.443604,-14.368542,-14.279627,-14.177736,-14.065010,-13.943337,
465.0,0.966667
465.000000,465.966667,466.933333,467.900000,468.866667,469.833333,470.800000,471.766667,472.733333,473.700000,474.666667,475.633333,476.600000,477.566667,478.533333,479.500000,480.466667,481.433333,482.400000,483.366667,484.333333,485.300000,486.266667,487.233333,488.200000,489.166667,490.133333,491.100000,492.066667,493.033333,494.000000,
-0.155746,0.397160,0.958614,1.529701,2.110637,2.701119,3.300541,3.908065,4.522588,5.142877,5.767653,6.395644,7.025649,7.656617,8.287811,8.918722,9.549083,10.179000,10.808859,11.439342,12.071604,12.707063,13.347318,13.994150,14.649152,15.313261,15.985992,16.665562,17.348405,18.027858,18.698287,
-14.101350,-14.127420,-14.155522,-14.185764,-14.218010,-14.251975,-14.287295,-14.323545,-14.360240,-14.396857,-14.432848,-14.467631,-14.500606,-14.531153,-14.558635,-14.582390,-14.601717,-14.615849,-14.623964,-14.625169,-14.618457,-14.602765,-14.577016,-14.540144,-14.491198,-14.429494,-14.354901,-14.267745,-14.168944,-14.060402,-13.943760,
466.0,0.933333
466.000000,466.933333,467.866667,468.800000,469.733333,470.666667,471.600000,472.533333,473.466667,474.400000,475.333333,476.266667,477.200000,478.133333,479.066667,480.000000,480.933333,481.866667,482.800000,483.733333,484.666667,485.600000,486.533333,487.466667,488.400000,489.333333,490.266667,491.200000,492.133333,493.066667,494.000000,
0.341912,0.883853,1.433332,1.991012,2.556733,3.129918,3.709806,4.295607,4.886642,5.482293,6.081975,6.685125,7.291182,7.899582,8.509734,9.121107,9.733336,10.346402,10.960561,11.576384,12.194945,12.817576,13.445738,14.080949,14.724431,15.376626,16.036376,16.701162,17.366755,18.026119,18.673449,
-14.124414,-14.151506,-14.180352,-14.211003,-14.243284,-14.276892,-14.311455,-14.346560,-14.381768,-14.416618,-14.450629,-14.483295,-14.514085,-14.542440,-14.567759,-14.589401,-14.606683,-14.618848,-14.625082,-14.624506,-14.616141,-14.598965,-14.571951,-14.534111,-14.484581,-14.422762,-14.348583,-14.262410,-14.165141,-14.058547,-13.944131,
467.0,0.900000
467.000000,467.900000,468.800000,469.700000,470.600000,471.500000,472.400000,473.300000,474.200000,475.100000,476.000000,476.900000,477.800000,478.700000,479.600000,480.500000,481.400000,482.300000,483.200000,484.100000,485.000000,485.900000,486.800000,487.700000,488.600000,489.500000,490.400000,491.300000,492.200000,493.100000,494.000000,
0.839779,1.369863,1.906917,2.451592,3.003766,3.562920,4.128354,4.699325,5.275177,5.855304,6.439135,7.026131,7.615775,8.207562,8.801006,9.395696,9.991379,10.588121,11.186227,11.786270,12.389221,12.996240,13.608540,14.227274,14.853263,15.486593,16.125907,16.768671,17.410962,18.046690,18.670918,
-14.148964,-14.176816,-14.206169,-14.237042,-14.269248,-14.302484,-14.336384,-14.370545,-14.404539,-14.437922,-14.470233,-14.500985,-14.529671,-14.555757,-14.578666,-14.597785,-14.612457,-14.621957,-14.625508,-14.622282,-14.611372,-14.591848,-14.562796,-14.523375,-14.472878,-14.410860,-14.337367,-14.252835,-14.158156,-14.054917,-13.944446,
468.0,0.866667
468.000000,468.866667,469.733333,470.600000,471.466667,472.333333,473.200000,474.066667,474.933333,475.800000,476.666667,477.533333,478.400000,479.266667,480.133333,481.000000,481.866667,482.733333,483.600000,484.466667,485.333333,486.200000,487.066667,487.933333,488.800000,489.666667,490.533333,491.400000,492.266667,493.133333,494.000000,
1.836259,2.353779,2.878044,3.409525,3.947866,4.492253,5.041650,5.594950,6.151095,6.709098,7.268095,7.827440,8.386638,8.945340,9.503389,10.060773,10.617630,11.174308,11.731323,12.289366,12.849393,13.412499,13.979854,14.552661,15.131962,15.718372,16.311657,16.910826,17.513927,18.117494,18.718635,
-14.201916,-14.231238,-14.261621,-14.292996,-14.325124,-14.357666,-14.390234,-14.422410,-14.453766,-14.483865,-14.512271,-14.538545,-14.562243,-14.582908,-14.600061,-14.613197,-14.621777,-14.625205,-14.622842,-14.614012,-14.597985,-14.574023,-14.541418,-14.499550,-14.447930,-14.386296,-14.314803,-14.233920,-14.144466,-14.047760,-13.944880,
469.0,0.833333
469.000000,469.833333,470.666667,471.500000,472.333333,473.166667,474.000000,474.833333,475.666667,476.500000,477.333333,478.166667,479.000000,479.833333,480.666667,481.500000,482.333333,483.166667,484.000000,484.833333,485.666667,486.500000,487.333333,488.166667,489.000000,489.833333,490.666667,491.500000,492.333333,493.166667,494.000000,
2.334926,2.837354,3.343925,3.854805,4.369671,4.888039,5.409380,5.933222,6.459262,6.987295,7.517154,8.048688,8.581751,9.116201,9.651904,10.188781,10.726881,11.266499,11.808122,12.352443,12.900450,13.453252,14.011950,14.577505,15.150530,15.730969,16.317530,16.907936,17.498818,18.085240,18.663274,
-14.229975,-14.259169,-14.289039,-14.319487,-14.350287,-14.381151,-14.411755,-14.441759,-14.470818,-14.498581,-14.524686,-14.548755,-14.570392,-14.589176,-14.604644,-14.616300,-14.623606,-14.625960,-14.622718,-14.613193,-14.596648,-14.572335,-14.539540,-14.497630,-14.446107,-14.384695,-14.313519,-14.233015,-14.143959,-14.047609,-13.944991,
470.0,0.800000
470.000000,470.800000,471.600000,472.400000,473.200000,474.000000,474.800000,475.600000,476.400000,477.200000,478.000000,478.800000,479.600000,480.400000,481.200000,482.000000,482.800000,483.600000,484.400000,485.200000,486.000000,486.800000,487.600000,488.400000,489.200000,490.000000,490.800000,491.600000,492.400000,493.200000,494.000000,
2.833910,3.321743,3.813317,4.308829,4.808026,5.310488,5.815739,6.323336,6.832974,7.344426,7.857514,8.372097,8.888060,9.405318,9.923831,10.443628,10.964869,11.487933,12.013360,12.541857,13.074335,13.611764,14.155042,14.704833,15.261417,15.824410,16.392273,16.962574,17.531976,18.095917,18.650841,
-14.258832,-14.287701,-14.317013,-14.346650,-14.376394,-14.405973,-14.435087,-14.463418,-14.490643,-14.516433,-14.540446,-14.562324,-14.581689,-14.598139,-14.611232,-14.620493,-14.625409,-14.625410,-14.619888,-14.608204,-14.589685,-14.563659,-14.529497,-14.486669,-14.434776,-14.373631,-14.303411,-14.224568,-14.137842,-14.044362,-13.945028,
471.0,0.766667
471.000000,471.766667,472.533333,473.300000,474.066667,474.833333,475.600000,476.366667,477.133333,477.900000,478.666667,479.433333,480.200000,480.966667,481.733333,482.500000,483.266667,484.033333,484.800000,485.566667,486.333333,487.100000,487.866667,488.633333,489.400000,490.166667,490.933333,491.700000,492.466667,493.233333,494.000000,
3.333225,3.805921,4.282457,4.763206,5.248081,5.736776,6.228862,6.723860,7.221292,7.720693,8.221627,8.723710,9.226624,9.730157,10.234262,10.739034,11.244725,11.751809,12.260902,12.772742,13.288188,13.808097,14.333207,14.863975,15.400475,15.942185,16.487596,17.034464,17.579839,18.119898,18.651710,
-14.288278,-14.316557,-14.345094,-14.373756,-14.402332,-14.430562,-14.458161,-14.484823,-14.510233,-14.534064,-14.555977,-14.575617,-14.592613,-14.606574,-14.617076,-14.623673,-14.625883,-14.623183,-14.615022,-14.600830,-14.580021,-14.552025,-14.516325,-14.472511,-14.420300,-14.359609,-14.290667,-14.213942,-14.130132,-14.040223,-13.944990,
472.0,0.733333
472.000000,472.733333,473.466667,474.200000,474.933333,475.666667,476.400000,477.133333,477.866667,478.600000,479.333333,480.066667,480.800000,481.533333,482.266667,483.000000,483.733333,484.466667,485.200000,485.933333,486.666667,487.400000,488.133333,488.866667,489.600000,490.333333,491.066667,491.800000,492.533333,493.266667,494.000000,
3.832885,4.290239,4.752111,5.218912,5.690457,6.166232,6.645543,7.127636,7.611786,8.097327,8.583693,9.070487,9.557454,10.044490,10.531687,11.019295,11.507706,11.997492,12.489334,12.983979,13.482219,13.984791,14.492265,15.004881,15.522493,16.044389,16.568979,17.094037,17.616778,18.133781,18.642479,
-14.318085,-14.345528,-14.373088,-14.400614,-14.427887,-14.454647,-14.480608,-14.505471,-14.528925,-14.550654,-14.570330,-14.587616,-14.602164,-14.613604,-14.621543,-14.625563,-14.625220,-14.620034,-14.609505,-14.593124,-14.570377,-14.540777,-14.503894,-14.459407,-14.407119,-14.347013,-14.279347,-14.204583,-14.123372,-14.036580,-13.944877,
473.0,0.700000
473.000000,473.700000,474.400000,475.100000,475.800000,476.500000,477.200000,477.900000,478.600000,479.300000,480.000000,480.700000,481.400000,482.100000,482.800000,483.500000,484.200000,484.900000,485.600000,486.300000,487.000000,487.700000,488.400000,489.100000,489.800000,490.500000,491.200000,491.900000,492.600000,493.300000,494.000000,
4.833268,5.271265,5.709651,6.148611,6.588316,7.028916,7.470532,7.913249,8.357091,8.802046,9.248082,9.695148,10.143211,10.592292,11.042507,11.494070,11.947300,12.402666,12.860735,13.322139,13.787564,14.257659,14.732934,15.213628,15.699646,16.190410,16.684599,17.180352,17.675331,18.166681,18.652263,
-14.377819,-14.403633,-14.429030,-14.453815,-14.477795,-14.500778,-14.522563,-14.542945,-14.561704,-14.578606,-14.593404,-14.605824,-14.615577,-14.622347,-14.625789,-14.625533,-14.621185,-14.612320,-14.598498,-14.579271,-14.554200,-14.522870,-14.484924,-14.440106,-14.388274,-14.329443,-14.263859,-14.191944,-14.114269,-14.031577,-13.944430,
474.0,0.666667
474.000000,474.666667,475.333333,476.000000,476.666667,477.333333,478.000000,478.666667,479.333333,480.000000,480.666667,481.333333,482.000000,482.666667,483.333333,484.000000,484.666667,485.333333,486.000000,486.666667,487.333333,488.000000,488.666667,489.333333,490.000000,490.666667,491.333333,492.000000,492.666667,493.333333,494.000000,
5.333990,5.756330,6.180958,6.608007,7.037281,7.468421,7.900994,8.334558,8.768736,9.203221,9.637786,10.072334,10.506866,10.941493,11.376456,11.812100,12.248860,12.687277,13.127949,13.571493,14.018520,14.469563,14.925006,15.384961,15.849243,16.317263,16.787844,17.259391,17.729973,18.197325,18.659784,
-14.407228,-14.431554,-14.455437,-14.478656,-14.500995,-14.522236,-14.542159,-14.560543,-14.577160,-14.591778,-14.604154,-14.614030,-14.621133,-14.625176,-14.625845,-14.622810,-14.615722,-14.604214,-14.587911,-14.566441,-14.539451,-14.506619,-14.467685,-14.422485,-14.370960,-14.313184,-14.249426,-14.180092,-14.105702,-14.026883,-13.944103,
475.0,0.633333
475.000000,475.633333,476.266667,476.900000,477.533333,478.166667,478.800000,479.433333,480.066667,480.700000,481.333333,481.966667,482.600000,483.233333,483.866667,484.500000,485.133333,485.766667,486.400000,487.033333,487.666667,488.300000,488.933333,489.566667,490.200000,490.833333,491.466667,492.100000,492.733333,493.366667,494.000000,
5.835057,6.239450,6.645697,7.053924,7.463999,7.875651,8.288550,8.702360,9.116807,9.531675,9.946834,10.362269,10.778064,11.194404,11.611594,12.030033,12.450190,12.872614,13.297876,13.726533,14.159077,14.595877,15.037105,15.482609,15.931902,16.384085,16.837685,17.290851,17.741476,18.187270,18.626601,
-14.435968,-14.458534,-14.480565,-14.501835,-14.522134,-14.541257,-14.559003,-14.575169,-14.589547,-14.601923,-14.612070,-14.619747,-14.624699,-14.626651,-14.625307,-14.620356,-14.611469,-14.598305,-14.580518,-14.557772,-14.529751,-14.496175,-14.456825,-14.411577,-14.360403,-14.303398,-14.240830,-14.173084,-14.100636,-14.024043,-13.943713,
476.0,0.600000
476.000000,476.600000,477.200000,477.800000,478.400000,479.000000,479.600000,480.200000,480.800000,481.400000,482.000000,482.600000,483.200000,483.800000,484.400000,485.000000,485.600000,486.200000,486.800000,487.400000,488.000000,488.600000,489.200000,489.800000,490.400000,491.000000,491.600000,492.200000,492.800000,493.400000,494.000000,
6.336456,6.722376,7.109669,7.498482,7.888781,8.280442,8.673303,9.067210,9.462059,9.857805,10.254471,10.652175,11.051109,11.451536,11.853790,12.258253,12.665320,13.075385,13.488806,13.905865,14.326720,14.751377,15.179638,15.611020,16.044758,16.479772,16.914571,17.347414,17.776426,18.199694,18.615891,
-14.463756,-14.484401,-14.504464,-14.523713,-14.541937,-14.558934,-14.574510,-14.588468,-14.600607,-14.610718,-14.618581,-14.623962,-14.626612,-14.626269,-14.622653,-14.615471,-14.604425,-14.589213,-14.569536,-14.545116,-14.515705,-14.481098,-14.441150,-14.395807,-14.345102,-14.289173,-14.228295,-14.162833,-14.093214,-14.019913,-13.943266,
477.0,0.566667
477.000000,477.566667,478.133333,478.700000,479.266667,479.833333,480.400000,480.966667,481.533333,482.100000,482.666667,483.233333,483.800000,484.366667,484.933333,485.500000,486.066667,486.633333,487.200000,487.766667,488.333333,488.900000,489.466667,490.033333,490.600000,491.166667,491.733333,492.300000,492.866667,493.433333,494.000000,
7.340165,7.706467,8.072525,8.438292,8.803757,9.168934,9.533863,9.898611,10.263269,10.627962,10.992843,11.358110,11.723993,12.090762,12.458731,12.828244,13.199666,13.573378,13.949750,14.329120,14.711755,15.097828,15.487372,15.880216,16.275979,16.674045,17.073479,17.473148,17.871793,18.268096,18.661135,
-14.515285,-14.532485,-14.548885,-14.564223,-14.578286,-14.590892,-14.601877,-14.611085,-14.618360,-14.623542,-14.626463,-14.626944,-14.624794,-14.619811,-14.611780,-14.600480,-14.585682,-14.567161,-14.544696,-14.518083,-14.487147,-14.451749,-14.411800,-14.367284,-14.318255,-14.264848,-14.207300,-14.145916,-14.081046,-14.013061,-13.942226,
478.0,0.533333
478.000000,478.533333,479.066667,479.600000,480.133333,480.666667,481.200000,481.733333,482.266667,482.800000,483.333333,483.866667,484.400000,484.933333,485.466667,486.000000,486.533333,487.066667,487.600000,488.133333,488.666667,489.200000,489.733333,490.266667,490.800000,491.333333,491.866667,492.400000,492.933333,493.466667,494.000000,
7.842417,8.189594,8.536403,8.882807,9.228835,9.574563,9.920105,10.265607,10.611252,10.957246,11.303828,11.651267,11.999856,12.349911,12.701765,13.055756,13.412215,13.771444,14.133703,14.499175,14.867936,15.239935,15.614966,15.992614,16.372268,16.753119,17.134113,17.514062,17.891730,18.265914,18.635804,
-14.538415,-14.553310,-14.567430,-14.580513,-14.592346,-14.602745,-14.611542,-14.618582,-14.623708,-14.626763,-14.627584,-14.626000,-14.621830,-14.614888,-14.604976,-14.591897,-14.575451,-14.555445,-14.531697,-14.504043,-14.472353,-14.436535,-14.396541,-14.352391,-14.304167,-14.252017,-14.196172,-14.136912,-14.074545,-14.009385,-13.941650,
479.0,0.500000
479.000000,479.500000,480.000000,480.500000,481.000000,481.500000,482.000000,482.500000,483.000000,483.500000,484.000000,484.500000,485.000000,485.500000,486.000000,486.500000,487.000000,487.500000,488.000000,488.500000,489.000000,489.500000,490.000000,490.500000,491.000000,491.500000,492.000000,492.500000,493.000000,493.500000,494.000000,
8.344885,8.673043,9.001516,9.330419,9.659852,9.989900,10.320648,10.652177,10.984576,11.317942,11.652382,11.988022,12.325000,12.663464,13.003576,13.345495,13.689371,14.035335,14.383478,14.733839,15.086377,15.440959,15.797340,16.155126,16.513783,16.872639,17.230854,17.587503,17.941642,18.292376,18.639111,
-14.559371,-14.571887,-14.583643,-14.594372,-14.603851,-14.611889,-14.618311,-14.622958,-14.625673,-14.626302,-14.624691,-14.620683,-14.614119,-14.604840,-14.592683,-14.577492,-14.559112,-14.537403,-14.512238,-14.483511,-14.451147,-14.415103,-14.375379,-14.332026,-14.285145,-14.234888,-14.181466,-14.125122,-14.066116,-14.004702,-13.941048,
480.0,0.466667
480.000000,480.466667,480.933333,481.400000,481.866667,482.333333,482.800000,483.266667,483.733333,484.200000,484.666667,485.133333,485.600000,486.066667,486.533333,487.000000,487.466667,487.933333,488.400000,488.866667,489.333333,489.800000,490.266667,490.733333,491.200000,491.666667,492.133333,492.600000,493.066667,493.533333,494.000000,
9.350290,9.658384,9.966308,10.274045,10.581601,10.889008,11.196314,11.503579,11.810878,12.118296,12.425926,12.733873,13.042250,13.351173,13.660768,13.971160,14.282475,14.594832,14.908340,15.223090,15.539150,15.856554,16.175297,16.495324,16.816526,17.138744,17.461751,17.785285,18.109064,18.432809,18.756331,
-14.593474,-14.601678,-14.609020,-14.615211,-14.620026,-14.623280,-14.624818,-14.624507,-14.622226,-14.617862,-14.611311,-14.602472,-14.591246,-14.577541,-14.561269,-14.542349,-14.520710,-14.496292,-14.469052,-14.438967,-14.406035,-14.370283,-14.331764,-14.290565,-14.246805,-14.200630,-14.152215,-14.101750,-14.049424,-13.995406,-13.939807,
481.0,0.433333
481.000000,481.433333,481.866667,482.300000,482.733333,483.166667,483.600000,484.033333,484.466667,484.900000,485.333333,485.766667,486.200000,486.633333,487.066667,487.500000,487.933333,488.366667,488.800000,489.233333,489.666667,490.100000,490.533333,490.966667,491.400000,491.833333,492.266667,492.700000,493.133333,493.566667,494.000000,
9.853119,10.141002,10.428708,10.716235,11.003625,11.290946,11.578290,11.865766,12.153493,12.441602,12.730228,13.019510,13.309587,13.600594,13.892660,14.185902,14.480420,14.776290,15.073560,15.372242,15.672300,15.973650,16.276152,16.579598,16.883718,17.188186,17.492613,17.796581,18.099678,18.401526,18.701881,
-14.605972,-14.611749,-14.616730,-14.620640,-14.623261,-14.624416,-14.623952,-14.621741,-14.617665,-14.611621,-14.603510,-14.593241,-14.580725,-14.565884,-14.548640,-14.528927,-14.506686,-14.481871,-14.454451,-14.424409,-14.391751,-14.356507,-14.318727,-14.278493,-14.235910,-14.191106,-14.144235,-14.095460,-14.044939,-13.992817,-13.939187,
482.0,0.400000
482.000000,482.400000,482.800000,483.200000,483.600000,484.000000,484.400000,484.800000,485.200000,485.600000,486.000000,486.400000,486.800000,487.200000,487.600000,488.000000,488.400000,488.800000,489.200000,489.600000,490.000000,490.400000,490.800000,491.200000,491.600000,492.000000,492.400000,492.800000,493.200000,493.600000,494.000000,
10.355949,10.623353,10.890670,11.157942,11.425246,11.692685,11.960384,12.228480,12.497118,12.766448,13.036619,13.307776,13.580053,13.853575,14.128445,14.404744,14.682524,14.961800,15.242545,15.524687,15.808093,16.092576,16.377886,16.663700,16.949640,17.235272,17.520114,17.803670,18.085466,18.365090,18.642281,
-14.614999,-14.618437,-14.621147,-14.622870,-14.623397,-14.622555,-14.620198,-14.616198,-14.610446,-14.602840,-14.593291,-14.581714,-14.568032,-14.552175,-14.534080,-14.513692,-14.490965,-14.465865,-14.438372,-14.408479,-14.376201,-14.341567,-14.304631,-14.265466,-14.224169,-14.180853,-14.135649,-14.088697,-14.040129,-13.990065,-13.938582,
483.0,0.366667
483.000000,483.366667,483.733333,484.100000,484.466667,484.833333,485.200000,485.566667,485.933333,486.300000,486.666667,487.033333,487.400000,487.766667,488.133333,488.500000,488.866667,489.233333,489.600000,489.966667,490.333333,490.700000,491.066667,491.433333,491.800000,492.166667,492.533333,492.900000,493.266667,493.633333,494.000000,
11.361334,11.607912,11.854405,12.100798,12.347090,12.593292,12.839422,13.085505,13.331572,13.577658,13.823800,14.070040,14.316419,14.562982,14.809775,15.056841,15.304225,15.551970,15.800116,16.048700,16.297755,16.547307,16.797375,17.047971,17.299099,17.550754,17.802919,18.055575,18.308696,18.562254,18.816231,
-14.621327,-14.620377,-14.618640,-14.615855,-14.611821,-14.606384,-14.599428,-14.590862,-14.580621,-14.568655,-14.554930,-14.539421,-14.522114,-14.503005,-14.482097,-14.459401,-14.434936,-14.408732,-14.380824,-14.351257,-14.320088,-14.287381,-14.253207,-14.217649,-14.180795,-14.142736,-14.103569,-14.063383,-14.022263,-13.980273,-13.937455,
484.0,0.333333
484.000000,484.333333,484.666667,485.000000,485.333333,485.666667,486.000000,486.333333,486.666667,487.000000,487.333333,487.666667,488.000000,488.333333,488.666667,489.000000,489.333333,489.666667,490.000000,490.333333,490.666667,491.000000,491.333333,491.666667,492.000000,492.333333,492.666667,493.000000,493.333333,493.666667,494.000000,
11.863730,12.088954,12.313847,12.538363,12.762509,12.986336,13.209926,13.433383,13.656826,13.880382,14.104179,14.328346,14.553003,14.778261,15.004213,15.230940,15.458500,15.686925,15.916224,16.146379,16.377337,16.609019,16.841314,17.074078,17.307144,17.540322,17.773404,18.006180,18.238454,18.470061,18.700898,
-14.617979,-14.615089,-14.611560,-14.607168,-14.601732,-14.595110,-14.587186,-14.577869,-14.567085,-14.554775,-14.540893,-14.525401,-14.508274,-14.489492,-14.469043,-14.446925,-14.423142,-14.397706,-14.370637,-14.341964,-14.311726,-14.279970,-14.246751,-14.212133,-14.176190,-14.138998,-14.100636,-14.061186,-14.020719,-13.979296,-13.936953,
485.0,0.300000
485.000000,485.300000,485.600000,485.900000,486.200000,486.500000,486.800000,487.100000,487.400000,487.700000,488.000000,488.300000,488.600000,488.900000,489.200000,489.500000,489.800000,490.100000,490.400000,490.700000,491.000000,491.300000,491.600000,491.900000,492.200000,492.500000,492.800000,493.100000,493.400000,493.700000,494.000000,
12.365815,12.569792,12.773905,12.978227,13.182830,13.387785,13.593160,13.799021,14.005427,14.212431,14.420079,14.628405,14.837434,15.047178,15.257634,15.468785,15.680594,15.893008,16.105954,16.319339,16.533048,16.746947,16.960882,17.174681,17.388157,17.601115,17.813356,18.024686,18.234931,18.443951,18.651662,
-14.609861,-14.605238,-14.600028,-14.594022,-14.587053,-14.578986,-14.569715,-14.559156,-14.547244,-14.533930,-14.519175,-14.502955,-14.485252,-14.466059,-14.445375,-14.423208,-14.399571,-14.374485,-14.347977,-14.320082,-14.290840,-14.260298,-14.228507,-14.195526,-14.161416,-14.126242,-14.090069,-14.052959,-14.014967,-13.976140,-13.936504,
486.0,0.266667
486.000000,486.266667,486.533333,486.800000,487.066667,487.333333,487.600000,487.866667,488.133333,488.400000,488.666667,488.933333,489.200000,489.466667,489.733333,490.000000,490.266667,490.533333,490.800000,491.066667,491.333333,491.600000,491.866667,492.133333,492.400000,492.666667,492.933333,493.200000,493.466667,493.733333,494.000000,
13.368671,13.550630,13.732476,13.914180,14.095730,14.277123,14.458370,14.639486,14.820491,15.001414,15.182282,15.363128,15.543982,15.724879,15.905849,16.086925,16.268135,16.449507,16.631065,16.812832,16.994826,17.177063,17.359555,17.542308,17.725329,17.908618,18.092173,18.275991,18.460065,18.644391,18.828964,
-14.578056,-14.570008,-14.561457,-14.552229,-14.542187,-14.531225,-14.519264,-14.506249,-14.492140,-14.476914,-14.460561,-14.443081,-14.424483,-14.404783,-14.384004,-14.362173,-14.339322,-14.315489,-14.290712,-14.265033,-14.238497,-14.211150,-14.183037,-14.154206,-14.124703,-14.094573,-14.063858,-14.032595,-14.000816,-13.968546,-13.935798,
487.0,0.233333
487.000000,487.233333,487.466667,487.700000,487.933333,488.166667,488.400000,488.633333,488.866667,489.100000,489.333333,489.566667,489.800000,490.033333,490.266667,490.500000,490.733333,490.966667,491.200000,491.433333,491.666667,491.900000,492.133333,492.366667,492.600000,492.833333,493.066667,493.300000,493.533333,493.766667,494.000000,
13.869239,14.029223,14.189268,14.349401,14.509649,14.670033,14.830575,14.991295,15.152206,15.313323,15.474656,15.636211,15.797992,15.959996,16.122219,16.284651,16.447276,16.610076,16.773024,16.936091,17.099242,17.262436,17.425630,17.588775,17.751821,17.914718,18.077413,18.239859,18.402013,18.563844,18.725331,
-14.553757,-14.544828,-14.535497,-14.525617,-14.515070,-14.503762,-14.491619,-14.478586,-14.464622,-14.449700,-14.433802,-14.416921,-14.399057,-14.380216,-14.360412,-14.339663,-14.317991,-14.295423,-14.271986,-14.247713,-14.222639,-14.196799,-14.170228,-14.142966,-14.115048,-14.086510,-14.057386,-14.027706,-13.997497,-13.966776,-13.935555,
488.0,0.200000
488.000000,488.200000,488.400000,488.600000,488.800000,489.000000,489.200000,489.400000,489.600000,489.800000,490.000000,490.200000,490.400000,490.600000,490.800000,491.000000,491.200000,491.400000,491.600000,491.800000,492.000000,492.200000,492.400000,492.600000,492.800000,493.000000,493.200000,493.400000,493.600000,493.800000,494.000000,
14.868111,15.005509,15.142717,15.279674,15.416338,15.552683,15.688698,15.824384,15.959751,16.094820,16.229617,16.364175,16.498532,16.632731,16.766816,16.900837,17.034841,17.168881,17.303005,17.437266,17.571712,17.706391,17.841350,17.976631,18.112276,18.248320,18.384795,18.521729,18.659143,18.797051,18.935463,
-14.486888,-14.475773,-14.464404,-14.452687,-14.440547,-14.427922,-14.414767,-14.401046,-14.386733,-14.371814,-14.356278,-14.340124,-14.323354,-14.305976,-14.288001,-14.269444,-14.250323,-14.230656,-14.210466,-14.189774,-14.168603,-14.146977,-14.124919,-14.102452,-14.079597,-14.056376,-14.032806,-14.008904,-13.984683,-13.960153,-13.935318,
495.0,0.633333
495.000000,495.633333,496.266667,496.900000,497.533333,498.166667,498.800000,499.433333,500.066667,500.700000,501.333333,501.966667,502.600000,503.233333,503.866667,504.500000,505.133333,505.766667,506.400000,507.033333,507.666667,508.300000,508.933333,509.566667,510.200000,510.833333,511.466667,512.100000,512.733333,513.366667,514.000000,
19.399272,19.833868,20.268958,20.704385,21.139850,21.574970,22.009308,22.442405,22.873798,23.303027,23.729645,24.153230,24.573380,24.989719,25.401902,25.809605,26.212521,26.610356,27.002817,27.389593,27.770334,28.144635,28.511997,28.871779,29.223195,29.565289,29.896873,30.216631,30.523203,30.815254,31.091874,
-13.822695,-13.698967,-13.566219,-13.422372,-13.266209,-13.097053,-12.914563,-12.718598,-12.509126,-12.286175,-12.049797,-11.800045,-11.536959,-11.260559,-10.970833,-10.667738,-10.351192,-10.021067,-9.677196,-9.319383,-8.947397,-8.561010,-8.160039,-7.744388,-7.314099,-6.869427,-6.410956,-5.939531,-5.456237,-4.962433,-4.459138,
496.0,0.600000
496.000000,496.600000,497.200000,497.800000,498.400000,499.000000,499.600000,500.200000,500.800000,501.400000,502.000000,502.600000,503.200000,503.800000,504.400000,505.000000,505.600000,506.200000,506.800000,507.400000,508.000000,508.600000,509.200000,509.800000,510.400000,511.000000,511.600000,512.200000,512.800000,513.400000,514.000000,
20.336210,20.743108,21.149921,21.556378,21.962125,22.366758,22.769847,23.170951,23.569631,23.965463,24.358039,24.746987,25.131970,25.512687,25.888894,26.260382,26.626979,26.988545,27.344953,27.696066,28.041722,28.381709,28.715742,29.043418,29.364222,29.677502,29.982429,30.278075,30.563472,30.837667,31.100010,
-13.542260,-13.404581,-13.258576,-13.102334,-12.934777,-12.755355,-12.563856,-12.360276,-12.144722,-11.917362,-11.678387,-11.427972,-11.166266,-10.893378,-10.609354,-10.314182,-10.007792,-9.690042,-9.360741,-9.019662,-8.666552,-8.301166,-7.923308,-7.532878,-7.129908,-6.714619,-6.287511,-5.849303,-5.400900,-4.943399,-4.477615,
497.0,0.566667
497.000000,497.566667,498.133333,498.700000,499.266667,499.833333,500.400000,500.966667,501.533333,502.100000,502.666667,503.233333,503.800000,504.366667,504.933333,505.500000,506.066667,506.633333,507.200000,507.766667,508.333333,508.900000,509.466667,510.033333,510.600000,511.166667,511.733333,512.300000,512.866667,513.433333,514.000000,
21.252450,21.630751,22.008119,22.384115,22.758324,23.130349,23.499817,23.866382,24.229736,24.589605,24.945754,25.297993,25.646170,25.990170,26.329918,26.665367,26.996488,27.323266,27.645684,27.963709,28.277271,28.586252,28.890467,29.189630,29.483362,29.771172,30.052432,30.326438,30.592455,30.849758,31.097860,
-13.217500,-13.067861,-12.911010,-12.745295,-12.569801,-12.384093,-12.188043,-11.981705,-11.765229,-11.538806,-11.302634,-11.056873,-10.801646,-10.537022,-10.262997,-9.979509,-9.686437,-9.383593,-9.070751,-8.747659,-8.414051,-8.069686,-7.714376,-7.348036,-6.970702,-6.582581,-6.184118,-5.775938,-5.358809,-4.933635,-4.501078,
498.0,0.533333
498.000000,498.533333,499.066667,499.600000,500.133333,500.666667,501.200000,501.733333,502.266667,502.800000,503.333333,503.866667,504.400000,504.933333,505.466667,506.000000,506.533333,507.066667,507.600000,508.133333,508.666667,509.200000,509.733333,510.266667,510.800000,511.333333,511.866667,512.400000,512.933333,513.466667,514.000000,
21.702284,22.056001,22.408778,22.760261,23.110144,23.458160,23.804070,24.147665,24.488760,24.827196,25.162837,25.495575,25.825326,26.152018,26.475595,26.796003,27.113176,27.427029,27.737439,28.044239,28.347190,28.645982,28.940220,29.229398,29.512916,29.790083,30.060105,30.322147,30.575390,30.819094,31.052778,
-13.038221,-12.887913,-12.731381,-12.567091,-12.394127,-12.211983,-12.020419,-11.819364,-11.608837,-11.388897,-11.159617,-10.921038,-10.673171,-10.415984,-10.149389,-9.873253,-9.587402,-9.291630,-8.985712,-8.669427,-8.342573,-8.004998,-7.656619,-7.297472,-6.927712,-6.547649,-6.157791,-5.758785,-5.351375,-4.936374,-4.514358,
499.0,0.500000
499.000000,499.500000,500.000000,500.500000,501.000000,501.500000,502.000000,502.500000,503.000000,503.500000,504.000000,504.500000,505.000000,505.500000,506.000000,506.500000,507.000000,507.500000,508.000000,508.500000,509.000000,509.500000,510.000000,510.500000,511.000000,511.500000,512.000000,512.500000,513.000000,513.500000,514.000000,
22.584439,22.909440,23.233161,23.555183,23.875180,24.192898,24.508129,24.820708,25.130503,25.437408,25.741337,26.042225,26.340021,26.634682,26.926172,27.214458,27.499505,27.781269,28.059692,28.334696,28.606171,28.873966,29.137887,29.397672,29.653001,29.903492,30.148693,30.388117,30.621277,30.847724,31.067160,
-12.645551,-12.486890,-12.322996,-12.152542,-11.974717,-11.789064,-11.595364,-11.393551,-11.183645,-10.965713,-10.739840,-10.506099,-10.264545,-10.015203,-9.758060,-9.493068,-9.220150,-8.939193,-8.650068,-8.352640,-8.046784,-7.732400,-7.409441,-7.077945,-6.738037,-6.389959,-6.034098,-5.670943,-5.301050,-4.925017,-4.543266,
500.0,0.466667
500.000000,500.466667,500.933333,501.400000,501.866667,502.333333,502.800000,503.266667,503.733333,504.200000,504.666667,505.133333,505.600000,506.066667,506.533333,507.000000,507.466667,507.933333,508.400000,508.866667,509.333333,509.800000,510.266667,510.733333,511.200000,511.666667,512.133333,512.600000,513.066667,513.533333,514.000000,
23.016422,23.317225,23.617001,23.915441,24.212319,24.507472,24.800779,25.092153,25.381524,25.668840,25.954055,26.237127,26.518013,26.796665,27.073025,27.347021,27.618560,27.887524,28.153764,28.417089,28.677260,28.933989,29.186929,29.435665,29.679730,29.918605,30.151726,30.378523,30.598455,30.811059,31.016042,
-12.432117,-12.275513,-12.114494,-11.947839,-11.774737,-11.594664,-11.407300,-11.212454,-11.010020,-10.799942,-10.582189,-10.356730,-10.123531,-9.882543,-9.633694,-9.376899,-9.112054,-8.839048,-8.557768,-8.268118,-7.970029,-7.663475,-7.348494,-7.025208,-6.693829,-6.354664,-6.008139,-5.654750,-5.295032,-4.929516,-4.558564,
501.0,0.433333
501.000000,501.433333,501.866667,502.300000,502.733333,503.166667,503.600000,504.033333,504.466667,504.900000,505.333333,505.766667,506.200000,506.633333,507.066667,507.500000,507.933333,508.366667,508.800000,509.233333,509.666667,510.100000,510.533333,510.966667,511.400000,511.833333,512.266667,512.700000,513.133333,513.566667,514.000000,
23.861451,24.133949,24.405374,24.675391,24.943746,25.210253,25.474769,25.737188,25.997427,26.255421,26.511118,26.764474,27.015452,27.264016,27.510134,27.753768,27.994876,28.233409,28.469302,28.702475,28.932826,29.160226,29.384516,29.605505,29.822966,30.036647,30.246262,30.451518,30.652133,30.847860,31.038538,
-11.971140,-11.810275,-11.645778,-11.476616,-11.302096,-11.121767,-10.935352,-10.742696,-10.543724,-10.338412,-10.126766,-9.908802,-9.684540,-9.453992,-9.217160,-8.974031,-8.724584,-8.468788,-8.206612,-7.938033,-7.663043,-7.381663,-7.093953,-6.800028,-6.500060,-6.194284,-5.883006,-5.566581,-5.245379,-4.919763,-4.589979,
502.0,0.400000
502.000000,502.400000,502.800000,503.200000,503.600000,504.000000,504.400000,504.800000,505.200000,505.600000,506.000000,506.400000,506.800000,507.200000,507.600000,508.000000,508.400000,508.800000,509.200000,509.600000,510.000000,510.400000,510.800000,511.200000,511.600000,512.000000,512.400000,512.800000,513.200000,513.600000,514.000000,
24.274242,24.523219,24.771371,25.018457,25.264311,25.508824,25.751926,25.993575,26.233748,26.472429,26.709610,26.945278,27.179411,27.411979,27.642931,27.872201,28.099693,28.325287,28.548829,28.770133,28.988975,29.205094,29.418195,29.627944,29.833980,30.035922,30.233374,30.425953,30.613310,30.795158,30.971325,
-11.723716,-11.567911,-11.409229,-11.246759,-11.079825,-10.907929,-10.730699,-10.547859,-10.359195,-10.164541,-9.963764,-9.756747,-9.543388,-9.323597,-9.097286,-8.864381,-8.624814,-8.378535,-8.125514,-7.865747,-7.599265,-7.326142,-7.046498,-6.760510,-6.468412,-6.170489,-5.867082,-5.558561,-5.245291,-4.927611,-4.605740,
503.0,0.366667
503.000000,503.366667,503.733333,504.100000,504.466667,504.833333,505.200000,505.566667,505.933333,506.300000,506.666667,507.033333,507.400000,507.766667,508.133333,508.500000,508.866667,509.233333,509.600000,509.966667,510.333333,510.700000,511.066667,511.433333,511.800000,512.166667,512.533333,512.900000,513.266667,513.633333,514.000000,
25.079846,25.301512,25.522345,25.742084,25.960539,26.177575,26.393097,26.607042,26.819368,27.030048,27.239067,27.446413,27.652078,27.856050,28.058312,28.258842,28.457605,28.654553,28.849624,29.042739,29.233798,29.422686,29.609263,29.793372,29.974837,30.153471,30.329075,30.501452,30.670424,30.835838,30.997604,
-11.195480,-11.039876,-10.882033,-10.721224,-10.556904,-10.388665,-10.216205,-10.039298,-9.857778,-9.671521,-9.480434,-9.284443,-9.083491,-8.877534,-8.666534,-8.450465,-8.229309,-8.003060,-7.771726,-7.535335,-7.293937,-7.047609,-6.796458,-6.540625,-6.280288,-6.015655,-5.746965,-5.474473,-5.198427,-4.919051,-4.636487,
504.0,0.333333
504.000000,504.333333,504.666667,505.000000,505.333333,505.666667,506.000000,506.333333,506.666667,507.000000,507.333333,507.666667,508.000000,508.333333,508.666667,509.000000,509.333333,509.666667,510.000000,510.333333,510.666667,511.000000,511.333333,511.666667,512.000000,512.333333,512.666667,513.000000,513.333333,513.666667,514.000000,
25.858275,26.053265,26.247166,26.439651,26.630502,26.819579,27.006808,27.192162,27.375649,27.557304,27.737179,27.915337,28.091848,28.266780,28.440197,28.612159,28.782714,28.951895,29.119723,29.286201,29.451313,29.615025,29.777284,29.938019,30.097143,30.254555,30.410144,30.563798,30.715411,30.864893,31.012190,
-10.623667,-10.471170,-10.317343,-10.161706,-10.003865,-9.843497,-9.680335,-9.514154,-9.344761,-9.171993,-8.995706,-8.815777,-8.632095,-8.444567,-8.253112,-8.057665,-7.858176,-7.654613,-7.446965,-7.235241,-7.019477,-6.799734,-6.576099,-6.348691,-6.117652,-5.883149,-5.645368,-5.404502,-5.160736,-4.914230,-4.665086,
505.0,0.300000
505.000000,505.300000,505.600000,505.900000,506.200000,506.500000,506.800000,507.100000,507.400000,507.700000,508.000000,508.300000,508.600000,508.900000,509.200000,509.500000,509.800000,510.100000,510.400000,510.700000,511.000000,511.300000,511.600000,511.900000,512.200000,512.500000,512.800000,513.100000,513.400000,513.700000,514.000000,
26.237153,26.410700,26.583830,26.756396,26.928282,27.099396,27.269662,27.439021,27.607424,27.774827,27.941193,28.106486,28.270671,28.433709,28.595561,28.756182,28.915521,29.073520,29.230115,29.385234,29.538795,29.690710,29.840885,29.989218,30.135601,30.279929,30.422094,30.561996,30.699546,30.834674,30.967339,
-10.321860,-10.178906,-10.034473,-9.888036,-9.739174,-9.587556,-9.432918,-9.275053,-9.113801,-8.949039,-8.780673,-8.608635,-8.432882,-8.253385,-8.070135,-7.883138,-7.692416,-7.498006,-7.299958,-7.098341,-6.893238,-6.684748,-6.472987,-6.258084,-6.040182,-5.819433,-5.595996,-5.370026,-5.141664,-4.911030,-4.678192,
506.0,0.266667
506.000000,506.266667,506.533333,506.800000,507.066667,507.333333,507.600000,507.866667,508.133333,508.400000,508.666667,508.933333,509.200000,509.466667,509.733333,510.000000,510.266667,510.533333,510.800000,511.066667,511.333333,511.600000,511.866667,512.133333,512.400000,512.666667,512.933333,513.200000,513.466667,513.733333,514.000000,
26.974073,27.122943,27.271283,27.418915,27.565701,27.711542,27.856366,28.000125,28.142790,28.284344,28.424784,28.564111,28.702336,28.839470,28.975526,29.110518,29.244456,29.377349,29.509201,29.640013,29.769780,29.898491,30.026131,30.152677,30.278103,30.402381,30.525477,30.647358,30.767994,30.887359,31.005437,
-9.687520,-9.551993,-9.415537,-9.277806,-9.138512,-8.997423,-8.854346,-8.709124,-8.561630,-8.411765,-8.259447,-8.104616,-7.947228,-7.787255,-7.624679,-7.459500,-7.291727,-7.121381,-6.948497,-6.773118,-6.595302,-6.415116,-6.232636,-6.047950,-5.861152,-5.672340,-5.481615,-5.289075,-5.094808,-4.898884,-4.701347,
507.0,0.233333
507.000000,507.233333,507.466667,507.700000,507.933333,508.166667,508.400000,508.633333,508.866667,509.100000,509.333333,509.566667,509.800000,510.033333,510.266667,510.500000,510.733333,510.966667,511.200000,511.433333,511.666667,511.900000,512.133333,512.366667,512.600000,512.833333,513.066667,513.300000,513.533333,513.766667,514.000000,
27.683169,27.808724,27.933799,28.058223,28.181869,28.304637,28.426456,28.547279,28.667075,28.785832,28.903549,29.020236,29.135912,29.250604,29.364343,29.477164,29.589106,29.700209,29.810515,29.920065,30.028901,30.137062,30.244588,30.351513,30.457871,30.563691,30.669000,30.773818,30.878162,30.982045,31.085471,
-9.013883,-8.888199,-8.761912,-8.634802,-8.506693,-8.377444,-8.246947,-8.115120,-7.981902,-7.847253,-7.711148,-7.573577,-7.434539,-7.294046,-7.152117,-7.008778,-6.864063,-6.718010,-6.570661,-6.422063,-6.272266,-6.121322,-5.969284,-5.816206,-5.662143,-5.507146,-5.351266,-5.194547,-5.037028,-4.878736,-4.719689,
508.0,0.200000
508.000000,508.200000,508.400000,508.600000,508.800000,509.000000,509.200000,509.400000,509.600000,509.800000,510.000000,510.200000,510.400000,510.600000,510.800000,511.000000,511.200000,511.400000,511.600000,511.800000,512.000000,512.200000,512.400000,512.600000,512.800000,513.000000,513.200000,513.400000,513.600000,513.800000,514.000000,
28.027321,28.133554,28.239592,28.345358,28.450787,28.555824,28.660423,28.764545,28.868156,28.971228,29.073738,29.175665,29.276993,29.377706,29.477792,29.577239,29.676035,29.774171,29.871637,29.968422,30.064519,30.159916,30.254604,30.348573,30.441813,30.534314,30.626067,30.717063,30.807294,30.896755,30.985442,
-8.663024,-8.551753,-8.439858,-8.327100,-8.213282,-8.098241,-7.981846,-7.863993,-7.744601,-7.623609,-7.500975,-7.376671,-7.250683,-7.123011,-6.993662,-6.862655,-6.730016,-6.595779,-6.459981,-6.322668,-6.183887,-6.043691,-5.902132,-5.759267,-5.615150,-5.469835,-5.323372,-5.175808,-5.027180,-4.877519,-4.726840,
533.0,0.600000
533.000000,533.600000,534.200000,534.800000,535.400000,536.000000,536.600000,537.200000,537.800000,538.400000,539.000000,539.600000,540.200000,540.800000,541.400000,542.000000,542.600000,543.200000,543.800000,544.400000,545.000000,545.600000,546.200000,546.800000,547.400000,548.000000,548.600000,549.200000,549.800000,550.400000,551.000000,
38.493603,38.730793,38.969199,39.209053,39.450449,39.693401,39.937876,40.183824,40.431203,40.679988,40.930186,41.181856,41.435114,41.690136,41.947180,42.206580,42.468738,42.734142,43.003339,43.276915,43.555485,43.839655,44.129985,44.426941,44.730865,45.041929,45.360055,45.684968,46.016209,46.353122,46.695194,
10.748610,11.277419,11.805448,12.332496,12.858432,13.383176,13.906687,14.428960,14.950022,15.469931,15.988788,16.506741,17.023990,17.540792,18.057485,18.574470,19.092226,19.611317,20.132371,20.656066,21.183128,21.714294,22.250276,22.791722,23.339181,23.893046,24.453470,25.020393,25.593530,26.172325,26.756306,
534.0,0.566667
534.000000,534.566667,535.133333,535.700000,536.266667,536.833333,537.400000,537.966667,538.533333,539.100000,539.666667,540.233333,540.800000,541.366667,541.933333,542.500000,543.066667,543.633333,544.200000,544.766667,545.333333,545.900000,546.466667,547.033333,547.600000,548.166667,548.733333,549.300000,549.866667,550.433333,551.000000,
38.893619,39.122156,39.351737,39.582568,39.814737,40.048263,40.283123,40.519278,40.756693,40.995348,41.235250,41.476451,41.719048,41.963189,42.209091,42.457032,42.707348,42.960450,43.216796,43.476885,43.741248,44.010418,44.284902,44.565145,44.851509,45.144232,45.443371,45.748837,46.060399,46.377673,46.700348,
11.637547,12.139861,12.641473,13.142200,13.641928,14.140588,14.638148,15.134604,15.629979,16.124320,16.617705,17.110244,17.602084,18.093415,18.584477,19.075564,19.567017,20.059248,20.552712,21.047909,21.545381,22.045679,22.549342,23.056867,23.568678,24.085082,24.606213,25.132049,25.662408,26.196922,26.735279,
535.0,0.533333
535.000000,535.533333,536.066667,536.600000,537.133333,537.666667,538.200000,538.733333,539.266667,539.800000,540.333333,540.866667,541.400000,541.933333,542.466667,543.000000,543.533333,544.066667,544.600000,545.133333,545.666667,546.200000,546.733333,547.266667,547.800000,548.333333,548.866667,549.400000,549.933333,550.466667,551.000000,
39.298470,39.517928,39.738221,39.959530,40.181942,40.405491,40.630178,40.855989,41.082915,41.310957,41.540139,41.770519,42.002190,42.235287,42.469994,42.706545,42.945216,43.186340,43.430287,43.677457,43.928281,44.183193,44.442619,44.706952,44.976533,45.251634,45.532416,45.818949,46.111206,46.409054,46.712370,
12.523918,12.999253,13.473982,13.947955,14.421086,14.893330,15.364675,15.835135,16.304740,16.773541,17.241605,17.709019,18.175888,18.642340,19.108526,19.574626,20.040840,20.507401,20.974562,21.442595,21.911785,22.382424,22.854789,23.329133,23.805671,24.284556,24.765856,25.249563,25.735593,26.223771,26.713953,
536.0,0.500000
536.000000,536.500000,537.000000,537.500000,538.000000,538.500000,539.000000,539.500000,540.000000,540.500000,541.000000,541.500000,542.000000,542.500000,543.000000,543.500000,544.000000,544.500000,545.000000,545.500000,546.000000,546.500000,547.000000,547.500000,548.000000,548.500000,549.000000,549.500000,550.000000,550.500000,551.000000,
39.708941,39.918761,40.129212,40.340445,40.552545,40.765556,40.979500,41.194389,41.410236,41.627066,41.844916,42.063854,42.283970,42.505389,42.728272,42.952816,43.179252,43.407852,43.638919,43.872780,44.109786,44.350300,44.594682,44.843278,45.096410,45.354358,45.617338,45.885508,46.158959,46.437705,46.721728,
13.409021,13.856919,14.304353,14.751208,15.197416,15.642940,16.087769,16.531909,16.975378,17.418204,17.860423,18.302078,18.743221,19.183911,19.624215,20.064210,20.503980,20.943621,21.383237,21.822939,22.262842,22.703067,23.143730,23.584939,24.026791,24.469362,24.912696,25.356813,25.801702,26.247316,26.693613,
537.0,0.466667
537.000000,537.466667,537.933333,538.400000,538.866667,539.333333,539.800000,540.266667,540.733333,541.200000,541.666667,542.133333,542.600000,543.066667,543.533333,544.000000,544.466667,544.933333,545.400000,545.866667,546.333333,546.800000,547.266667,547.733333,548.200000,548.666667,549.133333,549.600000,550.066667,550.533333,551.000000,
40.125665,40.324935,40.524245,40.723647,40.923211,41.123019,41.323166,41.523757,41.724910,41.926753,42.129432,42.333106,42.537954,42.744172,42.951978,43.161607,43.373313,43.587368,43.804055,44.023664,44.246486,44.472803,44.702881,44.936957,45.175231,45.417857,45.664930,45.916489,46.172526,46.432981,46.697798,
14.294256,14.713717,15.132016,15.548916,15.964322,16.378238,16.790733,17.201926,17.611960,18.020997,18.429210,18.836775,19.243870,19.650676,20.057373,20.464139,20.871153,21.278595,21.686639,22.095457,22.505213,22.916061,23.328137,23.741554,24.156397,24.572717,24.990521,25.409781,25.830435,26.252390,26.675575,
538.0,0.433333
538.000000,538.433333,538.866667,539.300000,539.733333,540.166667,540.600000,541.033333,541.466667,541.900000,542.333333,542.766667,543.200000,543.633333,544.066667,544.500000,544.933333,545.366667,545.800000,546.233333,546.666667,547.100000,547.533333,547.966667,548.400000,548.833333,549.266667,549.700000,550.133333,550.566667,551.000000,
40.549135,40.737536,40.926001,41.114576,41.303316,41.492285,41.681556,41.871213,42.061353,42.252081,42.443520,42.635804,42.829085,43.023527,43.219315,43.416645,43.615730,43.816795,44.020076,44.225816,44.434262,44.645657,44.860239,45.078230,45.299832,45.525221,45.754536,45.987884,46.225334,46.466912,46.712623,
15.181045,15.572398,15.963089,16.352948,16.741876,17.129828,17.516797,17.902804,18.287889,18.672108,19.055524,19.438208,19.820231,20.201668,20.582593,20.963081,21.343205,21.723036,22.102646,22.482101,22.861470,23.240816,23.620196,23.999666,24.379271,24.759050,25.139029,25.519225,25.899643,26.280277,26.661117,
539.0,0.400000
539.000000,539.400000,539.800000,540.200000,540.600000,541.000000,541.400000,541.800000,542.200000,542.600000,543.000000,543.400000,543.800000,544.200000,544.600000,545.000000,545.400000,545.800000,546.200000,546.600000,547.000000,547.400000,547.800000,548.200000,548.600000,549.000000,549.400000,549.800000,550.200000,550.600000,551.000000,
40.979703,41.156309,41.332681,41.508808,41.684728,41.860517,42.036278,42.212140,42.388246,42.564758,42.741847,42.919694,43.098490,43.278433,43.459728,43.642583,43.827210,44.013823,44.202633,44.393848,44.587668,44.784283,44.983866,45.186571,45.392531,45.601850,45.814602,46.030835,46.250567,46.473794,46.700503,
16.070736,16.433066,16.794408,17.154525,17.513293,17.870674,18.226694,18.581420,18.934951,19.287408,19.638922,19.989633,20.339681,20.689207,21.038347,21.387231,21.735986,22.084728,22.433566,22.782601,23.131921,23.481605,23.831720,24.182317,24.533437,24.885101,25.237317,25.590078,25.943365,26.297152,26.651418,
540.0,0.366667
540.000000,540.366667,540.733333,541.100000,541.466667,541.833333,542.200000,542.566667,542.933333,543.300000,543.666667,544.033333,544.400000,544.766667,545.133333,545.500000,545.866667,546.233333,546.600000,546.966667,547.333333,547.700000,548.066667,548.433333,548.800000,549.166667,549.533333,549.900000,550.266667,550.633333,551.000000,
41.417595,41.581981,41.746238,41.910369,42.074412,42.238426,42.402495,42.566715,42.731200,42.896071,43.061462,43.227515,43.394378,43.562208,43.731168,43.901423,44.073146,44.246510,44.421688,44.598855,44.778179,44.959827,45.143955,45.330708,45.520219,45.712605,45.907964,46.106371,46.307885,46.512539,46.720346,
16.964506,17.297934,17.630807,17.962962,18.294291,18.624728,18.954237,19.282805,19.610434,19.937140,20.262946,20.587884,20.911987,21.235293,21.557840,21.879667,22.200815,22.521324,22.841235,23.160587,23.479420,23.797775,24.115690,24.433204,24.750356,25.067181,25.383716,25.699989,26.016028,26.331851,26.647469,
541.0,0.333333
541.000000,541.333333,541.666667,542.000000,542.333333,542.666667,543.000000,543.333333,543.666667,544.000000,544.333333,544.666667,545.000000,545.333333,545.666667,546.000000,546.333333,546.666667,547.000000,547.333333,547.666667,548.000000,548.333333,548.666667,549.000000,549.333333,549.666667,550.000000,550.333333,550.666667,551.000000,
41.862924,42.014385,42.165683,42.316809,42.467793,42.618690,42.769579,42.920558,43.071736,43.223237,43.375192,43.527737,43.681017,43.835178,43.990371,44.146747,44.304457,44.463653,44.624482,44.787089,44.951613,45.118185,45.286929,45.457957,45.631369,45.807251,45.985676,46.166698,46.350358,46.536679,46.725671,
17.863233,18.167143,18.470477,18.773061,19.074778,19.375552,19.675341,19.974130,20.271921,20.568732,20.864591,21.159535,21.453605,21.746845,22.039304,22.331030,22.622072,22.912480,23.202302,23.491586,23.780378,24.068725,24.356669,24.644252,24.931513,25.218486,25.505205,25.791696,26.077981,26.364077,26.649992,
542.0,0.300000
542.000000,542.300000,542.600000,542.900000,543.200000,543.500000,543.800000,544.100000,544.400000,544.700000,545.000000,545.300000,545.600000,545.900000,546.200000,546.500000,546.800000,547.100000,547.400000,547.700000,548.000000,548.300000,548.600000,548.900000,549.200000,549.500000,549.800000,550.100000,550.400000,550.700000,551.000000,
42.315705,42.453740,42.591642,42.729406,42.867057,43.004648,43.142246,43.279938,43.417824,43.556011,43.694615,43.833758,43.973566,44.114168,44.255692,44.398268,44.542025,44.687086,44.833573,44.981604,45.131287,45.282727,45.436018,45.591246,45.748485,45.907800,46.069243,46.232854,46.398662,46.566684,46.736927,
18.767367,19.041446,19.314972,19.587772,19.859721,20.130738,20.400772,20.669799,20.937817,21.204837,21.470885,21.735997,22.000215,22.263586,22.526160,22.787991,23.049133,23.309639,23.569563,23.828956,24.087869,24.346348,24.604440,24.862184,25.119621,25.376783,25.633701,25.890399,26.146899,26.403212,26.659346,
543.0,0.266667
543.000000,543.266667,543.533333,543.800000,544.066667,544.333333,544.600000,544.866667,545.133333,545.400000,545.666667,545.933333,546.200000,546.466667,546.733333,547.000000,547.266667,547.533333,547.800000,548.066667,548.333333,548.600000,548.866667,549.133333,549.400000,549.666667,549.933333,550.200000,550.466667,550.733333,551.000000,
42.775883,42.900080,43.024235,43.148361,43.272491,43.396673,43.520966,43.645440,43.770173,43.895248,44.020754,44.146783,44.273430,44.400792,44.528964,44.658043,44.788123,44.919299,45.051658,45.185288,45.320269,45.456679,45.594588,45.734058,45.875148,46.017905,46.162370,46.308575,46.456544,46.606291,46.757824,
19.676779,19.920750,20.164267,20.407178,20.649365,20.890746,21.131260,21.370870,21.609555,21.847310,22.084139,22.320057,22.555086,22.789254,23.022594,23.255142,23.486937,23.718020,23.948433,24.178218,24.407418,24.636073,24.864226,25.091915,25.319177,25.546046,25.772554,25.998727,26.224586,26.450148,26.675421,
544.0,0.233333
544.000000,544.233333,544.466667,544.700000,544.933333,545.166667,545.400000,545.633333,545.866667,546.100000,546.333333,546.566667,546.800000,547.033333,547.266667,547.500000,547.733333,547.966667,548.200000,548.433333,548.666667,548.900000,549.133333,549.366667,549.600000,549.833333,550.066667,550.300000,550.533333,550.766667,551.000000,
43.243354,43.353369,43.463429,43.573570,43.683833,43.794266,43.904923,44.015857,44.127129,44.238799,44.350930,44.463586,44.576831,44.690730,44.805346,44.920743,45.036983,45.154125,45.272228,45.391347,45.511535,45.632840,45.755307,45.878978,46.003888,46.130070,46.257550,46.386349,46.516482,46.647961,46.780791,
20.590595,20.804171,21.017372,21.230065,21.442145,21.653529,21.864157,22.073985,22.282983,22.491134,22.698431,22.904877,23.110479,23.315253,23.519218,23.722401,23.924827,24.126527,24.327533,24.527879,24.727600,24.926730,25.125305,25.323358,25.520922,25.718028,25.914704,26.110976,26.306862,26.502379,26.697534,
545.0,0.200000
545.000000,545.200000,545.400000,545.600000,545.800000,546.000000,546.200000,546.400000,546.600000,546.800000,547.000000,547.200000,547.400000,547.600000,547.800000,548.000000,548.200000,548.400000,548.600000,548.800000,549.000000,549.200000,549.400000,549.600000,549.800000,550.000000,550.200000,550.400000,550.600000,550.800000,551.000000,
43.718003,43.813559,43.909222,44.005044,44.101072,44.197354,44.293938,44.390869,44.488189,44.585943,44.684171,44.782914,44.882211,44.982100,45.082617,45.183799,45.285677,45.388286,45.491654,45.595811,45.700783,45.806596,45.913271,46.020829,46.129288,46.238663,46.348967,46.460211,46.572402,46.685545,46.799643,
21.507016,21.689965,21.872608,22.054828,22.236535,22.417652,22.598120,22.777897,22.956948,23.135251,23.312794,23.489570,23.665582,23.840834,24.015340,24.189115,24.362178,24.534551,24.706258,24.877324,25.047777,25.217645,25.386955,25.555734,25.724010,25.891807,26.059149,26.226055,26.392543,26.558625,26.724307,
