772.0,0.400000
772.000000,772.400000,772.800000,773.200000,773.600000,774.000000,774.400000,774.800000,775.200000,775.600000,776.000000,776.400000,776.800000,777.200000,777.600000,778.000000,778.400000,778.800000,779.200000,779.600000,780.000000,780.400000,780.800000,781.200000,781.600000,782.000000,782.400000,782.800000,783.200000,783.600000,784.000000,
15.767890,15.553609,15.339079,15.124223,14.908985,14.693326,14.477222,14.260656,14.043623,13.826126,13.608174,13.389783,13.170977,12.951788,12.732255,12.512428,12.292364,12.072132,11.851811,11.631490,11.411273,11.191270,10.971604,10.752405,10.533810,10.315958,10.098986,9.883025,9.668188,9.454566,9.242211,
12.525689,12.369212,12.212999,12.057123,11.901634,11.746564,11.591929,11.437734,11.283977,11.130649,10.977738,10.825226,10.673095,10.521323,10.369888,10.218764,10.067927,9.917349,9.767004,9.616866,9.466905,9.317096,9.167412,9.017830,8.868325,8.718878,8.569473,8.420095,8.270736,8.121390,7.972056,
773.0,0.366667
773.000000,773.366667,773.733333,774.100000,774.466667,774.833333,775.200000,775.566667,775.933333,776.300000,776.666667,777.033333,777.400000,777.766667,778.133333,778.500000,778.866667,779.233333,779.600000,779.966667,780.333333,780.700000,781.066667,781.433333,781.800000,782.166667,782.533333,782.900000,783.266667,783.633333,784.000000,
15.374360,15.178071,14.981492,14.784516,14.587057,14.389045,14.190424,13.991147,13.791182,13.590504,13.389100,13.186967,12.984117,12.780573,12.576372,12.371569,12.166235,11.960465,11.754369,11.548083,11.341766,11.135598,10.929782,10.724541,10.520117,10.316758,10.114719,9.914247,9.715561,9.518841,9.324194,
12.238789,12.096450,11.954398,11.812702,11.671394,11.530479,11.389941,11.249745,11.109847,10.970192,10.830715,10.691350,10.552024,10.412661,10.273187,10.133523,9.993597,9.853333,9.712665,9.571528,9.429867,9.287632,9.144784,9.001298,8.857158,8.712362,8.566919,8.420850,8.274183,8.126948,7.979167,
774.0,0.333333
774.000000,774.333333,774.666667,775.000000,775.333333,775.666667,776.000000,776.333333,776.666667,777.000000,777.333333,777.666667,778.000000,778.333333,778.666667,779.000000,779.333333,779.666667,780.000000,780.333333,780.666667,781.000000,781.333333,781.666667,782.000000,782.333333,782.666667,783.000000,783.333333,783.666667,784.000000,
14.585749,14.407203,14.228528,14.049694,13.870686,13.691502,13.512150,13.332645,13.153008,12.973265,12.793444,12.613576,12.433693,12.253827,12.074011,11.894275,11.714651,11.535164,11.355842,11.176704,10.997768,10.819049,10.640555,10.462288,10.284248,10.106428,9.928816,9.751397,9.574156,9.397077,9.220149,
11.669516,11.541611,11.413848,11.286283,11.158960,11.031917,10.905187,10.778798,10.652776,10.527141,10.401915,10.277114,10.152755,10.028850,9.905414,9.782455,9.659983,9.538002,9.416516,9.295526,9.175028,9.055016,8.935480,8.816406,8.697778,8.579575,8.461775,8.344354,8.227290,8.110563,7.994160,
775.0,0.300000
775.000000,775.300000,775.600000,775.900000,776.200000,776.500000,776.800000,777.100000,777.400000,777.700000,778.000000,778.300000,778.600000,778.900000,779.200000,779.500000,779.800000,780.100000,780.400000,780.700000,781.000000,781.300000,781.600000,781.900000,782.200000,782.500000,782.800000,783.100000,783.400000,783.700000,784.000000,
14.190528,14.030024,13.869304,13.708298,13.546961,13.385260,13.223180,13.060716,12.897872,12.734661,12.571105,12.407229,12.243067,12.078658,11.914044,11.749274,11.584401,11.419483,11.254582,11.089764,10.925099,10.760660,10.596522,10.432761,10.269455,10.106680,9.944507,9.783001,9.622220,9.462205,9.302982,
11.387028,11.272845,11.158785,11.044884,10.931163,10.817633,10.704296,10.591149,10.478183,10.365382,10.252732,10.140212,10.027802,9.915480,9.803224,9.691012,9.578822,9.466633,9.354424,9.242178,9.129878,9.017509,8.905060,8.792521,8.679884,8.567146,8.454305,8.341361,8.228316,8.115174,8.001936,
776.0,0.266667
776.000000,776.266667,776.533333,776.800000,777.066667,777.333333,777.600000,777.866667,778.133333,778.400000,778.666667,778.933333,779.200000,779.466667,779.733333,780.000000,780.266667,780.533333,780.800000,781.066667,781.333333,781.600000,781.866667,782.133333,782.400000,782.666667,782.933333,783.200000,783.466667,783.733333,784.000000,
13.794599,13.652069,13.509191,13.365853,13.221974,13.077501,12.932403,12.786669,12.640302,12.493322,12.345761,12.197661,12.049074,11.900062,11.750696,11.601053,11.451217,11.301283,11.151346,11.001513,10.851892,10.702597,10.553743,10.405449,10.257833,10.111007,9.965080,9.820152,9.676305,9.533603,9.392083,
11.105899,11.005191,10.904512,10.803860,10.703225,10.602589,10.501932,10.401226,10.300441,10.199547,10.098510,9.997297,9.895874,9.794209,9.692269,9.590025,9.487449,9.384517,9.281208,9.177505,9.073392,8.968863,8.863911,8.758537,8.652745,8.546544,8.439944,8.332959,8.225604,8.117892,8.009830,
777.0,0.233333
777.000000,777.233333,777.466667,777.700000,777.933333,778.166667,778.400000,778.633333,778.866667,779.100000,779.333333,779.566667,779.800000,780.033333,780.266667,780.500000,780.733333,780.966667,781.200000,781.433333,781.666667,781.900000,782.133333,782.366667,782.600000,782.833333,783.066667,783.300000,783.533333,783.766667,784.000000,
13.000330,12.875710,12.751081,12.626444,12.501798,12.377146,12.252490,12.127834,12.003182,11.878540,11.753912,11.629303,11.504718,11.380162,11.255640,11.131157,11.006715,10.882319,10.757970,10.633672,10.509424,10.385228,10.261084,10.136990,10.012944,9.888944,9.764987,9.641071,9.517192,9.393348,9.269536,
10.547523,10.460552,10.373674,10.286925,10.200334,10.113922,10.027710,9.941711,9.855937,9.770397,9.685095,9.600037,9.515224,9.430656,9.346332,9.262250,9.178405,9.094794,9.011410,8.928247,8.845298,8.762556,8.680011,8.597655,8.515480,8.433476,8.351636,8.269950,8.188414,8.107020,8.025767,
778.0,0.200000
778.000000,778.200000,778.400000,778.600000,778.800000,779.000000,779.200000,779.400000,779.600000,779.800000,780.000000,780.200000,780.400000,780.600000,780.800000,781.000000,781.200000,781.400000,781.600000,781.800000,782.000000,782.200000,782.400000,782.600000,782.800000,783.000000,783.200000,783.400000,783.600000,783.800000,784.000000,
12.601849,12.495146,12.388335,12.281379,12.174253,12.066942,11.959437,11.851737,11.743846,11.635773,11.527532,11.419140,11.310619,11.201992,11.093284,10.984523,10.875738,10.766959,10.658217,10.549543,10.440969,10.332526,10.224245,10.116156,10.008285,9.900660,9.793305,9.686239,9.579479,9.473038,9.366922,
10.270185,10.196210,10.122229,10.048238,9.974234,9.900213,9.826169,9.752099,9.677998,9.603862,9.529687,9.455467,9.381200,9.306881,9.232507,9.158074,9.083580,9.009023,8.934400,8.859710,8.784952,8.710126,8.635230,8.560267,8.485236,8.410139,8.334977,8.259752,8.184466,8.109119,8.033713,
785.0,0.766667
785.000000,785.766667,786.533333,787.300000,788.066667,788.833333,789.600000,790.366667,791.133333,791.900000,792.666667,793.433333,794.200000,794.966667,795.733333,796.500000,797.266667,798.033333,798.800000,799.566667,800.333333,801.100000,801.866667,802.633333,803.400000,804.166667,804.933333,805.700000,806.466667,807.233333,808.000000,
8.964134,8.572612,8.208137,7.874614,7.573031,7.302831,7.062648,6.850786,6.665611,6.505592,6.369370,6.255879,6.164254,6.093809,6.044050,6.014613,6.005235,6.015753,6.046055,6.096052,6.165655,6.254711,6.362930,6.489768,6.634393,6.795565,6.971402,7.159588,7.357456,7.561974,7.770918,
7.823538,7.551567,7.259459,6.944377,6.605676,6.243866,5.860092,5.455815,5.032570,4.591942,4.135543,3.665003,3.181964,2.688071,2.184967,1.674254,1.157442,0.635863,0.110670,-0.417238,-0.947343,-1.479439,-2.013635,-2.550467,-3.090698,-3.635185,-4.184782,-4.740157,-5.301560,-5.868473,-6.440299,
786.0,0.733333
786.000000,786.733333,787.466667,788.200000,788.933333,789.666667,790.400000,791.133333,791.866667,792.600000,793.333333,794.066667,794.800000,795.533333,796.266667,797.000000,797.733333,798.466667,799.200000,799.933333,800.666667,801.400000,802.133333,802.866667,803.600000,804.333333,805.066667,805.800000,806.533333,807.266667,808.000000,
8.560548,8.211546,7.885464,7.586201,7.315244,7.072719,6.857981,6.669992,6.507602,6.369623,6.254901,6.162392,6.091148,6.040321,6.009204,5.997195,6.003803,6.028668,6.071514,6.132121,6.210307,6.305862,6.418468,6.547595,6.692468,6.851959,7.024399,7.207757,7.399727,7.597738,7.799924,
7.536605,7.240101,6.924163,6.586043,6.225239,5.842548,5.439520,5.018113,4.580454,4.128733,3.665113,3.191624,2.710168,2.222471,1.730000,1.234007,0.735522,0.235277,-0.266236,-0.768762,-1.272362,-1.777329,-2.284172,-2.793664,-3.306689,-3.824135,-4.346775,-4.875161,-5.409453,-5.949148,-6.493692,
787.0,0.700000
787.000000,787.700000,788.400000,789.100000,789.800000,790.500000,791.200000,791.900000,792.600000,793.300000,794.000000,794.700000,795.400000,796.100000,796.800000,797.500000,798.200000,798.900000,799.600000,800.300000,801.000000,801.700000,802.400000,803.100000,803.800000,804.500000,805.200000,805.900000,806.600000,807.300000,808.000000,
7.854310,7.573741,7.314507,7.080075,6.871547,6.688675,6.530445,6.395475,6.282320,6.189558,6.115873,6.060166,6.021513,5.999162,5.992572,6.001352,6.025236,6.064087,6.117843,6.186476,6.269962,6.368233,6.481111,6.608222,6.748975,6.902487,7.067433,7.242197,7.424941,7.613620,7.806760,
6.881950,6.549500,6.205639,5.848648,5.478109,5.094350,4.698128,4.290424,3.872298,3.444837,3.009124,2.566201,2.117071,1.662689,1.203944,0.741659,0.276567,-0.190720,-0.659726,-1.130141,-1.601907,-2.075170,-2.550289,-3.027897,-3.508755,-3.993652,-4.483293,-4.978195,-5.478526,-5.983868,-6.493747,
788.0,0.666667
788.000000,788.666667,789.333333,790.000000,790.666667,791.333333,792.000000,792.666667,793.333333,794.000000,794.666667,795.333333,796.000000,796.666667,797.333333,798.000000,798.666667,799.333333,800.000000,800.666667,801.333333,802.000000,802.666667,803.333333,804.000000,804.666667,805.333333,806.000000,806.666667,807.333333,808.000000,
7.275853,7.061235,6.864452,6.688482,6.534295,6.401686,6.289768,6.197321,6.123052,6.065681,6.024016,5.997059,5.983969,5.984069,5.996886,6.022097,6.059512,6.109087,6.170865,6.244944,6.331447,6.430468,6.542008,6.665887,6.801726,6.948874,7.106283,7.272635,7.446419,7.625953,7.810026,
6.131006,5.777822,5.418047,5.050625,4.675267,4.292150,3.901738,3.504670,3.101682,2.693567,2.281138,1.865205,1.446543,1.025857,0.603731,0.180619,-0.243188,-0.667634,-1.092864,-1.519223,-1.947309,-2.377887,-2.811842,-3.250159,-3.693806,-4.143626,-4.600189,-5.063780,-5.534315,-6.011183,-6.493798,
789.0,0.633333
789.000000,789.633333,790.266667,790.900000,791.533333,792.166667,792.800000,793.433333,794.066667,794.700000,795.333333,795.966667,796.600000,797.233333,797.866667,798.500000,799.133333,799.766667,800.400000,801.033333,801.666667,802.300000,802.933333,803.566667,804.200000,804.833333,805.466667,806.100000,806.733333,807.366667,808.000000,
6.920956,6.753687,6.600679,6.464535,6.346266,6.245915,6.162942,6.096489,6.045593,6.009259,5.986540,5.976620,5.978798,5.992506,6.017342,6.053028,6.099400,6.156414,6.224095,6.302511,6.391742,6.491839,6.602773,6.724364,6.856271,6.997943,7.148528,7.306974,7.472095,7.642595,7.817555,
5.512861,5.157929,4.797777,4.431756,4.059897,3.682621,3.300575,2.914506,2.525155,2.133230,1.739374,1.344117,0.947890,0.551025,0.153727,-0.243904,-0.641885,-1.040372,-1.439642,-1.840096,-2.242285,-2.646856,-3.054524,-3.466047,-3.882156,-4.303472,-4.730406,-5.163150,-5.601615,-6.045324,-6.493829,
790.0,0.600000
790.000000,790.600000,791.200000,791.800000,792.400000,793.000000,793.600000,794.200000,794.800000,795.400000,796.000000,796.600000,797.200000,797.800000,798.400000,799.000000,799.600000,800.200000,800.800000,801.400000,802.000000,802.600000,803.200000,803.800000,804.400000,805.000000,805.600000,806.200000,806.800000,807.400000,808.000000,
6.546477,6.431689,6.327838,6.237037,6.160174,6.097377,6.048301,6.012336,5.988763,5.976828,5.975800,5.985037,6.003987,6.032198,6.069351,6.115234,6.169730,6.232832,6.304600,6.385142,6.474590,6.573063,6.680627,6.797235,6.922718,7.056739,7.198728,7.347954,7.503572,7.664647,7.830510,
4.626422,4.274240,3.919284,3.561277,3.200337,2.836826,2.471244,2.104161,1.736151,1.367771,0.999528,0.631844,0.265055,-0.100607,-0.465052,-0.828315,-1.190576,-1.552187,-1.913644,-2.275568,-2.638724,-3.003950,-3.372116,-3.744079,-4.120617,-4.502362,-4.889692,-5.282750,-5.681423,-6.085262,-6.493861,
791.0,0.566667
791.000000,791.566667,792.133333,792.700000,793.266667,793.833333,794.400000,794.966667,795.533333,796.100000,796.666667,797.233333,797.800000,798.366667,798.933333,799.500000,800.066667,800.633333,801.200000,801.766667,802.333333,802.900000,803.466667,804.033333,804.600000,805.166667,805.733333,806.300000,806.866667,807.433333,808.000000,
6.335194,6.254848,6.182886,6.121036,6.070097,6.030276,6.001404,5.983093,5.974860,5.976184,5.986557,6.005540,6.032760,6.067925,6.110844,6.161411,6.219590,6.285423,6.358995,6.440416,6.529798,6.627225,6.732723,6.846213,6.967504,7.096265,7.231980,7.374006,7.521624,7.674067,7.830792,
3.922410,3.583713,3.244081,2.903530,2.562246,2.220511,1.878651,1.536995,1.195837,0.855422,0.515929,0.177447,-0.160017,-0.496545,-0.832327,-1.167638,-1.502849,-1.838429,-2.174926,-2.512953,-2.853186,-3.196322,-3.543048,-3.894006,-4.249749,-4.610692,-4.977037,-5.348799,-5.725794,-6.107607,-6.493879,
792.0,0.533333
792.000000,792.533333,793.066667,793.600000,794.133333,794.666667,795.200000,795.733333,796.266667,796.800000,797.333333,797.866667,798.400000,798.933333,799.466667,800.000000,800.533333,801.066667,801.600000,802.133333,802.666667,803.200000,803.733333,804.266667,804.800000,805.333333,805.866667,806.400000,806.933333,807.466667,808.000000,
6.179721,6.128084,6.082742,6.045088,6.015836,5.995257,5.983328,5.979856,5.984562,5.997128,6.017239,6.044619,6.079034,6.120304,6.168317,6.223015,6.284389,6.352477,6.427346,6.509071,6.597723,6.693347,6.795937,6.905411,7.021595,7.144217,7.272868,7.407050,7.546213,7.689783,7.837360,
3.191243,2.869698,2.548868,2.228916,1.909927,1.591941,1.274958,0.958957,0.643898,0.329721,0.016350,-0.296320,-0.608421,-0.920122,-1.231638,-1.543229,-1.855206,-2.167940,-2.481847,-2.797386,-3.115055,-3.435367,-3.758823,-4.085889,-4.416968,-4.752356,-5.092193,-5.436474,-5.785053,-6.137616,-6.493892,
793.0,0.500000
793.000000,793.500000,794.000000,794.500000,795.000000,795.500000,796.000000,796.500000,797.000000,797.500000,798.000000,798.500000,799.000000,799.500000,800.000000,800.500000,801.000000,801.500000,802.000000,802.500000,803.000000,803.500000,804.000000,804.500000,805.000000,805.500000,806.000000,806.500000,807.000000,807.500000,808.000000,
6.076616,6.048467,6.024908,6.007036,5.995471,5.990509,5.992233,6.000589,6.015455,6.036674,6.064080,6.097532,6.136916,6.182150,6.233198,6.290059,6.352765,6.421371,6.495951,6.576574,6.663297,6.756146,6.855101,6.960069,7.070885,7.187301,7.308965,7.435458,7.566333,7.701133,7.839549,
2.438709,2.136323,1.835636,1.537011,1.240607,0.946446,0.654446,0.364456,0.076274,-0.210339,-0.495655,-0.779971,-1.063605,-1.346903,-1.630236,-1.914001,-2.198617,-2.484531,-2.772206,-3.062112,-3.354719,-3.650481,-3.949811,-4.253061,-4.560500,-4.872300,-5.188485,-5.508969,-5.833556,-6.161947,-6.493903,
794.0,0.466667
794.000000,794.466667,794.933333,795.400000,795.866667,796.333333,796.800000,797.266667,797.733333,798.200000,798.666667,799.133333,799.600000,800.066667,800.533333,801.000000,801.466667,801.933333,802.400000,802.866667,803.333333,803.800000,804.266667,804.733333,805.200000,805.666667,806.133333,806.600000,807.066667,807.533333,808.000000,
6.035273,6.020554,6.009398,6.002735,6.001142,6.004950,6.014319,6.029300,6.049877,6.075997,6.107591,6.144595,6.186953,6.234629,6.287609,6.345896,6.409509,6.478481,6.552843,6.632619,6.717812,6.808395,6.904297,7.005388,7.111478,7.222311,7.337556,7.456839,7.579771,7.705975,7.835200,
1.928006,1.645757,1.364702,1.085117,0.807137,0.530800,0.256071,-0.017139,-0.288961,-0.559563,-0.829141,-1.097925,-1.366174,-1.634178,-1.902260,-2.170777,-2.440109,-2.710666,-2.982870,-3.257151,-3.533930,-3.813605,-4.096534,-4.383013,-4.673260,-4.967405,-5.265456,-5.567327,-5.872847,-6.181771,-6.493908,
795.0,0.433333
795.000000,795.433333,795.866667,796.300000,796.733333,797.166667,797.600000,798.033333,798.466667,798.900000,799.333333,799.766667,800.200000,800.633333,801.066667,801.500000,801.933333,802.366667,802.800000,803.233333,803.666667,804.100000,804.533333,804.966667,805.400000,805.833333,806.266667,806.700000,807.133333,807.566667,808.000000,
6.011799,6.012899,6.016490,6.023280,6.033746,6.048199,6.066834,6.089769,6.117069,6.148770,6.184890,6.225447,6.270457,6.319941,6.373931,6.432463,6.495577,6.563311,6.635697,6.712755,6.794479,6.880837,6.971761,7.067135,7.166796,7.270535,7.378092,7.489177,7.603495,7.720766,7.840808,
1.152719,0.891674,0.632472,0.375530,0.121045,-0.130954,-0.380555,-0.627940,-0.873358,-1.117110,-1.359534,-1.600998,-1.841892,-2.082622,-2.323604,-2.565261,-2.808016,-3.052285,-3.298476,-3.546972,-3.798131,-4.052268,-4.309651,-4.570478,-4.834881,-5.102912,-5.374529,-5.649618,-5.928011,-6.209495,-6.493914,
796.0,0.400000
796.000000,796.400000,796.800000,797.200000,797.600000,798.000000,798.400000,798.800000,799.200000,799.600000,800.000000,800.400000,800.800000,801.200000,801.600000,802.000000,802.400000,802.800000,803.200000,803.600000,804.000000,804.400000,804.800000,805.200000,805.600000,806.000000,806.400000,806.800000,807.200000,807.600000,808.000000,
6.020356,6.029767,6.041128,6.055038,6.071931,6.092116,6.115811,6.143170,6.174300,6.209278,6.248158,6.290982,6.337785,6.388594,6.443435,6.502326,6.565282,6.632308,6.703398,6.778530,6.857660,6.940719,7.027612,7.118207,7.212340,7.309818,7.410413,7.513887,7.620002,7.728545,7.839379,
0.632207,0.392060,0.153272,-0.083853,-0.319180,-0.552699,-0.784498,-1.014733,-1.243615,-1.471392,-1.698339,-1.924754,-2.150946,-2.377234,-2.603941,-2.831389,-3.059898,-3.289780,-3.521331,-3.754832,-3.990536,-4.228664,-4.469400,-4.712875,-4.959172,-5.208316,-5.460264,-5.714930,-5.972186,-6.231885,-6.493917,
797.0,0.366667
797.000000,797.366667,797.733333,798.100000,798.466667,798.833333,799.200000,799.566667,799.933333,800.300000,800.666667,801.033333,801.400000,801.766667,802.133333,802.500000,802.866667,803.233333,803.600000,803.966667,804.333333,804.700000,805.066667,805.433333,805.800000,806.166667,806.533333,806.900000,807.266667,807.633333,808.000000,
6.066949,6.086274,6.106965,6.129472,6.154135,6.181213,6.210905,6.243360,6.278697,6.317008,6.358368,6.402841,6.450479,6.501330,6.555434,6.612826,6.673533,6.737574,6.804956,6.875673,6.949701,7.026997,7.107498,7.191117,7.277741,7.367240,7.459461,7.554243,7.651431,7.750885,7.852515,
-0.149755,-0.368458,-0.585749,-0.801278,-1.014862,-1.226448,-1.436082,-1.643883,-1.850033,-2.054755,-2.258308,-2.460973,-2.663049,-2.864847,-3.066681,-3.268865,-3.471707,-3.675504,-3.880533,-4.087052,-4.295288,-4.505436,-4.717651,-4.932043,-5.148677,-5.367574,-5.588703,-5.811996,-6.037362,-6.264695,-6.493920,
798.0,0.333333
798.000000,798.333333,798.666667,799.000000,799.333333,799.666667,800.000000,800.333333,800.666667,801.000000,801.333333,801.666667,802.000000,802.333333,802.666667,803.000000,803.333333,803.666667,804.000000,804.333333,804.666667,805.000000,805.333333,805.666667,806.000000,806.333333,806.666667,807.000000,807.333333,807.666667,808.000000,
6.119030,6.142659,6.167382,6.193578,6.221548,6.251530,6.283713,6.318246,6.355249,6.394819,6.437033,6.481953,6.529630,6.580103,6.633400,6.689540,6.748531,6.810369,6.875040,6.942514,7.012747,7.085678,7.161230,7.239311,7.319810,7.402605,7.487563,7.574550,7.663438,7.754121,7.846529,
-0.669360,-0.867172,-1.063930,-1.259373,-1.453368,-1.645884,-1.836968,-2.026728,-2.215320,-2.402934,-2.589789,-2.776120,-2.962177,-3.148213,-3.334485,-3.521244,-3.708732,-3.897181,-4.086804,-4.277791,-4.470310,-4.664497,-4.860460,-5.058269,-5.257960,-5.459536,-5.662964,-5.868189,-6.075138,-6.283734,-6.493921,
799.0,0.300000
799.000000,799.300000,799.600000,799.900000,800.200000,800.500000,800.800000,801.100000,801.400000,801.700000,802.000000,802.300000,802.600000,802.900000,803.200000,803.500000,803.800000,804.100000,804.400000,804.700000,805.000000,805.300000,805.600000,805.900000,806.200000,806.500000,806.800000,807.100000,807.400000,807.700000,808.000000,
6.226129,6.255114,6.284909,6.315805,6.348035,6.381786,6.417208,6.454421,6.493519,6.534581,6.577665,6.622821,6.670085,6.719484,6.771039,6.824763,6.880660,6.938729,6.998962,7.061345,7.125853,7.192457,7.261118,7.331792,7.404425,7.478960,7.555335,7.633490,7.713365,7.794913,7.878103,
-1.441923,-1.618592,-1.794526,-1.969516,-2.143429,-2.316198,-2.487805,-2.658273,-2.827656,-2.996032,-3.163499,-3.330168,-3.496161,-3.661605,-3.826631,-3.991370,-4.155950,-4.320497,-4.485126,-4.649948,-4.815060,-4.980548,-5.146485,-5.312928,-5.479918,-5.647482,-5.815630,-5.984362,-6.153665,-6.323523,-6.493923,
800.0,0.266667
800.000000,800.266667,800.533333,800.800000,801.066667,801.333333,801.600000,801.866667,802.133333,802.400000,802.666667,802.933333,803.200000,803.466667,803.733333,804.000000,804.266667,804.533333,804.800000,805.066667,805.333333,805.600000,805.866667,806.133333,806.400000,806.666667,806.933333,807.200000,807.466667,807.733333,808.000000,
6.315360,6.345464,6.376249,6.407965,6.440815,6.474963,6.510539,6.547650,6.586377,6.626785,6.668920,6.712818,6.758502,6.805986,6.855273,6.906361,6.959238,7.013888,7.070286,7.128402,7.188202,7.249644,7.312681,7.377264,7.443339,7.510851,7.579743,7.649963,7.721463,7.794205,7.868167,
-1.949902,-2.105942,-2.261532,-2.416544,-2.570895,-2.724544,-2.877482,-3.029724,-3.181310,-3.332291,-3.482736,-3.632720,-3.782326,-3.931639,-4.080750,-4.229745,-4.378712,-4.527732,-4.676883,-4.826236,-4.975855,-5.125793,-5.276097,-5.426801,-5.577931,-5.729501,-5.881516,-6.033975,-6.186869,-6.340188,-6.493923,
801.0,0.233333
801.000000,801.233333,801.466667,801.700000,801.933333,802.166667,802.400000,802.633333,802.866667,803.100000,803.333333,803.566667,803.800000,804.033333,804.266667,804.500000,804.733333,804.966667,805.200000,805.433333,805.666667,805.900000,806.133333,806.366667,806.600000,806.833333,807.066667,807.300000,807.533333,807.766667,808.000000,
6.417665,6.447670,6.478257,6.509640,6.541995,6.575463,6.610158,6.646165,6.683553,6.722369,6.762647,6.804407,6.847658,6.892398,6.938617,6.986298,7.035415,7.085939,7.137834,7.191059,7.245571,7.301322,7.358261,7.416338,7.475498,7.535692,7.596869,7.658983,7.721995,7.785877,7.850609,
-2.450231,-2.585805,-2.721187,-2.856324,-2.991184,-3.125756,-3.260045,-3.394067,-3.527849,-3.661427,-3.794842,-3.928140,-4.061369,-4.194581,-4.327826,-4.461155,-4.594615,-4.728252,-4.862109,-4.996224,-5.130628,-5.265350,-5.400411,-5.535828,-5.671609,-5.807760,-5.944279,-6.081163,-6.218403,-6.355992,-6.493924,
802.0,0.200000
802.000000,802.200000,802.400000,802.600000,802.800000,803.000000,803.200000,803.400000,803.600000,803.800000,804.000000,804.200000,804.400000,804.600000,804.800000,805.000000,805.200000,805.400000,805.600000,805.800000,806.000000,806.200000,806.400000,806.600000,806.800000,807.000000,807.200000,807.400000,807.600000,807.800000,808.000000,
6.593406,6.623646,6.654273,6.685436,6.717255,6.749833,6.783249,6.817570,6.852845,6.889112,6.926399,6.964724,7.004096,7.044519,7.085988,7.128497,7.172031,7.216575,7.262109,7.308609,7.356053,7.404414,7.453665,7.503779,7.554729,7.606490,7.659037,7.712348,7.766405,7.821194,7.876708,
-3.182627,-3.297429,-3.412042,-3.526400,-3.640453,-3.754161,-3.867499,-3.980448,-4.092999,-4.205150,-4.316904,-4.428270,-4.539259,-4.649887,-4.760171,-4.870131,-4.979788,-5.089161,-5.198275,-5.307149,-5.415804,-5.524261,-5.632538,-5.740652,-5.848619,-5.956452,-6.064163,-6.171760,-6.279250,-6.386637,-6.493924,
809.0,0.766667
809.000000,809.766667,810.533333,811.300000,812.066667,812.833333,813.600000,814.366667,815.133333,815.900000,816.666667,817.433333,818.200000,818.966667,819.733333,820.500000,821.266667,822.033333,822.800000,823.566667,824.333333,825.100000,825.866667,826.633333,827.400000,828.166667,828.933333,829.700000,830.466667,831.233333,832.000000,
8.114228,8.352857,8.601169,8.860501,9.131126,9.412749,9.704771,10.006462,10.317094,10.635959,10.962399,11.295843,11.635806,11.981917,12.333975,12.691931,13.055912,13.426303,13.803652,14.188631,14.582029,14.984598,15.396882,15.818996,16.250538,16.690362,17.136124,17.584650,18.032062,18.473694,18.906055,
-6.958475,-7.342468,-7.724890,-8.104805,-8.481246,-8.853245,-9.219833,-9.580048,-9.932936,-10.277535,-10.612862,-10.937881,-11.251520,-11.552671,-11.840178,-12.112864,-12.369539,-12.609016,-12.830136,-13.031795,-13.212994,-13.372873,-13.510793,-13.626476,-13.720007,-13.791943,-13.843560,-13.876606,-13.893194,-13.895802,-13.886263,
810.0,0.733333
810.000000,810.733333,811.466667,812.200000,812.933333,813.666667,814.400000,815.133333,815.866667,816.600000,817.333333,818.066667,818.800000,819.533333,820.266667,821.000000,821.733333,822.466667,823.200000,823.933333,824.666667,825.400000,826.133333,826.866667,827.600000,828.333333,829.066667,829.800000,830.533333,831.266667,832.000000,
8.433991,8.673536,8.921474,9.179071,9.446663,9.724076,10.010852,10.306398,10.610108,10.921389,11.239686,11.564530,11.895534,12.232416,12.575050,12.923447,13.277766,13.638371,14.005750,14.380468,14.763143,15.154316,15.554306,15.963006,16.379825,16.803513,17.231797,17.661711,18.089744,18.511833,18.924988,
-7.468289,-7.827688,-8.185606,-8.541152,-8.893399,-9.241409,-9.584242,-9.920960,-10.250626,-10.572297,-10.885012,-11.187764,-11.479522,-11.759223,-12.025767,-12.278042,-12.514935,-12.735349,-12.938228,-13.122586,-13.287566,-13.432460,-13.556788,-13.660420,-13.743571,-13.806878,-13.851597,-13.879382,-13.892171,-13.892148,-13.880905,
811.0,0.700000
811.000000,811.700000,812.400000,813.100000,813.800000,814.500000,815.200000,815.900000,816.600000,817.300000,818.000000,818.700000,819.400000,820.100000,820.800000,821.500000,822.200000,822.900000,823.600000,824.300000,825.000000,825.700000,826.400000,827.100000,827.800000,828.500000,829.200000,829.900000,830.600000,831.300000,832.000000,
8.781154,9.020064,9.266406,9.521380,9.785363,10.058263,10.339720,10.629244,10.926319,11.230430,11.541099,11.857917,12.180548,12.508741,12.842378,13.181444,13.526040,13.876414,14.232899,14.595871,14.965721,15.342760,15.727107,16.118537,16.516446,16.919722,17.326505,17.734419,18.140690,18.542160,18.936527,
-7.984456,-8.320072,-8.654173,-8.985898,-9.314361,-9.638666,-9.957915,-10.271204,-10.577628,-10.876271,-11.166199,-11.446444,-11.716015,-11.973899,-12.219060,-12.450460,-12.667073,-12.867910,-13.052036,-13.218608,-13.366926,-13.496458,-13.606896,-13.698272,-13.770935,-13.825607,-13.863526,-13.886254,-13.895552,-13.893319,-13.880905,
812.0,0.666667
812.000000,812.666667,813.333333,814.000000,814.666667,815.333333,816.000000,816.666667,817.333333,818.000000,818.666667,819.333333,820.000000,820.666667,821.333333,822.000000,822.666667,823.333333,824.000000,824.666667,825.333333,826.000000,826.666667,827.333333,828.000000,828.666667,829.333333,830.000000,830.666667,831.333333,832.000000,
9.154587,9.391899,9.635735,9.887171,10.146550,10.413785,10.688541,10.970369,11.258802,11.553388,11.853730,12.159528,12.470566,12.786714,13.107953,13.434343,13.766018,14.103187,14.446098,14.795009,15.150156,15.511696,15.879622,16.253647,16.633166,17.017157,17.403981,17.791578,18.177576,18.559322,18.934902,
-8.503126,-8.815357,-9.125918,-9.433927,-9.738495,-10.038731,-10.333752,-10.622680,-10.904650,-11.178803,-11.444283,-11.700238,-11.945811,-12.180138,-12.402343,-12.611545,-12.806876,-12.987488,-13.152586,-13.301461,-13.433553,-13.548463,-13.646013,-13.726340,-13.789869,-13.837343,-13.869929,-13.889044,-13.896247,-13.893157,-13.880905,
813.0,0.633333
813.000000,813.633333,814.266667,814.900000,815.533333,816.166667,816.800000,817.433333,818.066667,818.700000,819.333333,819.966667,820.600000,821.233333,821.866667,822.500000,823.133333,823.766667,824.400000,825.033333,825.666667,826.300000,826.933333,827.566667,828.200000,828.833333,829.466667,830.100000,830.733333,831.366667,832.000000,
9.417581,9.649194,9.886544,10.130691,10.382066,10.640722,10.906485,11.179070,11.458160,11.743436,12.034613,12.331467,12.633839,12.941637,13.254861,13.573579,13.897913,14.228037,14.564136,14.906350,15.254729,15.609183,15.969417,16.334816,16.704458,17.077051,17.450812,17.823649,18.193282,18.557331,18.914129,
-8.848398,-9.140259,-9.430541,-9.718443,-10.003165,-10.283905,-10.559864,-10.830237,-11.094215,-11.350982,-11.599708,-11.839547,-12.069637,-12.289115,-12.497111,-12.692771,-12.875269,-13.043828,-13.197744,-13.336405,-13.459349,-13.566270,-13.657068,-13.731932,-13.791310,-13.835936,-13.866903,-13.885516,-13.893182,-13.891319,-13.880906,
814.0,0.600000
814.000000,814.600000,815.200000,815.800000,816.400000,817.000000,817.600000,818.200000,818.800000,819.400000,820.000000,820.600000,821.200000,821.800000,822.400000,823.000000,823.600000,824.200000,824.800000,825.400000,826.000000,826.600000,827.200000,827.800000,828.400000,829.000000,829.600000,830.200000,830.800000,831.400000,832.000000,
9.832291,10.060761,10.294237,10.533679,10.779486,11.031717,11.290223,11.554746,11.824998,12.100692,12.381570,12.667443,12.958178,13.253703,13.554018,13.859176,14.169261,14.484387,14.804665,15.130171,15.460907,15.796767,16.137478,16.482514,16.831094,17.182134,17.534141,17.885369,18.233936,18.577901,18.915919,
-9.362691,-9.631823,-9.899202,-10.163997,-10.425401,-10.682621,-10.934874,-11.181389,-11.421399,-11.654146,-11.878872,-12.094829,-12.301271,-12.497460,-12.682673,-12.856206,-13.017392,-13.165617,-13.300341,-13.421121,-13.527662,-13.619817,-13.697622,-13.761364,-13.811540,-13.848877,-13.874371,-13.889168,-13.894470,-13.891451,-13.880906,
815.0,0.566667
815.000000,815.566667,816.133333,816.700000,817.266667,817.833333,818.400000,818.966667,819.533333,820.100000,820.666667,821.233333,821.800000,822.366667,822.933333,823.500000,824.066667,824.633333,825.200000,825.766667,826.333333,826.900000,827.466667,828.033333,828.600000,829.166667,829.733333,830.300000,830.866667,831.433333,832.000000,
10.270264,10.494021,10.721039,10.952099,11.187661,11.427981,11.673179,11.923298,12.178343,12.438301,12.703155,12.972907,13.247575,13.527197,13.811834,14.101561,14.396453,14.696570,15.001940,15.312525,15.628187,15.948666,16.273541,16.602161,16.933660,17.266926,17.600539,17.932905,18.262360,18.587265,18.906510,
-9.869228,-10.115276,-10.358615,-10.598365,-10.833821,-11.064383,-11.289513,-11.508704,-11.721446,-11.927223,-12.125504,-12.315730,-12.497323,-12.669697,-12.832256,-12.984417,-13.125620,-13.255355,-13.373174,-13.478717,-13.571756,-13.652194,-13.720097,-13.775740,-13.819588,-13.852286,-13.874699,-13.887807,-13.892621,-13.890106,-13.880906,
816.0,0.533333
816.000000,816.533333,817.066667,817.600000,818.133333,818.666667,819.200000,819.733333,820.266667,820.800000,821.333333,821.866667,822.400000,822.933333,823.466667,824.000000,824.533333,825.066667,825.600000,826.133333,826.666667,827.200000,827.733333,828.266667,828.800000,829.333333,829.866667,830.400000,830.933333,831.466667,832.000000,
10.574612,10.791528,11.012339,11.237919,11.468729,11.704955,11.946605,12.193580,12.445725,12.702855,12.964781,13.231331,13.502350,13.777703,14.057287,14.341018,14.628820,14.920623,15.216338,15.515839,15.818931,16.125335,16.434655,16.746328,17.059639,17.373698,17.687404,17.999543,18.308866,18.614169,18.914642,
-10.200709,-10.427826,-10.653150,-10.875893,-11.095311,-11.310691,-11.521341,-11.726581,-11.925746,-12.118177,-12.303227,-12.480259,-12.648651,-12.807806,-12.957162,-13.096197,-13.224446,-13.341521,-13.447117,-13.541028,-13.623181,-13.693629,-13.752567,-13.800366,-13.837547,-13.864769,-13.882848,-13.892672,-13.895127,-13.891028,-13.880906,
817.0,0.500000
817.000000,817.500000,818.000000,818.500000,819.000000,819.500000,820.000000,820.500000,821.000000,821.500000,822.000000,822.500000,823.000000,823.500000,824.000000,824.500000,825.000000,825.500000,826.000000,826.500000,827.000000,827.500000,828.000000,828.500000,829.000000,829.500000,830.000000,830.500000,831.000000,831.500000,832.000000,
11.048846,11.259711,11.473064,11.689568,11.909647,12.133566,12.361481,12.593473,12.829583,13.069825,13.314201,13.562709,13.815348,14.072120,14.333030,14.598077,14.867247,15.140503,15.417768,15.698906,15.983693,16.271805,16.562793,16.856046,17.150798,17.446135,17.740965,18.034115,18.324412,18.610772,18.892483,
-10.685767,-10.890447,-11.092639,-11.291481,-11.486264,-11.676381,-11.861293,-12.040509,-12.213559,-12.379990,-12.539363,-12.691242,-12.835205,-12.970843,-13.097771,-13.215635,-13.324124,-13.422987,-13.512035,-13.591161,-13.660360,-13.719726,-13.769465,-13.809913,-13.841523,-13.864849,-13.880560,-13.889367,-13.891975,-13.889019,-13.880906,
818.0,0.466667
818.000000,818.466667,818.933333,819.400000,819.866667,820.333333,820.800000,821.266667,821.733333,822.200000,822.666667,823.133333,823.600000,824.066667,824.533333,825.000000,825.466667,825.933333,826.400000,826.866667,827.333333,827.800000,828.266667,828.733333,829.200000,829.666667,830.133333,830.600000,831.066667,831.533333,832.000000,
11.376324,11.578756,11.783987,11.992741,12.205457,12.422381,12.643619,12.869192,13.099060,13.333152,13.571376,13.813635,14.059828,14.309850,14.563595,14.820945,15.081766,15.345896,15.613135,15.883234,16.155876,16.430670,16.707139,16.984695,17.262656,17.540246,17.816588,18.090772,18.361911,18.629209,18.892155,
-10.999367,-11.185429,-11.369495,-11.550772,-11.728564,-11.902235,-12.071204,-12.234925,-12.392884,-12.544597,-12.689602,-12.827467,-12.957788,-13.080190,-13.194344,-13.299958,-13.396796,-13.484683,-13.563512,-13.633254,-13.693970,-13.745812,-13.789026,-13.823966,-13.851075,-13.870874,-13.883962,-13.890960,-13.892466,-13.889005,-13.880906,
819.0,0.433333
819.000000,819.433333,819.866667,820.300000,820.733333,821.166667,821.600000,822.033333,822.466667,822.900000,823.333333,823.766667,824.200000,824.633333,825.066667,825.500000,825.933333,826.366667,826.800000,827.233333,827.666667,828.100000,828.533333,828.966667,829.400000,829.833333,830.266667,830.700000,831.133333,831.566667,832.000000,
11.883686,12.078693,12.275542,12.474778,12.676781,12.881810,13.090041,13.301585,13.516510,13.734853,13.956626,14.181825,14.410431,14.642405,14.877695,15.116224,15.357887,15.602542,15.850008,16.100048,16.352364,16.606588,16.862280,17.118908,17.375864,17.632472,17.887983,18.141633,18.392692,18.640519,18.884709,
-11.452258,-11.616620,-11.778574,-11.937281,-12.092061,-12.242352,-12.387679,-12.527631,-12.661842,-12.789986,-12.911767,-13.026916,-13.135191,-13.236375,-13.330287,-13.416775,-13.495730,-13.567088,-13.630838,-13.687023,-13.735755,-13.777209,-13.811629,-13.839332,-13.860696,-13.876150,-13.886169,-13.891238,-13.891814,-13.888289,-13.880906,
820.0,0.400000
820.000000,820.400000,820.800000,821.200000,821.600000,822.000000,822.400000,822.800000,823.200000,823.600000,824.000000,824.400000,824.800000,825.200000,825.600000,826.000000,826.400000,826.800000,827.200000,827.600000,828.000000,828.400000,828.800000,829.200000,829.600000,830.000000,830.400000,830.800000,831.200000,831.600000,832.000000,
12.409420,12.596126,12.783920,12.973181,13.164214,13.357263,13.552527,13.750172,13.950332,14.153118,14.358617,14.566893,14.777991,14.991928,15.208694,15.428248,15.650516,15.875380,16.102679,16.332203,16.563684,16.796795,17.031151,17.266297,17.501723,17.736873,17.971148,18.203949,18.434713,18.662960,18.888391,
-11.880718,-12.023769,-12.164198,-12.301142,-12.433939,-12.562078,-12.685162,-12.802879,-12.914979,-13.021260,-13.121559,-13.215742,-13.303702,-13.385355,-13.460644,-13.529536,-13.592027,-13.648146,-13.697957,-13.741563,-13.779110,-13.810789,-13.836832,-13.857521,-13.873172,-13.884132,-13.890773,-13.893464,-13.892544,-13.888300,-13.880906,
821.0,0.366667
821.000000,821.366667,821.733333,822.100000,822.466667,822.833333,823.200000,823.566667,823.933333,824.300000,824.666667,825.033333,825.400000,825.766667,826.133333,826.500000,826.866667,827.233333,827.600000,827.966667,828.333333,828.700000,829.066667,829.433333,829.800000,830.166667,830.533333,830.900000,831.266667,831.633333,832.000000,
12.769560,12.945341,13.122537,13.301589,13.482819,13.666451,13.852637,14.041469,14.232998,14.427234,14.624161,14.823737,15.025898,15.230555,15.437600,15.646902,15.858302,16.071613,16.286617,16.503060,16.720650,16.939055,17.157906,17.376790,17.595262,17.812855,18.029084,18.243477,18.455603,18.665104,18.871764,
-12.150885,-12.276395,-12.399641,-12.519845,-12.636390,-12.748790,-12.856659,-12.959689,-13.057632,-13.150295,-13.237521,-13.319195,-13.395229,-13.465568,-13.530186,-13.589085,-13.642297,-13.689888,-13.731953,-13.768619,-13.800051,-13.826444,-13.848024,-13.865050,-13.877805,-13.886587,-13.891702,-13.893450,-13.892102,-13.887876,-13.880905,
822.0,0.333333
822.000000,822.333333,822.666667,823.000000,823.333333,823.666667,824.000000,824.333333,824.666667,825.000000,825.333333,825.666667,826.000000,826.333333,826.666667,827.000000,827.333333,827.666667,828.000000,828.333333,828.666667,829.000000,829.333333,829.666667,830.000000,830.333333,830.666667,831.000000,831.333333,831.666667,832.000000,
13.323407,13.488909,13.655287,13.822846,13.991821,14.162397,14.334714,14.508875,14.684952,14.862992,15.043013,15.225014,15.408969,15.594832,15.782533,15.971977,16.163048,16.355601,16.549465,16.744440,16.940296,17.136775,17.333592,17.530431,17.726959,17.922829,18.117686,18.311192,18.503040,18.692981,18.880867,
-12.530076,-12.635353,-12.738386,-12.838420,-12.934876,-13.027315,-13.115410,-13.198920,-13.277676,-13.351562,-13.420508,-13.484482,-13.543482,-13.597532,-13.646683,-13.691005,-13.730591,-13.765553,-13.796025,-13.822158,-13.844123,-13.862111,-13.876326,-13.886989,-13.894328,-13.898579,-13.899974,-13.898733,-13.895049,-13.889076,-13.880904,
823.0,0.300000
823.000000,823.300000,823.600000,823.900000,824.200000,824.500000,824.800000,825.100000,825.400000,825.700000,826.000000,826.300000,826.600000,826.900000,827.200000,827.500000,827.800000,828.100000,828.400000,828.700000,829.000000,829.300000,829.600000,829.900000,830.200000,830.500000,830.800000,831.100000,831.400000,831.700000,832.000000,
13.892617,14.046720,14.201410,14.356894,14.513332,14.670849,14.829540,14.989474,15.150695,15.313233,15.477095,15.642277,15.808756,15.976495,16.145443,16.315532,16.486678,16.658782,16.831725,17.005373,17.179573,17.354155,17.528933,17.703705,17.878261,18.052383,18.225852,18.398460,18.570024,18.740393,18.909481,
-12.874576,-12.960408,-13.044224,-13.125335,-13.203216,-13.277471,-13.347809,-13.414023,-13.475977,-13.533591,-13.586830,-13.635696,-13.680224,-13.720475,-13.756530,-13.788491,-13.816476,-13.840619,-13.861065,-13.877972,-13.891509,-13.901851,-13.909182,-13.913690,-13.915562,-13.914986,-13.912139,-13.907184,-13.900262,-13.891481,-13.880903,
824.0,0.266667
824.000000,824.266667,824.533333,824.800000,825.066667,825.333333,825.600000,825.866667,826.133333,826.400000,826.666667,826.933333,827.200000,827.466667,827.733333,828.000000,828.266667,828.533333,828.800000,829.066667,829.333333,829.600000,829.866667,830.133333,830.400000,830.666667,830.933333,831.200000,831.466667,831.733333,832.000000,
14.280068,14.420093,14.560814,14.702467,14.845230,14.989231,15.134554,15.281251,15.429343,15.578824,15.729666,15.881820,16.035217,16.189774,16.345390,16.501949,16.659321,16.817362,16.975914,17.134809,17.293867,17.452896,17.611699,17.770073,17.927813,18.084717,18.240591,18.395256,18.548560,18.700383,18.850659,
-13.083069,-13.153536,-13.222348,-13.288927,-13.352821,-13.413685,-13.471264,-13.525371,-13.575884,-13.622728,-13.665870,-13.705314,-13.741090,-13.773252,-13.801878,-13.827058,-13.848901,-13.867525,-13.883061,-13.895645,-13.905424,-13.912545,-13.917161,-13.919426,-13.919489,-13.917498,-13.913588,-13.907883,-13.900487,-13.891479,-13.880902,
825.0,0.233333
825.000000,825.233333,825.466667,825.700000,825.933333,826.166667,826.400000,826.633333,826.866667,827.100000,827.333333,827.566667,827.800000,828.033333,828.266667,828.500000,828.733333,828.966667,829.200000,829.433333,829.666667,829.900000,830.133333,830.366667,830.600000,830.833333,831.066667,831.300000,831.533333,831.766667,832.000000,
14.872376,14.998503,15.125040,15.252129,15.379879,15.508367,15.637649,15.767756,15.898700,16.030478,16.163070,16.296444,16.430554,16.565345,16.700751,16.836695,16.973092,17.109850,17.246868,17.384039,17.521250,17.658383,17.795318,17.931932,18.068104,18.203714,18.338653,18.472816,18.606120,18.738498,18.869914,
-13.361199,-13.414391,-13.466263,-13.516342,-13.564252,-13.609704,-13.652478,-13.692413,-13.729401,-13.763376,-13.794307,-13.822194,-13.847064,-13.868964,-13.887957,-13.904124,-13.917556,-13.928355,-13.936630,-13.942496,-13.946072,-13.947479,-13.946837,-13.944268,-13.939886,-13.933802,-13.926117,-13.916920,-13.906286,-13.894270,-13.880900,
826.0,0.200000
826.000000,826.200000,826.400000,826.600000,826.800000,827.000000,827.200000,827.400000,827.600000,827.800000,828.000000,828.200000,828.400000,828.600000,828.800000,829.000000,829.200000,829.400000,829.600000,829.800000,830.000000,830.200000,830.400000,830.600000,830.800000,831.000000,831.200000,831.400000,831.600000,831.800000,832.000000,
15.477038,15.587928,15.699037,15.810440,15.922195,16.034341,16.146905,16.259901,16.373331,16.487188,16.601455,16.716111,16.831123,16.946457,17.062070,17.177916,17.293945,17.410101,17.526328,17.642565,17.758752,17.874824,17.990719,18.106374,18.221727,18.336720,18.451300,18.565417,18.679033,18.792117,18.904652,
-13.594376,-13.631860,-13.668378,-13.703569,-13.737145,-13.768873,-13.798573,-13.826111,-13.851388,-13.874340,-13.894931,-13.913149,-13.929003,-13.942519,-13.953739,-13.962717,-13.969516,-13.974209,-13.976874,-13.977595,-13.976458,-13.973552,-13.968963,-13.962779,-13.955082,-13.945951,-13.935456,-13.923660,-13.910613,-13.896352,-13.880898,
833.0,0.700000
833.000000,833.700000,834.400000,835.100000,835.800000,836.500000,837.200000,837.900000,838.600000,839.300000,840.000000,840.700000,841.400000,842.100000,842.800000,843.500000,844.200000,844.900000,845.600000,846.300000,847.000000,847.700000,848.400000,849.100000,849.800000,850.500000,851.200000,851.900000,852.600000,853.300000,854.000000,
19.870218,20.252705,20.633114,21.010868,21.385545,21.756814,22.124404,22.488077,22.847623,23.202851,23.553597,23.899728,24.241149,24.577811,24.909736,25.237010,25.559794,25.878350,26.193016,26.504197,26.812377,27.118063,27.421751,27.723871,28.024760,28.324595,28.623300,28.920601,29.216032,29.508900,29.798654,
-13.687949,-13.569034,-13.443756,-13.310885,-13.169835,-13.020402,-12.862607,-12.696590,-12.522542,-12.340667,-12.151159,-11.954167,-11.749795,-11.538083,-11.318982,-11.092355,-10.857976,-10.615487,-10.364437,-10.104287,-9.834406,-9.554131,-9.262831,-8.959974,-8.645183,-8.318332,-7.979702,-7.629893,-7.269812,-6.900735,-6.523659,
834.0,0.666667
834.000000,834.666667,835.333333,836.000000,836.666667,837.333333,838.000000,838.666667,839.333333,840.000000,840.666667,841.333333,842.000000,842.666667,843.333333,844.000000,844.666667,845.333333,846.000000,846.666667,847.333333,848.000000,848.666667,849.333333,850.000000,850.666667,851.333333,852.000000,852.666667,853.333333,854.000000,
20.336210,20.696493,21.054678,21.410191,21.762626,22.111678,22.457110,22.798732,23.136389,23.469956,23.799342,24.124502,24.445431,24.762182,25.074882,25.383723,25.688967,25.990968,26.290137,26.586926,26.881825,27.175305,27.467773,27.759502,28.050603,28.340969,28.630157,28.917486,29.202075,29.482838,29.758961,
-13.542260,-13.420782,-13.293576,-13.159520,-13.018086,-12.869104,-12.712616,-12.548779,-12.377790,-12.199856,-12.015160,-11.823830,-11.625931,-11.421450,-11.210260,-10.992133,-10.766732,-10.533573,-10.292062,-10.041515,-9.781145,-9.510137,-9.227712,-8.933197,-8.626093,-8.306170,-7.973632,-7.629030,-7.273250,-6.907579,-6.533028,
835.0,0.633333
835.000000,835.633333,836.266667,836.900000,837.533333,838.166667,838.800000,839.433333,840.066667,840.700000,841.333333,841.966667,842.600000,843.233333,843.866667,844.500000,845.133333,845.766667,846.400000,847.033333,847.666667,848.300000,848.933333,849.566667,850.200000,850.833333,851.466667,852.100000,852.733333,853.366667,854.000000,
20.797025,21.135303,21.471444,21.804890,22.135262,22.462306,22.785848,23.105775,23.422020,23.734560,24.043411,24.348644,24.650372,24.948763,25.244049,25.536513,25.826482,26.114333,26.400460,26.685248,26.969048,27.252143,27.534707,27.816742,28.098078,28.378338,28.656869,28.932830,29.205257,29.473095,29.735588,
-13.385483,-13.262057,-13.133672,-12.999313,-12.858483,-12.710999,-12.556866,-12.396187,-12.229094,-12.055719,-11.876163,-11.690455,-11.498556,-11.300342,-11.095574,-10.883916,-10.664935,-10.438081,-10.202726,-9.958192,-9.703762,-9.438742,-9.162507,-8.874587,-8.574689,-8.262774,-7.939172,-7.604501,-7.259629,-6.905697,-6.543575,
836.0,0.600000
836.000000,836.600000,837.200000,837.800000,838.400000,839.000000,839.600000,840.200000,840.800000,841.400000,842.000000,842.600000,843.200000,843.800000,844.400000,845.000000,845.600000,846.200000,846.800000,847.400000,848.000000,848.600000,849.200000,849.800000,850.400000,851.000000,851.600000,852.200000,852.800000,853.400000,854.000000,
21.252450,21.569151,21.883711,22.195599,22.504485,22.810177,23.112574,23.411646,23.707417,23.999952,24.289361,24.575795,24.859447,25.140542,25.419351,25.696170,25.971314,26.245108,26.517866,26.789876,27.061368,27.332494,27.603296,27.873649,28.143262,28.411644,28.678047,28.941555,29.201147,29.455751,29.704612,
-13.217500,-13.092935,-12.964137,-12.830190,-12.690616,-12.545204,-12.393909,-12.236766,-12.073839,-11.905182,-11.730820,-11.550707,-11.364731,-11.172704,-10.974331,-10.769235,-10.556957,-10.336945,-10.108589,-9.871238,-9.624219,-9.366881,-9.098647,-8.819074,-8.527890,-8.225058,-7.910885,-7.585940,-7.251024,-6.907175,-6.555182,
837.0,0.566667
837.000000,837.566667,838.133333,838.700000,839.266667,839.833333,840.400000,840.966667,841.533333,842.100000,842.666667,843.233333,843.800000,844.366667,844.933333,845.500000,846.066667,846.633333,847.200000,847.766667,848.333333,848.900000,849.466667,850.033333,850.600000,851.166667,851.733333,852.300000,852.866667,853.433333,854.000000,
21.702284,21.997878,22.291393,22.582347,22.870475,23.155660,23.437886,23.717208,23.993737,24.267623,24.539049,24.808225,25.075383,25.340771,25.604647,25.867273,26.128903,26.389780,26.650114,26.910072,27.169748,27.429151,27.688179,27.946574,28.203931,28.459687,28.713083,28.963243,29.209244,29.450168,29.685391,
-13.038221,-12.913246,-12.784742,-12.651878,-12.514167,-12.371341,-12.223268,-12.069884,-11.911147,-11.747011,-11.577402,-11.402192,-11.221202,-11.034191,-10.840843,-10.640782,-10.433573,-10.218724,-9.995706,-9.763978,-9.523007,-9.272302,-9.011455,-8.740199,-8.458428,-8.166231,-7.863976,-7.552232,-7.231729,-6.903343,-6.567719,
838.0,0.533333
838.000000,838.533333,839.066667,839.600000,840.133333,840.666667,841.200000,841.733333,842.266667,842.800000,843.333333,843.866667,844.400000,844.933333,845.466667,846.000000,846.533333,847.066667,847.600000,848.133333,848.666667,849.200000,849.733333,850.266667,850.800000,851.333333,851.866667,852.400000,852.933333,853.466667,854.000000,
22.146339,22.421513,22.695030,22.966516,23.235775,23.502733,23.767398,24.029831,24.290131,24.548417,24.804830,25.059523,25.312659,25.564410,25.814956,26.064475,26.313138,26.561096,26.808471,27.055341,27.301715,27.547534,27.792647,28.036783,28.279565,28.520498,28.758949,28.994208,29.225539,29.452231,29.673803,
-12.847583,-12.722800,-12.594910,-12.463112,-12.326899,-12.185952,-12.040073,-11.889140,-11.733059,-11.571744,-11.405100,-11.232998,-11.055270,-10.871707,-10.682042,-10.485962,-10.283115,-10.073110,-9.855540,-9.629997,-9.396098,-9.153505,-8.901956,-8.641306,-8.371541,-8.092800,-7.805436,-7.509948,-7.206950,-6.897145,-6.581043,
839.0,0.500000
839.000000,839.500000,840.000000,840.500000,841.000000,841.500000,842.000000,842.500000,843.000000,843.500000,844.000000,844.500000,845.000000,845.500000,846.000000,846.500000,847.000000,847.500000,848.000000,848.500000,849.000000,849.500000,850.000000,850.500000,851.000000,851.500000,852.000000,852.500000,853.000000,853.500000,854.000000,
23.016422,23.267967,23.517725,23.765247,24.010267,24.252646,24.492339,24.729363,24.963784,25.195700,25.425236,25.652538,25.877764,26.101086,26.322683,26.542741,26.761442,26.978968,27.195488,27.411159,27.626115,27.840468,28.054296,28.267642,28.480511,28.692865,28.904622,29.115666,29.325861,29.535059,29.743155,
-12.432117,-12.301556,-12.168503,-12.032292,-11.892489,-11.748817,-11.601099,-11.449225,-11.293113,-11.132696,-10.967908,-10.798668,-10.624877,-10.446420,-10.263158,-10.074939,-9.881601,-9.682980,-9.478921,-9.269288,-9.053979,-8.832938,-8.606163,-8.373729,-8.135784,-7.892553,-7.644354,-7.391559,-7.134566,-6.873769,-6.609437,
840.0,0.466667
840.000000,840.466667,840.933333,841.400000,841.866667,842.333333,842.800000,843.266667,843.733333,844.200000,844.666667,845.133333,845.600000,846.066667,846.533333,847.000000,847.466667,847.933333,848.400000,848.866667,849.333333,849.800000,850.266667,850.733333,851.200000,851.666667,852.133333,852.600000,853.066667,853.533333,854.000000,
23.442137,23.674107,23.904447,24.132751,24.358782,24.582431,24.803676,25.022562,25.239179,25.453650,25.666124,25.876765,26.085753,26.293270,26.499503,26.704637,26.908848,27.112302,27.315144,27.517497,27.719455,27.921073,28.122371,28.323319,28.523840,28.723816,28.923075,29.121418,29.318632,29.514511,29.708914,
-12.207298,-12.079064,-11.948860,-11.816111,-11.680415,-11.541486,-11.399118,-11.253153,-11.103461,-10.949922,-10.792420,-10.630827,-10.465006,-10.294804,-10.120057,-9.940587,-9.756215,-9.566762,-9.372062,-9.171967,-8.966368,-8.755195,-8.538435,-8.316145,-8.088452,-7.855556,-7.617744,-7.375353,-7.128743,-6.878273,-6.624183,
841.0,0.433333
841.000000,841.433333,841.866667,842.300000,842.733333,843.166667,843.600000,844.033333,844.466667,844.900000,845.333333,845.766667,846.200000,846.633333,847.066667,847.500000,847.933333,848.366667,848.800000,849.233333,849.666667,850.100000,850.533333,850.966667,851.400000,851.833333,852.266667,852.700000,853.133333,853.566667,854.000000,
23.861451,24.074378,24.285876,24.495590,24.703318,24.908975,25.112559,25.314128,25.513785,25.711664,25.907922,26.102727,26.296258,26.488694,26.680210,26.870976,27.061146,27.250857,27.440220,27.629320,27.818204,28.006881,28.195320,28.383439,28.571112,28.758170,28.944402,29.129572,29.313443,29.495793,29.676479,
-11.971140,-11.846016,-11.719363,-11.590688,-11.459619,-11.325864,-11.189188,-11.049392,-10.906301,-10.759749,-10.609573,-10.455608,-10.297682,-10.135619,-9.969236,-9.798347,-9.622769,-9.442329,-9.256868,-9.066252,-8.870383,-8.669204,-8.462712,-8.250968,-8.034094,-7.812279,-7.585783,-7.354908,-7.119975,-6.881293,-6.639071,
842.0,0.400000
842.000000,842.400000,842.800000,843.200000,843.600000,844.000000,844.400000,844.800000,845.200000,845.600000,846.000000,846.400000,846.800000,847.200000,847.600000,848.000000,848.400000,848.800000,849.200000,849.600000,850.000000,850.400000,850.800000,851.200000,851.600000,852.000000,852.400000,852.800000,853.200000,853.600000,854.000000,
24.274242,24.468704,24.662042,24.853974,25.044346,25.233097,25.420238,25.605828,25.789963,25.972763,26.154364,26.334910,26.514546,26.693414,26.871644,27.049356,27.226651,27.403609,27.580284,27.756704,27.932865,28.108729,28.284228,28.459255,28.633673,28.807314,28.979987,29.151490,29.321625,29.490219,29.657162,
-11.723716,-11.602421,-11.479853,-11.355565,-11.229194,-11.100440,-10.969046,-10.834790,-10.697468,-10.556894,-10.412890,-10.265286,-10.113916,-9.958620,-9.799245,-9.635647,-9.467694,-9.295272,-9.118288,-8.936677,-8.750407,-8.559483,-8.363954,-8.163917,-7.959515,-7.750937,-7.538417,-7.322212,-7.102583,-6.879772,-6.653935,
843.0,0.366667
843.000000,843.366667,843.733333,844.100000,844.466667,844.833333,845.200000,845.566667,845.933333,846.300000,846.666667,847.033333,847.400000,847.766667,848.133333,848.500000,848.866667,849.233333,849.600000,849.966667,850.333333,850.700000,851.066667,851.433333,851.800000,852.166667,852.533333,852.900000,853.266667,853.633333,854.000000,
24.680405,24.856896,25.032537,25.207112,25.380501,25.552660,25.723597,25.893363,26.062037,26.229716,26.396511,26.562538,26.727911,26.892740,27.057123,27.221149,27.384884,27.548376,27.711648,27.874700,28.037499,28.199985,28.362069,28.523628,28.684517,28.844565,29.003584,29.161381,29.317774,29.472605,29.625777,
-11.465121,-11.348484,-11.230812,-11.111713,-10.990852,-10.867938,-10.742712,-10.614943,-10.484415,-10.350929,-10.214297,-10.074341,-9.930892,-9.783791,-9.632891,-9.478055,-9.319166,-9.156126,-8.988857,-8.817312,-8.641474,-8.461361,-8.277027,-8.088570,-7.896124,-7.699861,-7.499984,-7.296717,-7.090278,-6.880865,-6.668607,
844.0,0.333333
844.000000,844.333333,844.666667,845.000000,845.333333,845.666667,846.000000,846.333333,846.666667,847.000000,847.333333,847.666667,848.000000,848.333333,848.666667,849.000000,849.333333,849.666667,850.000000,850.333333,850.666667,851.000000,851.333333,851.666667,852.000000,852.333333,852.666667,853.000000,853.333333,853.666667,854.000000,
25.079846,25.238905,25.397442,25.555322,25.712468,25.868849,26.024468,26.179352,26.333549,26.487116,26.640117,26.792616,26.944677,27.096358,27.247705,27.398756,27.549532,27.700041,27.850268,28.000183,28.149733,28.298843,28.447418,28.595341,28.742480,28.888686,29.033802,29.177670,29.320145,29.461106,29.600479,
-11.195480,-11.084252,-10.972071,-10.858569,-10.743426,-10.626362,-10.507133,-10.385518,-10.261317,-10.134351,-10.004454,-9.871472,-9.735270,-9.595720,-9.452713,-9.306152,-9.155961,-9.002078,-8.844466,-8.683109,-8.518019,-8.349234,-8.176821,-8.000877,-7.821526,-7.638918,-7.453222,-7.264617,-7.073274,-6.879345,-6.682924,
845.0,0.300000
845.000000,845.300000,845.600000,845.900000,846.200000,846.500000,846.800000,847.100000,847.400000,847.700000,848.000000,848.300000,848.600000,848.900000,849.200000,849.500000,849.800000,850.100000,850.400000,850.700000,851.000000,851.300000,851.600000,851.900000,852.200000,852.500000,852.800000,853.100000,853.400000,853.700000,854.000000,
25.858275,25.997350,26.135806,26.273450,26.410155,26.545839,26.680458,26.814001,26.946480,27.077928,27.208392,27.337931,27.466612,27.594511,27.721704,27.848275,27.974306,28.099879,28.225077,28.349979,28.474664,28.599204,28.723671,28.848128,28.972636,29.097247,29.222007,29.346954,29.472118,29.597519,29.723166,
-10.623667,-10.515057,-10.405645,-10.295154,-10.183369,-10.070126,-9.955298,-9.838796,-9.720554,-9.600528,-9.478695,-9.355044,-9.229577,-9.102308,-8.973259,-8.842461,-8.709953,-8.575781,-8.439997,-8.302660,-8.163834,-8.023588,-7.881997,-7.739137,-7.595087,-7.449927,-7.303732,-7.156575,-7.008518,-6.859609,-6.709877,
846.0,0.266667
846.000000,846.266667,846.533333,846.800000,847.066667,847.333333,847.600000,847.866667,848.133333,848.400000,848.666667,848.933333,849.200000,849.466667,849.733333,850.000000,850.266667,850.533333,850.800000,851.066667,851.333333,851.600000,851.866667,852.133333,852.400000,852.666667,852.933333,853.200000,853.466667,853.733333,854.000000,
26.237153,26.359837,26.482102,26.603815,26.724882,26.845242,26.964859,27.083722,27.201835,27.319215,27.435892,27.551905,27.667297,27.782117,27.896419,28.010254,28.123678,28.236743,28.349503,28.462006,28.574299,28.686425,28.798422,28.910325,29.022162,29.133957,29.245730,29.357493,29.469256,29.581023,29.692796,
-10.321860,-10.220977,-10.119454,-10.017060,-9.913608,-9.808951,-9.702973,-9.595581,-9.486709,-9.376306,-9.264337,-9.150781,-9.035628,-8.918878,-8.800540,-8.680631,-8.559174,-8.436201,-8.311749,-8.185860,-8.058583,-7.929971,-7.800082,-7.668976,-7.536716,-7.403366,-7.268988,-7.133641,-6.997374,-6.860228,-6.722227,
847.0,0.233333
847.000000,847.233333,847.466667,847.700000,847.933333,848.166667,848.400000,848.633333,848.866667,849.100000,849.333333,849.566667,849.800000,850.033333,850.266667,850.500000,850.733333,850.966667,851.200000,851.433333,851.666667,851.900000,852.133333,852.366667,852.600000,852.833333,853.066667,853.300000,853.533333,853.766667,854.000000,
26.609091,26.715763,26.822210,26.928356,27.034144,27.139536,27.244504,27.349035,27.453123,27.556769,27.659983,27.762776,27.865165,27.967170,28.068810,28.170108,28.271084,28.371759,28.472155,28.572289,28.672179,28.771839,28.871281,28.970516,29.069551,29.168390,29.267036,29.365491,29.463753,29.561821,29.659693,
-10.009732,-9.917483,-9.824685,-9.731132,-9.636659,-9.541129,-9.444435,-9.346492,-9.247235,-9.146615,-9.044600,-8.941167,-8.836309,-8.730024,-8.622320,-8.513214,-8.402728,-8.290890,-8.177735,-8.063301,-7.947632,-7.830773,-7.712774,-7.593686,-7.473561,-7.352450,-7.230403,-7.107466,-6.983677,-6.859066,-6.733652,
848.0,0.200000
848.000000,848.200000,848.400000,848.600000,848.800000,849.000000,849.200000,849.400000,849.600000,849.800000,850.000000,850.200000,850.400000,850.600000,850.800000,851.000000,851.200000,851.400000,851.600000,851.800000,852.000000,852.200000,852.400000,852.600000,852.800000,853.000000,853.200000,853.400000,853.600000,853.800000,854.000000,
26.974073,27.065012,27.155869,27.246611,27.337214,27.427657,27.517922,27.607995,27.697867,27.787526,27.876967,27.966184,28.055172,28.143926,28.232443,28.320719,28.408750,28.496532,28.584060,28.671329,28.758334,28.845068,28.931522,29.017691,29.103565,29.189135,29.274394,29.359334,29.443947,29.528227,29.612172,
-9.687520,-9.604908,-9.521810,-9.438039,-9.353443,-9.267894,-9.181290,-9.093552,-9.004614,-8.914432,-8.822971,-8.730210,-8.636140,-8.540759,-8.444074,-8.346101,-8.246859,-8.146374,-8.044679,-7.941807,-7.837796,-7.732686,-7.626521,-7.519343,-7.411196,-7.302120,-7.192157,-7.081341,-6.969702,-6.857264,-6.744039,
855.0,1.400000
855.000000,856.400000,857.800000,859.200000,860.600000,862.000000,863.400000,864.800000,866.200000,867.600000,869.000000,870.400000,871.800000,873.200000,874.600000,876.000000,877.400000,878.800000,880.200000,881.600000,883.000000,884.400000,885.800000,887.200000,888.600000,890.000000,891.400000,892.800000,894.200000,895.600000,897.000000,
29.950026,30.531309,31.106847,31.673746,32.229636,32.773623,33.305562,33.826057,34.337209,34.841713,35.342550,35.842949,36.346115,36.854921,37.371294,37.896670,38.431994,38.977227,39.531979,40.095816,40.668508,41.250087,41.841167,42.443823,43.061258,43.698576,44.365403,45.072439,45.829042,46.639512,47.505794,
-6.381572,-5.561759,-4.699037,-3.792554,-2.844907,-1.860010,-0.842090,0.204992,1.278795,2.377419,3.499163,4.642376,5.805259,6.985521,8.179550,9.383310,10.592820,11.804682,13.016053,14.225149,15.432793,16.640763,17.851073,19.065486,20.285744,21.513777,22.752097,24.002991,25.267504,26.543199,27.827374,
856.0,1.366667
856.000000,857.366667,858.733333,860.100000,861.466667,862.833333,864.200000,865.566667,866.933333,868.300000,869.666667,871.033333,872.400000,873.766667,875.133333,876.500000,877.866667,879.233333,880.600000,881.966667,883.333333,884.700000,886.066667,887.433333,888.800000,890.166667,891.533333,892.900000,894.266667,895.633333,897.000000,
30.538889,31.089640,31.635128,32.173051,32.701623,33.220333,33.729332,34.229439,34.722764,35.211943,35.699850,36.189536,36.683992,37.185858,37.696801,38.217961,38.749912,39.292090,39.843457,40.402733,40.968395,41.539095,42.114257,42.695386,43.285526,43.890158,44.520376,45.189054,45.908678,46.688816,47.535864,
-5.562444,-4.729345,-3.856548,-2.943359,-1.992343,-1.007205,0.008088,1.049925,2.116012,3.204575,4.314044,5.442929,6.589621,7.752090,8.927176,10.111316,11.300888,12.492498,13.683023,14.869921,16.052061,17.228985,18.400797,19.568571,20.733961,21.899339,23.068624,24.245802,25.433513,26.630391,27.834395,
857.0,1.333333
857.000000,858.333333,859.666667,861.000000,862.333333,863.666667,865.000000,866.333333,867.666667,869.000000,870.333333,871.666667,873.000000,874.333333,875.666667,877.000000,878.333333,879.666667,881.000000,882.333333,883.666667,885.000000,886.333333,887.666667,889.000000,890.333333,891.666667,893.000000,894.333333,895.666667,897.000000,
30.824098,31.358215,31.887146,32.408925,32.922109,33.426395,33.922089,34.410102,34.892497,35.371807,35.850768,36.332246,36.819021,37.313515,37.817189,38.330978,38.855263,39.389349,39.932106,40.482239,41.038402,41.599539,42.165496,42.738420,43.322003,43.922095,44.549241,45.215155,45.930254,46.700021,47.527261,
-5.143579,-4.308529,-3.436082,-2.525570,-1.579460,-0.601264,0.405266,1.436711,2.490867,3.566020,4.660653,5.773328,6.902504,8.046250,9.201629,10.365327,11.533965,12.704339,13.873493,15.039011,16.199785,17.355394,18.506075,19.653299,20.799253,21.946962,23.101156,24.266562,25.446200,26.638154,27.839732,
858.0,1.300000
858.000000,859.300000,860.600000,861.900000,863.200000,864.500000,865.800000,867.100000,868.400000,869.700000,871.000000,872.300000,873.600000,874.900000,876.200000,877.500000,878.800000,880.100000,881.400000,882.700000,884.000000,885.300000,886.600000,887.900000,889.200000,890.500000,891.800000,893.100000,894.400000,895.700000,897.000000,
31.376816,31.877717,32.368536,32.848870,33.319316,33.781182,34.236103,34.685926,35.132777,35.578903,36.026622,36.478327,36.936374,37.402943,37.879741,38.368136,38.868984,39.382048,39.906654,40.441996,40.987317,41.542173,42.106953,42.684118,43.277341,43.891696,44.535011,45.215380,45.938886,46.705639,47.514167,
-4.289204,-3.456756,-2.601606,-1.721874,-0.817502,0.110684,1.061514,2.033730,3.026172,4.037734,5.067357,6.114082,7.176960,8.254981,9.346941,10.451494,11.567060,12.691557,13.822829,14.959011,16.099152,17.242784,18.389907,19.541370,20.698467,21.862920,23.037208,24.223655,25.423373,26.634189,27.853640,
859.0,1.266667
859.000000,860.266667,861.533333,862.800000,864.066667,865.333333,866.600000,867.866667,869.133333,870.400000,871.666667,872.933333,874.200000,875.466667,876.733333,878.000000,879.266667,880.533333,881.800000,883.066667,884.333333,885.600000,886.866667,888.133333,889.400000,890.666667,891.933333,893.200000,894.466667,895.733333,897.000000,
31.644652,32.134717,32.620722,33.101530,33.576471,34.045721,34.509898,34.970027,35.427823,35.885239,36.344209,36.806369,37.273171,37.745847,38.225194,38.711809,39.206163,39.708572,40.219238,40.738195,41.265123,41.799809,42.342693,42.895932,43.462905,44.048691,44.661906,45.311860,46.006263,46.747656,47.536548,
-3.854481,-3.014401,-2.141971,-1.236470,-0.300011,0.664386,1.653425,2.663952,3.693483,4.739734,5.800322,6.872372,7.952870,9.038905,10.127986,11.218020,12.307620,13.396962,14.486806,15.577975,16.670889,17.765812,18.862964,19.962609,21.065303,22.172392,23.287129,24.412972,25.552043,26.702517,27.862012,
860.0,1.233333
860.000000,861.233333,862.466667,863.700000,864.933333,866.166667,867.400000,868.633333,869.866667,871.100000,872.333333,873.566667,874.800000,876.033333,877.266667,878.500000,879.733333,880.966667,882.200000,883.433333,884.666667,885.900000,887.133333,888.366667,889.600000,890.833333,892.066667,893.300000,894.533333,895.766667,897.000000,
32.164160,32.624591,33.077122,33.521715,33.959197,34.390958,34.818650,35.244090,35.669276,36.096283,36.527195,36.964062,37.408835,37.863233,38.328424,38.805194,39.293811,39.793501,40.303068,40.821176,41.346542,41.878285,42.416585,42.964157,43.525171,44.105292,44.712852,45.356389,46.042350,46.771199,47.541687,
-2.971929,-2.138971,-1.286926,-0.414156,0.479383,1.392997,2.325694,3.276413,4.244186,5.228100,6.227304,7.241050,8.268613,9.309201,10.361838,11.425366,12.498316,13.578547,14.663676,15.751334,16.839432,17.926277,19.010987,20.094534,21.178894,22.266965,23.363187,24.471945,25.595924,26.733174,27.881030,
861.0,1.200000
861.000000,862.200000,863.400000,864.600000,865.800000,867.000000,868.200000,869.400000,870.600000,871.800000,873.000000,874.200000,875.400000,876.600000,877.800000,879.000000,880.200000,881.400000,882.600000,883.800000,885.000000,886.200000,887.400000,888.600000,889.800000,891.000000,892.200000,893.400000,894.600000,895.800000,897.000000,
32.416208,32.865878,33.312921,33.756817,34.197422,34.635188,35.070899,35.505626,35.940902,36.378402,36.819726,37.266125,37.718613,38.177893,38.644080,39.116988,39.596212,40.081054,40.570777,41.064837,41.563257,42.066665,42.576775,43.097651,43.634593,44.193924,44.783502,45.410854,46.081067,46.792918,47.543818,
-2.524877,-1.689256,-0.825929,0.065803,0.984099,1.926311,2.889539,3.870995,4.868458,5.879897,6.903226,7.936028,8.975755,10.019840,11.065796,12.111289,13.154333,14.193727,15.228727,16.259049,17.285199,18.308253,19.330037,20.353857,21.383700,22.423934,23.479278,24.553806,25.649493,26.763243,27.891430,
862.0,1.166667
862.000000,863.166667,864.333333,865.500000,866.666667,867.833333,869.000000,870.166667,871.333333,872.500000,873.666667,874.833333,876.000000,877.166667,878.333333,879.500000,880.666667,881.833333,883.000000,884.166667,885.333333,886.500000,887.666667,888.833333,890.000000,891.166667,892.333333,893.500000,894.666667,895.833333,897.000000,
32.905885,33.329512,33.747477,34.160059,34.568248,34.973463,35.377315,35.781512,36.187823,36.598002,37.013704,37.436342,37.867124,38.306955,38.756138,39.214666,39.682302,40.158503,40.642647,41.134203,41.632962,42.139131,42.653702,43.179360,43.719822,44.279873,44.866132,45.485271,46.142273,46.837537,47.570108,
-1.621126,-0.796634,0.043749,0.901503,1.776734,2.668926,3.577297,4.500970,5.439092,6.390795,7.355163,8.331158,9.317645,10.313354,11.316748,12.326250,13.340432,14.358314,15.379147,16.402349,17.427559,18.454581,19.483437,20.514575,21.548809,22.587510,23.633175,24.688324,25.754416,26.830034,27.913368,
863.0,1.133333
863.000000,864.133333,865.266667,866.400000,867.533333,868.666667,869.800000,870.933333,872.066667,873.200000,874.333333,875.466667,876.600000,877.733333,878.866667,880.000000,881.133333,882.266667,883.400000,884.533333,885.666667,886.800000,887.933333,889.066667,890.200000,891.333333,892.466667,893.600000,894.733333,895.866667,897.000000,
33.143929,33.554088,33.959326,34.359970,34.756996,35.151759,35.545792,35.940715,36.338203,36.739930,37.147500,37.562346,37.985736,38.418679,38.861657,39.314818,39.777946,40.250202,40.730546,41.218034,41.712175,42.213021,42.721604,43.241005,43.775393,44.329764,44.910209,45.522441,46.170085,46.851620,47.564529,
-1.165167,-0.349551,0.480736,1.327062,2.189496,3.067522,3.960381,4.867248,5.787381,6.720083,7.664705,8.620669,9.587400,10.564256,11.550422,12.544926,13.546570,14.553700,15.564517,16.577284,17.590587,18.603395,19.615387,20.627719,21.642354,22.661913,23.689944,24.729800,25.783405,26.849085,27.924641,
864.0,1.100000
864.000000,865.100000,866.200000,867.300000,868.400000,869.500000,870.600000,871.700000,872.800000,873.900000,875.000000,876.100000,877.200000,878.300000,879.400000,880.500000,881.600000,882.700000,883.800000,884.900000,886.000000,887.100000,888.200000,889.300000,890.400000,891.500000,892.600000,893.700000,894.800000,895.900000,897.000000,
33.607503,33.998346,34.385686,34.770036,35.152447,35.534272,35.916992,36.302130,36.691182,37.085577,37.486594,37.895189,38.312069,38.737622,39.171639,39.613619,40.062884,40.518592,40.979978,41.446644,41.919069,42.398379,42.886523,43.386928,43.903786,44.441793,45.006200,45.601804,46.231658,46.894735,47.589164,
-0.246871,0.561490,1.382950,2.218828,3.069267,3.933882,4.812049,5.703058,6.606207,7.520770,8.445955,9.380818,10.324290,11.275117,12.231707,13.192364,14.155458,15.119650,16.083892,17.047612,18.011183,18.975483,19.941764,20.911739,21.887341,22.870605,23.863624,24.868103,25.884691,26.911668,27.947129,
865.0,1.066667
865.000000,866.066667,867.133333,868.200000,869.266667,870.333333,871.400000,872.466667,873.533333,874.600000,875.666667,876.733333,877.800000,878.866667,879.933333,881.000000,882.066667,883.133333,884.200000,885.266667,886.333333,887.400000,888.466667,889.533333,890.600000,891.666667,892.733333,893.800000,894.866667,895.933333,897.000000,
33.833474,34.214652,34.596331,34.978833,35.362584,35.748215,36.136470,36.528181,36.924286,37.325711,37.733244,38.147330,38.568184,38.995774,39.429662,39.869220,40.313748,40.762536,41.215003,41.670898,42.130696,42.595488,43.067233,43.549491,44.046680,44.563814,45.106587,45.680282,46.288442,46.930562,47.605143,
0.214786,1.017489,1.839970,2.682972,3.545235,4.424793,5.319415,6.226908,7.145422,8.073257,9.008738,9.950122,10.895645,11.843579,12.792290,13.740269,14.686239,15.629380,16.569175,17.505425,18.438444,19.368933,20.298067,21.227860,22.160775,23.099582,24.047400,25.006974,25.979731,26.964094,27.958086,
866.0,1.033333
866.000000,867.033333,868.066667,869.100000,870.133333,871.166667,872.200000,873.233333,874.266667,875.300000,876.333333,877.366667,878.400000,879.433333,880.466667,881.500000,882.533333,883.566667,884.600000,885.633333,886.666667,887.700000,888.733333,889.766667,890.800000,891.833333,892.866667,893.900000,894.933333,895.966667,897.000000,
34.274913,34.639575,35.005993,35.374586,35.745703,36.119728,36.497066,36.878129,37.263328,37.653054,38.047659,38.447399,38.852471,39.263018,39.679092,40.100681,40.527680,40.959830,41.396884,41.838785,42.285948,42.739273,43.200426,43.672522,44.159466,44.665711,45.196313,45.755996,46.348044,46.972423,47.628169,
1.141513,1.933267,2.743350,3.572301,4.418656,5.280131,6.154102,7.037904,7.929111,8.825501,9.725135,10.626583,11.528759,12.430957,13.333070,14.235248,15.137697,16.040494,16.943646,17.847096,18.750705,19.654435,20.558586,21.464212,22.372796,23.286147,24.206473,25.135767,26.075071,27.023232,27.978807,
867.0,1.000000
867.000000,868.000000,869.000000,870.000000,871.000000,872.000000,873.000000,874.000000,875.000000,876.000000,877.000000,878.000000,879.000000,880.000000,881.000000,882.000000,883.000000,884.000000,885.000000,886.000000,887.000000,888.000000,889.000000,890.000000,891.000000,892.000000,893.000000,894.000000,895.000000,896.000000,897.000000,
34.703872,35.051288,35.398461,35.746154,36.095336,36.447054,36.802361,37.162251,37.527562,37.898996,38.277080,38.662034,39.053891,39.452531,39.857630,40.268771,40.685505,41.107402,41.534151,41.965735,42.402737,42.846274,43.298186,43.761600,44.240294,44.738402,45.260283,45.809803,46.389357,46.998168,47.634772,
2.070819,2.843783,3.626388,4.419702,5.223851,6.038494,6.863047,7.696797,8.538940,9.388617,10.244912,11.106828,11.973362,12.843579,13.716714,14.592101,15.469143,16.347323,17.226192,18.105401,18.984780,19.864390,20.744696,21.626941,22.512788,23.404178,24.303317,25.212128,26.131558,27.060401,27.997178,
868.0,0.966667
868.000000,868.966667,869.933333,870.900000,871.866667,872.833333,873.800000,874.766667,875.733333,876.700000,877.666667,878.633333,879.600000,880.566667,881.533333,882.500000,883.466667,884.433333,885.400000,886.366667,887.333333,888.300000,889.266667,890.233333,891.200000,892.166667,893.133333,894.100000,895.066667,896.033333,897.000000,
34.914246,35.253244,35.595245,35.940844,36.290418,36.644261,37.002619,37.365700,37.733662,38.106623,38.484648,38.867712,39.255742,39.648635,40.046257,40.448469,40.855147,41.266209,41.681702,42.101948,42.527822,42.960674,43.402474,43.856244,44.325512,44.813992,45.325354,45.862687,46.427679,47.019147,47.635423,
2.535763,3.297892,4.075139,4.868061,5.675491,6.495519,7.325922,8.164431,9.008991,9.857733,10.709034,11.561697,12.414815,13.267780,14.120428,14.972805,15.825031,16.677196,17.529389,18.381727,19.234391,20.087722,20.942382,21.799675,22.661241,23.528920,24.404703,25.290269,26.186377,27.091835,28.005227,
869.0,0.933333
869.000000,869.933333,870.866667,871.800000,872.733333,873.666667,874.600000,875.533333,876.466667,877.400000,878.333333,879.266667,880.200000,881.133333,882.066667,883.000000,883.933333,884.866667,885.800000,886.733333,887.666667,888.600000,889.533333,890.466667,891.400000,892.333333,893.266667,894.200000,895.133333,896.066667,897.000000,
35.327933,35.652271,35.977798,36.305335,36.635746,36.969896,37.308620,37.652684,38.002722,38.359246,38.722609,39.092901,39.470029,39.853720,40.243447,40.638584,41.038516,41.442761,41.851048,42.263494,42.680938,43.104771,43.536983,43.980492,44.438648,44.914919,45.412643,45.934610,46.482400,47.055204,47.651754,
3.465032,4.206141,4.954822,5.712033,6.477990,7.252549,8.035381,8.826077,9.624201,10.429291,11.240834,12.058225,12.880780,13.707708,14.538044,15.370755,16.204814,17.039283,17.873368,18.706525,19.538694,20.370170,21.201635,22.034355,22.869896,23.709954,24.556258,25.410240,26.272574,27.142390,28.018621,
870.0,0.900000
870.000000,870.900000,871.800000,872.700000,873.600000,874.500000,875.400000,876.300000,877.200000,878.100000,879.000000,879.900000,880.800000,881.700000,882.600000,883.500000,884.400000,885.300000,886.200000,887.100000,888.000000,888.900000,889.800000,890.700000,891.600000,892.500000,893.400000,894.300000,895.200000,896.100000,897.000000,
35.733718,36.048742,36.368023,36.692186,37.021456,37.355877,37.695399,38.039948,38.389466,38.743884,39.103092,39.466884,39.834985,40.207057,40.582669,40.961395,41.342911,41.727138,42.114261,42.504849,42.900138,43.301862,43.712284,44.134446,44.571728,45.027553,45.505110,46.007000,46.534660,47.087304,47.663725,
4.392104,5.119875,5.859323,6.610767,7.373101,8.144630,8.923440,9.707680,10.495873,11.286780,12.079367,12.872844,13.666555,14.459919,15.252393,16.043497,16.832856,17.620286,18.405774,19.189540,19.972172,20.754546,21.537848,22.323730,23.114048,23.910698,24.715449,25.529674,26.353908,27.187079,28.027953,
871.0,0.866667
871.000000,871.866667,872.733333,873.600000,874.466667,875.333333,876.200000,877.066667,877.933333,878.800000,879.666667,880.533333,881.400000,882.266667,883.133333,884.000000,884.866667,885.733333,886.600000,887.466667,888.333333,889.200000,890.066667,890.933333,891.800000,892.666667,893.533333,894.400000,895.266667,896.133333,897.000000,
36.133385,36.436850,36.743155,37.053149,37.367495,37.686714,38.011220,38.341311,38.677119,39.018650,39.365766,39.718127,40.075281,40.436709,40.801853,41.170197,41.541364,41.915273,42.292127,42.672507,43.057617,43.449112,43.849113,44.260379,44.685950,45.128888,45.592029,46.077708,46.587310,47.120449,47.676331,
5.315613,6.020848,6.732120,7.450243,8.175396,8.907410,9.645917,10.390419,11.140315,11.894928,12.653505,13.415186,14.179067,14.944246,15.709863,16.475138,17.239426,18.002337,18.763682,19.523513,20.282233,21.040506,21.799255,22.559757,23.323449,24.091783,24.866098,25.647424,26.436173,27.231602,28.032842,
872.0,0.833333
872.000000,872.833333,873.666667,874.500000,875.333333,876.166667,877.000000,877.833333,878.666667,879.500000,880.333333,881.166667,882.000000,882.833333,883.666667,884.500000,885.333333,886.166667,887.000000,887.833333,888.666667,889.500000,890.333333,891.166667,892.000000,892.833333,893.666667,894.500000,895.333333,896.166667,897.000000,
36.331468,36.625965,36.923364,37.224477,37.529912,37.840141,38.155536,38.476378,38.802830,39.134966,39.472754,39.816023,40.164511,40.517892,40.875780,41.237808,41.603707,41.973433,42.347176,42.725452,43.109308,43.500174,43.899844,44.310586,44.734839,45.174969,45.633007,46.110466,46.607987,47.124674,47.659442,
5.775698,6.460890,7.151294,7.847690,8.550329,9.259179,9.974052,10.694675,11.420728,12.151858,12.887662,13.627667,14.371346,15.118103,15.867254,16.618081,17.369891,18.122074,18.874140,19.625789,20.377057,21.128242,21.879916,22.633043,23.388787,24.148397,24.913119,25.683964,26.461397,27.244834,28.033554,
873.0,0.800000
873.000000,873.800000,874.600000,875.400000,876.200000,877.000000,877.800000,878.600000,879.400000,880.200000,881.000000,881.800000,882.600000,883.400000,884.200000,885.000000,885.800000,886.600000,887.400000,888.200000,889.000000,889.800000,890.600000,891.400000,892.200000,893.000000,893.800000,894.600000,895.400000,896.200000,897.000000,
36.725175,37.012263,37.304269,37.601872,37.905219,38.214174,38.528444,38.847668,39.171476,39.499490,39.831337,40.166645,40.505062,40.846273,41.190032,41.536194,41.884780,42.236087,42.590671,42.949389,43.313560,43.684821,44.065091,44.456624,44.861764,45.282718,45.721300,46.178820,46.655827,47.151599,47.665248,
6.692051,7.359262,8.034542,8.718320,9.409995,10.108483,10.812481,11.520677,12.231936,12.945266,13.659809,14.374888,15.089941,15.804499,16.518185,17.230708,17.941888,18.651714,19.360321,20.068014,20.775351,21.483073,22.192099,22.903569,23.618701,24.338668,25.064463,25.796787,26.535845,27.280987,28.031499,
874.0,0.766667
874.000000,874.766667,875.533333,876.300000,877.066667,877.833333,878.600000,879.366667,880.133333,880.900000,881.666667,882.433333,883.200000,883.966667,884.733333,885.500000,886.266667,887.033333,887.800000,888.566667,889.333333,890.100000,890.866667,891.633333,892.400000,893.166667,893.933333,894.700000,895.466667,896.233333,897.000000,
37.116940,37.394869,37.676418,37.962283,38.252795,38.548060,38.848043,39.152612,39.461555,39.774616,40.091514,40.411960,40.735681,41.062451,41.392128,41.724675,42.060204,42.399073,42.741857,43.089397,43.442918,43.803907,44.174064,44.555320,44.949635,45.358796,45.784177,46.226686,46.686573,47.163052,47.655259,
7.602932,8.245892,8.892972,9.544703,10.201132,10.862033,11.527019,12.195616,12.867312,13.541584,14.217926,14.895881,15.575030,16.254999,16.935465,17.616163,18.296896,18.977567,19.658194,20.338942,21.020212,21.702576,22.386773,23.073749,23.764515,24.460045,25.161140,25.868342,26.581775,27.300849,28.024936,
875.0,0.733333
875.000000,875.733333,876.466667,877.200000,877.933333,878.666667,879.400000,880.133333,880.866667,881.600000,882.333333,883.066667,883.800000,884.533333,885.266667,886.000000,886.733333,887.466667,888.200000,888.933333,889.666667,890.400000,891.133333,891.866667,892.600000,893.333333,894.066667,894.800000,895.533333,896.266667,897.000000,
37.508273,37.779541,38.055712,38.337381,38.624553,38.916900,39.213911,39.514993,39.819553,40.127020,40.436878,40.748710,41.062197,41.377137,41.693496,42.011402,42.331169,42.653377,42.978831,43.308575,43.643973,43.986598,44.338182,44.700608,45.075742,45.465272,45.870493,46.292270,46.730898,47.185798,47.656299,
8.508183,9.130580,9.759197,10.394368,11.035565,11.681822,12.331951,12.984719,13.639000,14.293778,14.948184,15.601572,16.253455,16.903504,17.551573,18.197658,18.841884,19.484543,20.126055,20.766975,21.408028,22.050060,22.694012,23.340924,23.991837,24.647693,25.309204,25.976812,26.650565,27.329894,28.014212,
876.0,0.700000
876.000000,876.700000,877.400000,878.100000,878.800000,879.500000,880.200000,880.900000,881.600000,882.300000,883.000000,883.700000,884.400000,885.100000,885.800000,886.500000,887.200000,887.900000,888.600000,889.300000,890.000000,890.700000,891.400000,892.100000,892.800000,893.500000,894.200000,894.900000,895.600000,896.300000,897.000000,
37.900576,38.163439,38.429679,38.699802,38.973923,39.251926,39.533559,39.818508,40.106448,40.397064,40.690083,40.985306,41.282610,41.581962,41.883462,42.187333,42.493948,42.803890,43.117919,43.436987,43.762291,44.095184,44.437122,44.789627,45.154164,45.531999,45.924007,46.330672,46.752001,47.187309,47.635912,
9.407980,10.004890,10.604567,11.207250,11.812805,12.420888,13.031050,13.642806,14.255702,14.869329,15.483340,16.097487,16.711593,17.325546,17.939303,18.552880,19.166364,19.779929,20.393844,21.008484,21.624387,22.242199,22.862661,23.486608,24.114878,24.748220,25.387177,26.032055,26.682822,27.338941,27.999880,
877.0,0.666667
877.000000,877.666667,878.333333,879.000000,879.666667,880.333333,881.000000,881.666667,882.333333,883.000000,883.666667,884.333333,885.000000,885.666667,886.333333,887.000000,887.666667,888.333333,889.000000,889.666667,890.333333,891.000000,891.666667,892.333333,893.000000,893.666667,894.333333,895.000000,895.666667,896.333333,897.000000,
38.295125,38.550614,38.809282,39.071577,39.337557,39.607049,39.879741,40.155260,40.433224,40.713269,40.995082,41.278441,41.563221,41.849413,42.137175,42.426812,42.718798,43.013826,43.312763,43.616643,43.926697,44.244268,44.570746,44.907522,45.255884,45.616899,45.991237,46.379206,46.780698,47.195051,47.621638,
10.302818,10.875770,11.451198,12.029288,12.609866,13.192551,13.776845,14.362205,14.948100,15.534031,16.119559,16.704347,17.288144,17.870803,18.452306,19.032750,19.612351,20.191478,20.770620,21.350389,21.931536,22.514902,23.101374,23.691866,24.287238,24.888205,25.495217,26.108465,26.727826,27.352740,27.982689,
878.0,0.633333
878.000000,878.633333,879.266667,879.900000,880.533333,881.166667,881.800000,882.433333,883.066667,883.700000,884.333333,884.966667,885.600000,886.233333,886.866667,887.500000,888.133333,888.766667,889.400000,890.033333,890.666667,891.300000,891.933333,892.566667,893.200000,893.833333,894.466667,895.100000,895.733333,896.366667,897.000000,
38.493603,38.740000,38.989352,39.242199,39.498748,39.758999,40.022824,40.290023,40.560363,40.833607,41.109533,41.387965,41.668784,41.951948,42.237534,42.525726,42.816841,43.111362,43.409911,43.713237,44.022238,44.337895,44.661222,44.993231,45.334851,45.686840,46.049657,46.423489,46.808204,47.203263,47.608166,
10.748610,11.297620,11.849112,12.403516,12.960969,13.521420,14.084693,14.650533,15.218633,15.788651,16.360227,16.932992,17.506588,18.080682,18.654994,19.229300,19.803458,20.377441,20.951324,21.525293,22.099677,22.674908,23.251503,23.830066,24.411220,24.995535,25.583457,26.175274,26.771043,27.370486,27.973303,
879.0,0.600000
879.000000,879.600000,880.200000,880.800000,881.400000,882.000000,882.600000,883.200000,883.800000,884.400000,885.000000,885.600000,886.200000,886.800000,887.400000,888.000000,888.600000,889.200000,889.800000,890.400000,891.000000,891.600000,892.200000,892.800000,893.400000,894.000000,894.600000,895.200000,895.800000,896.400000,897.000000,
38.893619,39.131932,39.372749,39.616504,39.863338,40.113207,40.365960,40.621385,40.879263,41.139386,41.401585,41.665765,41.931909,42.200094,42.470526,42.743524,43.019525,43.299109,43.582963,43.871861,44.166663,44.468258,44.777519,45.095243,45.422108,45.758603,46.104922,46.461014,46.826585,47.201051,47.583923,
11.637547,12.161116,12.686740,13.214712,13.745053,14.277612,14.812129,15.348282,15.885722,16.424096,16.963069,17.502352,18.041706,18.580962,19.120042,19.658960,20.197817,20.736833,21.276319,21.816673,22.358385,22.902002,23.448096,23.997242,24.549969,25.106709,25.667723,26.233109,26.802772,27.376372,27.953595,
880.0,0.566667
880.000000,880.566667,881.133333,881.700000,882.266667,882.833333,883.400000,883.966667,884.533333,885.100000,885.666667,886.233333,886.800000,887.366667,887.933333,888.500000,889.066667,889.633333,890.200000,890.766667,891.333333,891.900000,892.466667,893.033333,893.600000,894.166667,894.733333,895.300000,895.866667,896.433333,897.000000,
39.298470,39.528207,39.760023,39.994302,40.231183,40.470651,40.712599,40.956872,41.203308,41.451755,41.702100,41.954294,42.208353,42.464377,42.722575,42.983249,43.246803,43.513754,43.784708,44.060342,44.341401,44.628651,44.922840,45.224654,45.534675,45.853329,46.180806,46.517095,46.861993,47.215075,47.575979,
12.523918,13.021365,13.520589,14.021851,14.525178,15.030440,15.537411,16.045803,16.555302,17.065585,17.576344,18.087306,18.598238,19.108966,19.619394,20.129501,20.639346,21.149091,21.658983,22.169347,22.680600,23.193216,23.707694,24.224541,24.744229,25.267146,25.793536,26.323505,26.857000,27.393772,27.933588,
881.0,0.533333
881.000000,881.533333,882.066667,882.600000,883.133333,883.666667,884.200000,884.733333,885.266667,885.800000,886.333333,886.866667,887.400000,887.933333,888.466667,889.000000,889.533333,890.066667,890.600000,891.133333,891.666667,892.200000,892.733333,893.266667,893.800000,894.333333,894.866667,895.400000,895.933333,896.466667,897.000000,
39.708941,39.929333,40.151144,40.374650,40.599964,40.827099,41.056012,41.286635,41.518914,41.752817,41.988356,42.225607,42.464710,42.705877,42.949408,43.195675,43.445123,43.698273,43.955696,44.217996,44.485795,44.759701,45.040277,45.327993,45.623214,45.926159,46.236844,46.555128,46.880729,47.213224,47.552279,
13.409021,13.879432,14.350908,14.823570,15.297385,15.772219,16.247884,16.724164,17.200848,17.677742,18.154683,18.631563,19.108326,19.584975,20.061585,20.538298,21.015319,21.492926,21.971450,22.451268,22.932800,23.416479,23.902734,24.391958,24.884491,25.380585,25.880357,26.383807,26.890812,27.401113,27.914488,
882.0,0.500000
882.000000,882.500000,883.000000,883.500000,884.000000,884.500000,885.000000,885.500000,886.000000,886.500000,887.000000,887.500000,888.000000,888.500000,889.000000,889.500000,890.000000,890.500000,891.000000,891.500000,892.000000,892.500000,893.000000,893.500000,894.000000,894.500000,895.000000,895.500000,896.000000,896.500000,897.000000,
40.125665,40.336185,40.547744,40.760577,40.974805,41.190483,41.407629,41.626244,41.846341,42.067952,42.291142,42.516026,42.742767,42.971583,43.202756,43.436625,43.673578,43.914058,44.158544,44.407534,44.661534,44.921037,45.186490,45.458271,45.736667,46.021854,46.313850,46.612556,46.917767,47.229175,47.546542,
14.294256,14.737367,15.181325,15.626237,16.072084,16.518770,16.966148,17.414049,17.862303,18.310749,18.759253,19.207718,19.656089,20.104356,20.552568,21.000824,21.449279,21.898141,22.347669,22.798159,23.249942,23.703366,24.158773,24.616485,25.076778,25.539858,26.005828,26.474701,26.946394,27.420724,27.897534,
883.0,0.466667
883.000000,883.466667,883.933333,884.400000,884.866667,885.333333,885.800000,886.266667,886.733333,887.200000,887.666667,888.133333,888.600000,889.066667,889.533333,890.000000,890.466667,890.933333,891.400000,891.866667,892.333333,892.800000,893.266667,893.733333,894.200000,894.666667,895.133333,895.600000,896.066667,896.533333,897.000000,
40.549135,40.748925,40.949158,41.149978,41.351503,41.553840,41.757094,41.961379,42.166828,42.373595,42.581865,42.791857,43.003825,43.218055,43.434876,43.654643,43.877736,44.104559,44.335521,44.571024,44.811452,45.057152,45.308419,45.565465,45.828421,46.097318,46.372067,46.652485,46.938325,47.229287,47.525152,
15.181045,15.596060,16.011151,16.426299,16.841465,17.256606,17.671677,18.086646,18.501498,18.916240,19.330906,19.745560,20.160304,20.575268,20.990623,21.406574,21.823354,22.241227,22.660481,23.081411,23.504321,23.929502,24.357223,24.787712,25.221143,25.657623,26.097168,26.539719,26.985151,27.433273,27.883936,
884.0,0.433333
884.000000,884.433333,884.866667,885.300000,885.733333,886.166667,886.600000,887.033333,887.466667,887.900000,888.333333,888.766667,889.200000,889.633333,890.066667,890.500000,890.933333,891.366667,891.800000,892.233333,892.666667,893.100000,893.533333,893.966667,894.400000,894.833333,895.266667,895.700000,896.133333,896.566667,897.000000,
40.979703,41.168322,41.357215,41.546507,41.736327,41.926807,42.118085,42.310314,42.503659,42.698307,42.894460,43.092345,43.292210,43.494323,43.698971,43.906459,44.117102,44.331220,44.549130,44.771140,44.997531,45.228555,45.464420,45.705271,45.951195,46.202207,46.458239,46.719167,46.984819,47.254997,47.529556,
16.070736,16.457727,16.844742,17.231772,17.618798,18.005800,18.392764,18.779681,19.166559,19.553417,19.940294,20.327250,20.714365,21.101740,21.489500,21.877790,22.266772,22.656625,23.047539,23.439709,23.833330,24.228585,24.625643,25.024641,25.425682,25.828827,26.234080,26.641397,27.050699,27.461867,27.874808,
885.0,0.400000
885.000000,885.400000,885.800000,886.200000,886.600000,887.000000,887.400000,887.800000,888.200000,888.600000,889.000000,889.400000,889.800000,890.200000,890.600000,891.000000,891.400000,891.800000,892.200000,892.600000,893.000000,893.400000,893.800000,894.200000,894.600000,895.000000,895.400000,895.800000,896.200000,896.600000,897.000000,
41.417595,41.594392,41.771339,41.948544,42.126132,42.304245,42.483038,42.662681,42.843358,43.025268,43.208624,43.393655,43.580600,43.769711,43.961250,44.155487,44.352690,44.553126,44.757052,44.964708,45.176310,45.392041,45.612044,45.836413,46.065190,46.298362,46.535856,46.777555,47.023314,47.272972,47.526417,
16.964506,17.323064,17.681511,18.039812,18.397941,18.755885,19.113641,19.471220,19.828650,20.185971,20.543240,20.900535,21.257950,21.615597,21.973606,22.332125,22.691313,23.051342,23.412389,23.774634,24.138248,24.503393,24.870211,25.238817,25.609293,25.981682,26.355982,26.732151,27.110120,27.489791,27.871091,
886.0,0.366667
886.000000,886.366667,886.733333,887.100000,887.466667,887.833333,888.200000,888.566667,888.933333,889.300000,889.666667,890.033333,890.400000,890.766667,891.133333,891.500000,891.866667,892.233333,892.600000,892.966667,893.333333,893.700000,894.066667,894.433333,894.800000,895.166667,895.533333,895.900000,896.266667,896.633333,897.000000,
41.862924,42.027263,42.191610,42.356051,42.520711,42.685746,42.851335,43.017676,43.184983,43.353481,43.523402,43.694986,43.868476,44.044114,44.222142,44.402795,44.586300,44.772868,44.962693,45.155949,45.352778,45.553291,45.757562,45.965623,46.177465,46.393037,46.612245,46.834968,47.061071,47.290419,47.522921,
17.863233,18.192891,18.522114,18.850807,19.178940,19.506526,19.833615,20.160286,20.486640,20.812799,21.138897,21.465081,21.791508,22.118342,22.445752,22.773911,23.102989,23.433158,23.764581,24.097411,24.431787,24.767831,25.105640,25.445281,25.786793,26.130182,26.475418,26.822442,27.171179,27.521542,27.873466,
887.0,0.333333
887.000000,887.333333,887.666667,888.000000,888.333333,888.666667,889.000000,889.333333,889.666667,890.000000,890.333333,890.666667,891.000000,891.333333,891.666667,892.000000,892.333333,892.666667,893.000000,893.333333,893.666667,894.000000,894.333333,894.666667,895.000000,895.333333,895.666667,896.000000,896.333333,896.666667,897.000000,
42.315705,42.467173,42.618696,42.770372,42.922329,43.074720,43.227717,43.381509,43.536294,43.692276,43.849665,44.008670,44.169501,44.332361,44.497447,44.664945,44.835029,45.007855,45.183563,45.362267,45.544058,45.728999,45.917124,46.108435,46.302904,46.500476,46.701066,46.904576,47.110902,47.319944,47.531638,
18.767367,19.067983,19.368137,19.667733,19.966735,20.265162,20.563070,20.860546,21.157702,21.454667,21.751583,22.048602,22.345881,22.643581,22.941860,23.240875,23.540777,23.841708,24.143799,24.447168,24.751914,25.058121,25.365849,25.675135,25.985992,26.298410,26.612355,26.927774,27.244607,27.562787,27.882269,
888.0,0.300000
888.000000,888.300000,888.600000,888.900000,889.200000,889.500000,889.800000,890.100000,890.400000,890.700000,891.000000,891.300000,891.600000,891.900000,892.200000,892.500000,892.800000,893.100000,893.400000,893.700000,894.000000,894.300000,894.600000,894.900000,895.200000,895.500000,895.800000,896.100000,896.400000,896.700000,897.000000,
42.775883,42.914103,43.052547,43.191346,43.330638,43.470568,43.611286,43.752945,43.895700,44.039704,44.185112,44.332075,44.480739,44.631247,44.783733,44.938322,45.095130,45.254259,45.415798,45.579818,45.746374,45.915500,46.087212,46.261505,46.438353,46.617714,46.799528,46.983727,47.170242,47.359008,47.549982,
19.676779,19.948131,20.219204,20.489937,20.760309,21.030329,21.300034,21.569477,21.838732,22.107882,22.377022,22.646253,22.915682,23.185416,23.455566,23.726239,23.997542,24.269573,24.542425,24.816181,25.090913,25.366680,25.643525,25.921477,26.200547,26.480732,26.762011,27.044354,27.327722,27.612076,27.897390,
889.0,0.266667
889.000000,889.266667,889.533333,889.800000,890.066667,890.333333,890.600000,890.866667,891.133333,891.400000,891.666667,891.933333,892.200000,892.466667,892.733333,893.000000,893.266667,893.533333,893.800000,894.066667,894.333333,894.600000,894.866667,895.133333,895.400000,895.666667,895.933333,896.200000,896.466667,896.733333,897.000000,
43.243354,43.367929,43.492835,43.618226,43.744250,43.871049,43.998760,44.127516,44.257440,44.388655,44.521273,44.655403,44.791143,44.928587,45.067817,45.208909,45.351926,45.496920,45.643935,45.792997,45.944124,46.097318,46.252570,46.409857,46.569146,46.730392,46.893545,47.058551,47.225357,47.393918,47.564206,
20.590595,20.832259,21.073711,21.314907,21.555837,21.796515,22.036975,22.277269,22.517462,22.757626,22.997843,23.238195,23.478770,23.719654,23.960931,24.202683,24.444987,24.687912,24.931522,25.175872,25.421007,25.666962,25.913760,26.161416,26.409930,26.659297,26.909499,27.160512,27.412311,27.664870,27.918171,
890.0,0.233333
890.000000,890.233333,890.466667,890.700000,890.933333,891.166667,891.400000,891.633333,891.866667,892.100000,892.333333,892.566667,892.800000,893.033333,893.266667,893.500000,893.733333,893.966667,894.200000,894.433333,894.666667,894.900000,895.133333,895.366667,895.600000,895.833333,896.066667,896.300000,896.533333,896.766667,897.000000,
43.718003,43.828648,43.939724,44.051409,44.163856,44.277205,44.391575,44.507074,44.623796,44.741825,44.861233,44.982083,45.104428,45.228315,45.353779,45.480847,45.609541,45.739870,45.871838,46.005440,46.140663,46.277486,46.415881,46.555814,46.697247,46.840135,46.984434,47.130100,47.277093,47.425380,47.574942,
21.507016,21.718682,21.930265,22.141753,22.353149,22.564472,22.775749,22.987017,23.198320,23.409704,23.621222,23.832926,24.044871,24.257110,24.469695,24.682675,24.896097,25.110002,25.324427,25.539403,25.754956,25.971103,26.187858,26.405226,26.623204,26.841788,27.060965,27.280720,27.501038,27.721902,27.943305,
891.0,0.200000
891.000000,891.200000,891.400000,891.600000,891.800000,892.000000,892.200000,892.400000,892.600000,892.800000,893.000000,893.200000,893.400000,893.600000,893.800000,894.000000,894.200000,894.400000,894.600000,894.800000,895.000000,895.200000,895.400000,895.600000,895.800000,896.000000,896.200000,896.400000,896.600000,896.800000,897.000000,
44.199736,44.296188,44.393109,44.490682,44.589061,44.688375,44.788731,44.890216,44.992901,45.096841,45.202078,45.308645,45.416559,45.525834,45.636469,45.748461,45.861796,45.976457,46.092418,46.209652,46.328124,46.447798,46.568633,46.690588,46.813620,46.937686,47.062745,47.188760,47.315699,47.443536,47.572259,
22.423116,22.604473,22.785864,22.967311,23.148839,23.330472,23.512238,23.694163,23.876277,24.058606,24.241178,24.424021,24.607161,24.790621,24.974425,25.158592,25.343143,25.528092,25.713452,25.899235,26.085446,26.272091,26.459169,26.646679,26.834616,27.022973,27.211740,27.400908,27.590467,27.780408,27.970726,
