199.0,0.666667
199.000000,199.666667,200.333333,201.000000,201.666667,202.333333,203.000000,203.666667,204.333333,205.000000,205.666667,206.333333,207.000000,207.666667,208.333333,209.000000,209.666667,210.333333,211.000000,211.666667,212.333333,213.000000,213.666667,214.333333,215.000000,215.666667,216.333333,217.000000,217.666667,218.333333,219.000000,
44.502831,44.446167,44.386789,44.324160,44.258027,44.188317,44.115075,44.038421,43.958538,43.875650,43.790027,43.701990,43.611898,43.520152,43.427202,43.333520,43.239578,43.145834,43.052681,42.960400,42.869070,42.778549,42.688399,42.597739,42.505303,42.409392,42.307742,42.197776,42.076779,41.942051,41.791734,
-16.321389,-16.275489,-16.227131,-16.175728,-16.120914,-16.062458,-16.000214,-15.934087,-15.864015,-15.789963,-15.711926,-15.629935,-15.544063,-15.454439,-15.361279,-15.264875,-15.165619,-15.064032,-14.960741,-14.856477,-14.752095,-14.648522,-14.546730,-14.447707,-14.352392,-14.261593,-14.175877,-14.095558,-14.020638,-13.950668,-13.885196,
200.0,0.633333
200.000000,200.633333,201.266667,201.900000,202.533333,203.166667,203.800000,204.433333,205.066667,205.700000,206.333333,206.966667,207.600000,208.233333,208.866667,209.500000,210.133333,210.766667,211.400000,212.033333,212.666667,213.300000,213.933333,214.566667,215.200000,215.833333,216.466667,217.100000,217.733333,218.366667,219.000000,
44.502831,44.448719,44.392240,44.332914,44.270515,44.204977,44.136337,44.064697,43.990202,43.913028,43.833370,43.751445,43.667482,43.581722,43.494414,43.405804,43.316126,43.225583,43.134329,43.042444,42.949886,42.856483,42.761885,42.665498,42.566503,42.463842,42.356149,42.241895,42.119498,41.987419,41.844619,
-16.321389,-16.277552,-16.231542,-16.182830,-16.131086,-16.076102,-16.017747,-15.955939,-15.890620,-15.821756,-15.749328,-15.673337,-15.593808,-15.510796,-15.424403,-15.334779,-15.242132,-15.146755,-15.049011,-14.949338,-14.848267,-14.746389,-14.644338,-14.542775,-14.442345,-14.343624,-14.247050,-14.152918,-14.061339,-13.972160,-13.885196,
201.0,0.600000
201.000000,201.600000,202.200000,202.800000,203.400000,204.000000,204.600000,205.200000,205.800000,206.400000,207.000000,207.600000,208.200000,208.800000,209.400000,210.000000,210.600000,211.200000,211.800000,212.400000,213.000000,213.600000,214.200000,214.800000,215.400000,216.000000,216.600000,217.200000,217.800000,218.400000,219.000000,
44.502831,44.450938,44.397027,44.340679,44.281693,44.220004,44.155638,44.088674,44.019219,43.947398,43.873341,43.797177,43.719026,43.638998,43.557181,43.473646,43.388431,43.301539,43.212927,43.122504,43.030108,42.935511,42.838414,42.738422,42.635072,42.527829,42.416095,42.299249,42.176702,42.047947,41.912662,
-16.321389,-16.279320,-16.235338,-16.188980,-16.139963,-16.088118,-16.033351,-15.975609,-15.914862,-15.851094,-15.784295,-15.714457,-15.641574,-15.565644,-15.486668,-15.404661,-15.319646,-15.231669,-15.140796,-15.047121,-14.950768,-14.851894,-14.750684,-14.647359,-14.542160,-14.435343,-14.327168,-14.217883,-14.107703,-13.996779,-13.885196,
202.0,0.566667
202.000000,202.566667,203.133333,203.700000,204.266667,204.833333,205.400000,205.966667,206.533333,207.100000,207.666667,208.233333,208.800000,209.366667,209.933333,210.500000,211.066667,211.633333,212.200000,212.766667,213.333333,213.900000,214.466667,215.033333,215.600000,216.166667,216.733333,217.300000,217.866667,218.433333,219.000000,
44.502831,44.452907,44.401345,44.347783,44.292027,44.233996,44.173677,44.111095,44.046295,43.979326,43.910230,43.839037,43.765753,43.690366,43.612834,43.533086,43.451028,43.366531,43.279445,43.189601,43.096813,43.000890,42.901647,42.798919,42.692571,42.582514,42.468730,42.351260,42.230203,42.105723,41.977953,
-16.321389,-16.280903,-16.238816,-16.194731,-16.148408,-16.099703,-16.048531,-15.994845,-15.938609,-15.879791,-15.818354,-15.754244,-15.687390,-15.617705,-15.545075,-15.469369,-15.390437,-15.308114,-15.222228,-15.132605,-15.039083,-14.941518,-14.839805,-14.733891,-14.623784,-14.509567,-14.391421,-14.269599,-14.144405,-14.016187,-13.885196,
203.0,0.533333
203.000000,203.533333,204.066667,204.600000,205.133333,205.666667,206.200000,206.733333,207.266667,207.800000,208.333333,208.866667,209.400000,209.933333,210.466667,211.000000,211.533333,212.066667,212.600000,213.133333,213.666667,214.200000,214.733333,215.266667,215.800000,216.333333,216.866667,217.400000,217.933333,218.466667,219.000000,
44.118613,44.070921,44.020764,43.967685,43.911530,43.852344,43.790299,43.725645,43.658674,43.589692,43.519011,43.446927,43.373717,43.299631,43.224880,43.149631,43.074002,42.998043,42.921734,42.844968,42.767531,42.689099,42.609230,42.527332,42.442687,42.354460,42.261690,42.163368,42.058510,41.946239,41.825987,
-16.000386,-15.959060,-15.915275,-15.868478,-15.818384,-15.764881,-15.707975,-15.647749,-15.584328,-15.517868,-15.448546,-15.376555,-15.302102,-15.225410,-15.146727,-15.066322,-14.984489,-14.901557,-14.817882,-14.733843,-14.649842,-14.566290,-14.483593,-14.402131,-14.322246,-14.244210,-14.168201,-14.094303,-14.022501,-13.952669,-13.884681,
204.0,0.500000
204.000000,204.500000,205.000000,205.500000,206.000000,206.500000,207.000000,207.500000,208.000000,208.500000,209.000000,209.500000,210.000000,210.500000,211.000000,211.500000,212.000000,212.500000,213.000000,213.500000,214.000000,214.500000,215.000000,215.500000,216.000000,216.500000,217.000000,217.500000,218.000000,218.500000,219.000000,
44.118613,44.072595,44.024642,43.974362,43.921590,43.866316,43.808630,43.748682,43.686655,43.622741,43.557131,43.489999,43.421499,43.351755,43.280857,43.208856,43.135766,43.061550,42.986125,42.909362,42.831070,42.751011,42.668893,42.584368,42.497049,42.406512,42.312311,42.214002,42.111176,42.003499,41.890763,
-16.000386,-15.960492,-15.918592,-15.874216,-15.827105,-15.777146,-15.724322,-15.668679,-15.610301,-15.549290,-15.485763,-15.419838,-15.351636,-15.281274,-15.208874,-15.134554,-15.058439,-14.980659,-14.901347,-14.820648,-14.738713,-14.655700,-14.571771,-14.487091,-14.401821,-14.316112,-14.230095,-14.143880,-14.057550,-13.971145,-13.884681,
205.0,0.466667
205.000000,205.466667,205.933333,206.400000,206.866667,207.333333,207.800000,208.266667,208.733333,209.200000,209.666667,210.133333,210.600000,211.066667,211.533333,212.000000,212.466667,212.933333,213.400000,213.866667,214.333333,214.800000,215.266667,215.733333,216.200000,216.666667,217.133333,217.600000,218.066667,218.533333,219.000000,
44.118613,44.073824,44.027126,43.978096,43.926530,43.872374,43.815683,43.756576,43.695211,43.631765,43.566421,43.499348,43.430700,43.360608,43.289172,43.216459,43.142506,43.067307,42.990824,42.912981,42.833665,42.752726,42.669988,42.585240,42.498253,42.408780,42.316573,42.221387,42.123005,42.021255,41.916035,
-16.000386,-15.961530,-15.920661,-15.877283,-15.831113,-15.782017,-15.729967,-15.675004,-15.617215,-15.556716,-15.493637,-15.428114,-15.360283,-15.290280,-15.218234,-15.144269,-15.068509,-14.991071,-14.912072,-14.831629,-14.749860,-14.666884,-14.582821,-14.497792,-14.411920,-14.325318,-14.238098,-14.150355,-14.062172,-13.973603,-13.884681,
206.0,0.433333
206.000000,206.433333,206.866667,207.300000,207.733333,208.166667,208.600000,209.033333,209.466667,209.900000,210.333333,210.766667,211.200000,211.633333,212.066667,212.500000,212.933333,213.366667,213.800000,214.233333,214.666667,215.100000,215.533333,215.966667,216.400000,216.833333,217.266667,217.700000,218.133333,218.566667,219.000000,
44.118613,44.075233,44.030401,43.983748,43.935054,43.884209,43.831178,43.775977,43.718652,43.659263,43.597879,43.534565,43.469376,43.402357,43.333538,43.262934,43.190549,43.116371,43.040381,42.962553,42.882859,42.801272,42.717775,42.632359,42.545033,42.455821,42.364772,42.271949,42.177427,42.081285,41.983581,
-16.000386,-15.962813,-15.923742,-15.882762,-15.839611,-15.794128,-15.746230,-15.695878,-15.643068,-15.587813,-15.530135,-15.470054,-15.407589,-15.342752,-15.275545,-15.205967,-15.134005,-15.059648,-14.982880,-14.903691,-14.822078,-14.738051,-14.651636,-14.562881,-14.471859,-14.378663,-14.283418,-14.186261,-14.087335,-13.986778,-13.884681,
207.0,0.400000
207.000000,207.400000,207.800000,208.200000,208.600000,209.000000,209.400000,209.800000,210.200000,210.600000,211.000000,211.400000,211.800000,212.200000,212.600000,213.000000,213.400000,213.800000,214.200000,214.600000,215.000000,215.400000,215.800000,216.200000,216.600000,217.000000,217.400000,217.800000,218.200000,218.600000,219.000000,
44.118613,44.076512,44.033269,43.988547,43.942111,43.893805,43.843525,43.791206,43.736812,43.680320,43.621721,43.561008,43.498179,43.433233,43.366168,43.296987,43.225696,43.152311,43.076857,42.999375,42.919929,42.838603,42.755510,42.670798,42.584641,42.497245,42.408841,42.319675,42.229981,42.139973,42.049785,
-16.000386,-15.964016,-15.926580,-15.887740,-15.847242,-15.804896,-15.760553,-15.714098,-15.665430,-15.614464,-15.561114,-15.505297,-15.446926,-15.385910,-15.322154,-15.255560,-15.186030,-15.113468,-15.037785,-14.958904,-14.876767,-14.791340,-14.702614,-14.610620,-14.515422,-14.417124,-14.315868,-14.211824,-14.105172,-13.996085,-13.884681,
208.0,0.366667
208.000000,208.366667,208.733333,209.100000,209.466667,209.833333,210.200000,210.566667,210.933333,211.300000,211.666667,212.033333,212.400000,212.766667,213.133333,213.500000,213.866667,214.233333,214.600000,214.966667,215.333333,215.700000,216.066667,216.433333,216.800000,217.166667,217.533333,217.900000,218.266667,218.633333,219.000000,
43.743094,43.703183,43.662318,43.620226,43.576730,43.531721,43.485144,43.436984,43.387252,43.335975,43.283193,43.228951,43.173291,43.116254,43.057873,42.998173,42.937169,42.874863,42.811247,42.746302,42.679997,42.612293,42.543142,42.472488,42.400274,42.326440,42.250926,42.173680,42.094655,42.013819,41.931152,
-15.666715,-15.630047,-15.592165,-15.552714,-15.511458,-15.468252,-15.423018,-15.375729,-15.326398,-15.275067,-15.221796,-15.166660,-15.109745,-15.051140,-14.990940,-14.929238,-14.866130,-14.801709,-14.736067,-14.669293,-14.601476,-14.532700,-14.463049,-14.392603,-14.321438,-14.249627,-14.177238,-14.104328,-14.030950,-13.957140,-13.882919,
209.0,0.333333
209.000000,209.333333,209.666667,210.000000,210.333333,210.666667,211.000000,211.333333,211.666667,212.000000,212.333333,212.666667,213.000000,213.333333,213.666667,214.000000,214.333333,214.666667,215.000000,215.333333,215.666667,216.000000,216.333333,216.666667,217.000000,217.333333,217.666667,218.000000,218.333333,218.666667,219.000000,
43.743094,43.704384,43.664876,43.624315,43.582514,43.539341,43.494703,43.448543,43.400826,43.351536,43.300672,43.248243,43.194263,43.138755,43.081742,43.023254,42.963320,42.901974,42.839250,42.775189,42.709831,42.643225,42.575421,42.506477,42.436454,42.365419,42.293439,42.220584,42.146917,42.072491,41.997339,
-15.666715,-15.631248,-15.594880,-15.557314,-15.518326,-15.477750,-15.435465,-15.391386,-15.345454,-15.297629,-15.247892,-15.196230,-15.142644,-15.087139,-15.029729,-14.970429,-14.909263,-14.846257,-14.781443,-14.714859,-14.646549,-14.576565,-14.504964,-14.431815,-14.357189,-14.281167,-14.203833,-14.125271,-14.045558,-13.964761,-13.882919,
210.0,0.300000
210.000000,210.300000,210.600000,210.900000,211.200000,211.500000,211.800000,212.100000,212.400000,212.700000,213.000000,213.300000,213.600000,213.900000,214.200000,214.500000,214.800000,215.100000,215.400000,215.700000,216.000000,216.300000,216.600000,216.900000,217.200000,217.500000,217.800000,218.100000,218.400000,218.700000,219.000000,
43.743094,43.705651,43.667442,43.628204,43.587742,43.545907,43.502592,43.457723,43.411254,43.363159,43.313432,43.262083,43.209134,43.154618,43.098581,43.041077,42.982170,42.921934,42.860450,42.797810,42.734116,42.669478,42.604012,42.537846,42.471108,42.403933,42.336453,42.268792,42.201063,42.133354,42.065717,
-15.666715,-15.632484,-15.597506,-15.561509,-15.524268,-15.485599,-15.445351,-15.403399,-15.359638,-15.313983,-15.266362,-15.216718,-15.165001,-15.111174,-15.055208,-14.997082,-14.936785,-14.874317,-14.809685,-14.742909,-14.674019,-14.603057,-14.530077,-14.455144,-14.378335,-14.299734,-14.219432,-14.137522,-14.054090,-13.969207,-13.882919,
211.0,0.266667
211.000000,211.266667,211.533333,211.800000,212.066667,212.333333,212.600000,212.866667,213.133333,213.400000,213.666667,213.933333,214.200000,214.466667,214.733333,215.000000,215.266667,215.533333,215.800000,216.066667,216.333333,216.600000,216.866667,217.133333,217.400000,217.666667,217.933333,218.200000,218.466667,218.733333,219.000000,
43.375691,43.340758,43.305412,43.269506,43.232924,43.195577,43.157395,43.118326,43.078332,43.037386,42.995468,42.952570,42.908684,42.863811,42.817953,42.771115,42.723304,42.674530,42.624803,42.574134,42.522536,42.470022,42.416606,42.362303,42.307128,42.251096,42.194222,42.136522,42.078008,42.018691,41.958577,
-15.322342,-15.288692,-15.254474,-15.219492,-15.183597,-15.146677,-15.108650,-15.069461,-15.029074,-14.987472,-14.944651,-14.900619,-14.855391,-14.808993,-14.761454,-14.712808,-14.663096,-14.612358,-14.560638,-14.507983,-14.454439,-14.400054,-14.344878,-14.288957,-14.232339,-14.175070,-14.117191,-14.058742,-13.999754,-13.940252,-13.880251,
212.0,0.233333
212.000000,212.233333,212.466667,212.700000,212.933333,213.166667,213.400000,213.633333,213.866667,214.100000,214.333333,214.566667,214.800000,215.033333,215.266667,215.500000,215.733333,215.966667,216.200000,216.433333,216.666667,216.900000,217.133333,217.366667,217.600000,217.833333,218.066667,218.300000,218.533333,218.766667,219.000000,
43.375691,43.342540,43.308937,43.274722,43.239767,43.203977,43.167279,43.129625,43.090981,43.051332,43.010672,42.969010,42.926363,42.882754,42.838217,42.792789,42.746512,42.699434,42.651606,42.603081,42.553916,42.504169,42.453897,42.403162,42.352019,42.300525,42.248734,42.196691,42.144437,42.092001,42.039402,
-15.322342,-15.290450,-15.258027,-15.224876,-15.190838,-15.155784,-15.119612,-15.082242,-15.043613,-15.003683,-14.962421,-14.919809,-14.875839,-14.830514,-14.783842,-14.735840,-14.686529,-14.635939,-14.584101,-14.531052,-14.476832,-14.421486,-14.365058,-14.307598,-14.249152,-14.189770,-14.129498,-14.068377,-14.006446,-13.943731,-13.880251,
213.0,0.200000
213.000000,213.200000,213.400000,213.600000,213.800000,214.000000,214.200000,214.400000,214.600000,214.800000,215.000000,215.200000,215.400000,215.600000,215.800000,216.000000,216.200000,216.400000,216.600000,216.800000,217.000000,217.200000,217.400000,217.600000,217.800000,218.000000,218.200000,218.400000,218.600000,218.800000,219.000000,
43.375691,43.344831,43.313515,43.281581,43.248903,43.215386,43.180963,43.145590,43.109245,43.071921,43.033631,42.994396,42.954252,42.913244,42.871425,42.828856,42.785604,42.741739,42.697338,42.652478,42.607241,42.561706,42.515955,42.470066,42.424117,42.378179,42.332318,42.286593,42.241051,42.195728,42.150642,
-15.322342,-15.292638,-15.262371,-15.231327,-15.199323,-15.166212,-15.131873,-15.096208,-15.059139,-15.020609,-14.980574,-14.939006,-14.895888,-14.851215,-14.804991,-14.757228,-14.707946,-14.657172,-14.604939,-14.551283,-14.496248,-14.439877,-14.382219,-14.323323,-14.263239,-14.202016,-14.139700,-14.076334,-14.011954,-13.946588,-13.880251,
246.0,0.533333
246.000000,246.533333,247.066667,247.600000,248.133333,248.666667,249.200000,249.733333,250.266667,250.800000,251.333333,251.866667,252.400000,252.933333,253.466667,254.000000,254.533333,255.066667,255.600000,256.133333,256.666667,257.200000,257.733333,258.266667,258.800000,259.333333,259.866667,260.400000,260.933333,261.466667,262.000000,
33.697962,33.508215,33.317780,33.126274,32.933302,32.738454,32.541316,32.341464,32.138476,31.931925,31.721391,31.506459,31.286726,31.061808,30.831348,30.595023,30.352562,30.103762,29.848505,29.586777,29.318705,29.044568,28.764817,28.480128,28.191378,27.899641,27.606220,27.312531,27.019996,26.729944,26.443251,
-0.797739,-0.467274,-0.139712,0.184258,0.504248,0.820071,1.131675,1.439097,1.742428,2.041793,2.337344,2.629247,2.917684,3.202858,3.484995,3.764350,4.041211,4.315912,4.588821,4.860348,5.130940,5.401068,5.671209,5.941832,6.213373,6.486204,6.760599,7.036731,7.314662,7.594313,7.875586,
247.0,0.500000
247.000000,247.500000,248.000000,248.500000,249.000000,249.500000,250.000000,250.500000,251.000000,251.500000,252.000000,252.500000,253.000000,253.500000,254.000000,254.500000,255.000000,255.500000,256.000000,256.500000,257.000000,257.500000,258.000000,258.500000,259.000000,259.500000,260.000000,260.500000,261.000000,261.500000,262.000000,
33.188882,33.004860,32.820139,32.634417,32.447406,32.258827,32.068402,31.875851,31.680886,31.483212,31.282527,31.078516,30.870865,30.659260,30.443396,30.222986,29.997777,29.767559,29.532184,29.291577,29.045769,28.794898,28.539228,28.279186,28.015340,27.748402,27.479245,27.208822,26.938094,26.667960,26.399012,
0.074644,0.380121,0.682428,0.980756,1.274614,1.563739,1.848027,2.127487,2.402215,2.672368,2.938153,3.199820,3.457654,3.711972,3.963120,4.211476,4.457438,4.701434,4.943908,5.185318,5.426129,5.666804,5.907786,6.149484,6.392260,6.636409,6.882130,7.129534,7.378644,7.629382,7.881659,
248.0,0.466667
248.000000,248.466667,248.933333,249.400000,249.866667,250.333333,250.800000,251.266667,251.733333,252.200000,252.666667,253.133333,253.600000,254.066667,254.533333,255.000000,255.466667,255.933333,256.400000,256.866667,257.333333,257.800000,258.266667,258.733333,259.200000,259.666667,260.133333,260.600000,261.066667,261.533333,262.000000,
32.927717,32.752828,32.577159,32.400360,32.222097,32.042047,31.859894,31.675328,31.488040,31.297729,31.104099,30.906862,30.705748,30.500504,30.290907,30.076771,29.857953,29.634372,29.406015,29.172947,28.935339,28.693460,28.447695,28.198565,27.946708,27.692871,27.437913,27.182738,26.928227,26.675170,26.424071,
0.505601,0.788028,1.067660,1.343792,1.616007,1.884102,2.148021,2.407820,2.663634,2.915654,3.164114,3.409282,3.651451,3.890933,4.128060,4.363182,4.596659,4.828866,5.060185,5.291002,5.521700,5.752652,5.984208,6.216681,6.450343,6.685404,6.921997,7.160188,7.399973,7.641275,7.884021,
249.0,0.433333
249.000000,249.433333,249.866667,250.300000,250.733333,251.166667,251.600000,252.033333,252.466667,252.900000,253.333333,253.766667,254.200000,254.633333,255.066667,255.500000,255.933333,256.366667,256.800000,257.233333,257.666667,258.100000,258.533333,258.966667,259.400000,259.833333,260.266667,260.700000,261.133333,261.566667,262.000000,
32.661549,32.495724,32.328486,32.159362,31.987982,31.814051,31.637324,31.457596,31.274685,31.088430,30.898686,30.705320,30.508215,30.307269,30.102406,29.893580,29.680778,29.464041,29.243460,29.019194,28.791477,28.560627,28.327042,28.091223,27.853751,27.615276,27.376522,27.138225,26.901085,26.665709,26.432478,
0.932382,1.192099,1.450049,1.705722,1.958769,2.208970,2.456199,2.700405,2.941598,3.179839,3.415230,3.647915,3.878070,4.105904,4.331652,4.555578,4.777963,4.999106,5.219318,5.438917,5.658217,5.877524,6.097124,6.317275,6.538197,6.760064,6.982992,7.207041,7.432224,7.658498,7.885818,
250.0,0.400000
250.000000,250.400000,250.800000,251.200000,251.600000,252.000000,252.400000,252.800000,253.200000,253.600000,254.000000,254.400000,254.800000,255.200000,255.600000,256.000000,256.400000,256.800000,257.200000,257.600000,258.000000,258.400000,258.800000,259.200000,259.600000,260.000000,260.400000,260.800000,261.200000,261.600000,262.000000,
32.112603,31.953189,31.792981,31.631667,31.468974,31.304659,31.138501,30.970298,30.799860,30.627014,30.451596,30.273459,30.092468,29.908508,29.721487,29.531339,29.338029,29.141559,28.941976,28.739371,28.533894,28.325748,28.115195,27.902562,27.688227,27.472617,27.256200,27.039451,26.822818,26.606689,26.391303,
1.771455,2.005089,2.236467,2.464982,2.690265,2.912127,3.130511,3.345461,3.557097,3.765596,3.971178,4.174094,4.374617,4.573038,4.769658,4.964784,5.158724,5.351784,5.544263,5.736449,5.928611,6.121000,6.313840,6.507319,6.701594,6.896779,7.092942,7.290110,7.488279,7.687409,7.887464,
251.0,0.366667
251.000000,251.366667,251.733333,252.100000,252.466667,252.833333,253.200000,253.566667,253.933333,254.300000,254.666667,255.033333,255.400000,255.766667,256.133333,256.500000,256.866667,257.233333,257.600000,257.966667,258.333333,258.700000,259.066667,259.433333,259.800000,260.166667,260.533333,260.900000,261.266667,261.633333,262.000000,
31.829109,31.679848,31.529545,31.377818,31.224353,31.068890,30.911210,30.751130,30.588500,30.423192,30.255107,30.084170,29.910331,29.733564,29.553876,29.371300,29.185904,28.997792,28.807107,28.614032,28.418796,28.221667,28.022960,27.823029,27.622265,27.421080,27.219907,27.019166,26.819242,26.620453,26.422991,
2.182830,2.393754,2.603012,2.810154,3.014905,3.217129,3.416793,3.613944,3.808687,4.001172,4.191583,4.380125,4.567021,4.752503,4.936809,5.120179,5.302850,5.485054,5.667015,5.848944,6.031037,6.213470,6.396401,6.579956,6.764239,6.949320,7.135240,7.322009,7.509616,7.698031,7.887227,
252.0,0.333333
252.000000,252.333333,252.666667,253.000000,253.333333,253.666667,254.000000,254.333333,254.666667,255.000000,255.333333,255.666667,256.000000,256.333333,256.666667,257.000000,257.333333,257.666667,258.000000,258.333333,258.666667,259.000000,259.333333,259.666667,260.000000,260.333333,260.666667,261.000000,261.333333,261.666667,262.000000,
31.242562,31.100699,30.958120,30.814569,30.669837,30.523755,30.376185,30.227015,30.076153,29.923527,29.769081,29.612772,29.454572,29.294467,29.132457,28.968557,28.802797,28.635225,28.465907,28.294926,28.122385,27.948408,27.773136,27.596726,27.419353,27.241200,27.062456,26.883305,26.703913,26.524417,26.344899,
2.987204,3.172968,3.357295,3.539765,3.720104,3.898149,4.073828,4.247137,4.418125,4.586882,4.753531,4.918214,5.081092,5.242337,5.402124,5.560635,5.718048,5.874538,6.030273,6.185413,6.340108,6.494494,6.648694,6.802812,6.956937,7.111141,7.265474,7.419970,7.574649,7.729514,7.884564,
253.0,0.300000
253.000000,253.300000,253.600000,253.900000,254.200000,254.500000,254.800000,255.100000,255.400000,255.700000,256.000000,256.300000,256.600000,256.900000,257.200000,257.500000,257.800000,258.100000,258.400000,258.700000,259.000000,259.300000,259.600000,259.900000,260.200000,260.500000,260.800000,261.100000,261.400000,261.700000,262.000000,
30.939030,30.808673,30.677528,30.545314,30.411806,30.276829,30.140243,30.001943,29.861853,29.719917,29.576105,29.430404,29.282820,29.133378,28.982120,28.829105,28.674411,28.518134,28.360390,28.201310,28.041049,27.879774,27.717673,27.554945,27.391801,27.228456,27.065124,26.902010,26.739293,26.577116,26.415564,
3.379501,3.543443,3.706336,3.867876,4.027867,4.186199,4.342834,4.497789,4.651124,4.802931,4.953331,5.102462,5.250476,5.397532,5.543794,5.689426,5.834591,5.979443,6.124131,6.268791,6.413546,6.558507,6.703767,6.849401,6.995468,7.142008,7.289045,7.436586,7.584629,7.733160,7.882169,
254.0,0.266667
254.000000,254.266667,254.533333,254.800000,255.066667,255.333333,255.600000,255.866667,256.133333,256.400000,256.666667,256.933333,257.200000,257.466667,257.733333,258.000000,258.266667,258.533333,258.800000,259.066667,259.333333,259.600000,259.866667,260.133333,260.400000,260.666667,260.933333,261.200000,261.466667,261.733333,262.000000,
30.310592,30.189574,30.068091,29.945978,29.823104,29.699370,29.574698,29.449033,29.322335,29.194579,29.065753,28.935855,28.804890,28.672874,28.539827,28.405778,28.270759,28.134808,27.997967,27.860283,27.721806,27.582588,27.442684,27.302150,27.161042,27.019417,26.877328,26.734822,26.591942,26.448720,26.305173,
4.142911,4.283160,4.422672,4.561203,4.698573,4.834659,4.969378,5.102683,5.234557,5.365007,5.494057,5.621747,5.748127,5.873258,5.997205,6.120039,6.241833,6.362662,6.482600,6.601720,6.720094,6.837791,6.954874,7.071405,7.187438,7.303023,7.418203,7.533014,7.647484,7.761631,7.875467,
255.0,0.233333
255.000000,255.233333,255.466667,255.700000,255.933333,256.166667,256.400000,256.633333,256.866667,257.100000,257.333333,257.566667,257.800000,258.033333,258.266667,258.500000,258.733333,258.966667,259.200000,259.433333,259.666667,259.900000,260.133333,260.366667,260.600000,260.833333,261.066667,261.300000,261.533333,261.766667,262.000000,
29.985491,29.877512,29.769005,29.659788,29.549717,29.438687,29.326620,29.213467,29.099200,28.983811,28.867307,28.749711,28.631056,28.511387,28.390757,28.269228,28.146869,28.023753,27.899960,27.775573,27.650677,27.525360,27.399711,27.273817,27.147766,27.021639,26.895513,26.769456,26.643525,26.517763,26.392193,
4.513622,4.633608,4.753194,4.872251,4.990678,5.108410,5.225402,5.341632,5.457094,5.571797,5.685760,5.799011,5.911587,6.023527,6.134877,6.245683,6.355994,6.465857,6.575322,6.684432,6.793234,6.901767,7.010069,7.118175,7.226112,7.333908,7.441581,7.549147,7.656619,7.764001,7.871298,
256.0,0.200000
256.000000,256.200000,256.400000,256.600000,256.800000,257.000000,257.200000,257.400000,257.600000,257.800000,258.000000,258.200000,258.400000,258.600000,258.800000,259.000000,259.200000,259.400000,259.600000,259.800000,260.000000,260.200000,260.400000,260.600000,260.800000,261.000000,261.200000,261.400000,261.600000,261.800000,262.000000,
29.313426,29.217203,29.120806,29.024170,28.927242,28.829978,28.732345,28.634317,28.535873,28.437000,28.337687,28.237928,28.137721,28.037066,27.935964,27.834420,27.732437,27.630022,27.527181,27.423919,27.320244,27.216161,27.111676,27.006795,26.901522,26.795861,26.689815,26.583386,26.476576,26.369386,26.261817,
5.232498,5.330841,5.428826,5.526320,5.623211,5.719413,5.814857,5.909488,6.003266,6.096166,6.188169,6.279267,6.369461,6.458755,6.547163,6.634701,6.721390,6.807253,6.892318,6.976614,7.060172,7.143022,7.225198,7.306731,7.387651,7.467989,7.547772,7.627023,7.705763,7.784006,7.861761,
263.0,0.800000
263.000000,263.800000,264.600000,265.400000,266.200000,267.000000,267.800000,268.600000,269.400000,270.200000,271.000000,271.800000,272.600000,273.400000,274.200000,275.000000,275.800000,276.600000,277.400000,278.200000,279.000000,279.800000,280.600000,281.400000,282.200000,283.000000,283.800000,284.600000,285.400000,286.200000,287.000000,
25.759398,25.322922,24.878215,24.423984,23.959791,23.485676,23.001950,22.509068,22.007557,21.497978,20.980906,20.456914,19.926566,19.390420,18.849019,18.302864,17.752384,17.197869,16.639507,16.077384,15.511451,14.941657,14.368071,13.791052,13.211323,12.630171,12.049818,11.473165,10.903746,10.345893,9.802872,
8.271687,8.586744,8.890098,9.178872,9.451083,9.705245,9.940156,10.154772,10.348139,10.519369,10.667632,10.792178,10.892320,10.967439,11.017017,11.040607,11.037827,11.008381,10.952030,10.868584,10.757908,10.619944,10.454756,10.262612,10.044030,9.799894,9.531699,9.241400,8.931411,8.604756,8.263731,
264.0,0.766667
264.000000,264.766667,265.533333,266.300000,267.066667,267.833333,268.600000,269.366667,270.133333,270.900000,271.666667,272.433333,273.200000,273.966667,274.733333,275.500000,276.266667,277.033333,277.800000,278.566667,279.333333,280.100000,280.866667,281.633333,282.400000,283.166667,283.933333,284.700000,285.466667,286.233333,287.000000,
25.152269,24.722076,24.284338,23.837912,23.382474,22.918166,22.445390,21.964689,21.476662,20.981926,20.481092,19.974734,19.463393,18.947569,18.427707,17.904189,17.377309,16.847229,16.314014,15.777649,15.238025,14.695050,14.148761,13.599471,13.047827,12.494970,11.942833,11.393912,10.851207,10.318309,9.797895,
8.705656,8.989389,9.261144,9.518049,9.758209,9.980284,10.183261,10.366318,10.528741,10.669894,10.789201,10.886154,10.960299,11.011233,11.038623,11.042185,11.021677,10.976902,10.907703,10.813950,10.695559,10.552508,10.384893,10.193002,9.977356,9.738805,9.478736,9.198926,8.901527,8.589143,8.263730,
265.0,0.733333
265.000000,265.733333,266.466667,267.200000,267.933333,268.666667,269.400000,270.133333,270.866667,271.600000,272.333333,273.066667,273.800000,274.533333,275.266667,276.000000,276.733333,277.466667,278.200000,278.933333,279.666667,280.400000,281.133333,281.866667,282.600000,283.333333,284.066667,284.800000,285.533333,286.266667,287.000000,
24.747281,24.328369,23.902848,23.469701,23.028638,22.579783,22.123486,21.660203,21.190403,20.714540,20.233019,19.746156,19.254197,18.757325,18.255644,17.749210,17.238048,16.722156,16.201539,15.676238,15.146374,14.612199,14.074190,13.533197,12.990460,12.447725,11.907502,11.372806,10.847023,10.333884,9.836087,
8.973950,9.233262,9.480958,9.714278,9.931452,10.131279,10.312902,10.475657,10.618985,10.742391,10.845422,10.927652,10.988676,11.028106,11.045573,11.040724,11.013224,10.962762,10.889058,10.791874,10.671042,10.526483,10.358263,10.166673,9.952250,9.715864,9.458889,9.183061,8.890429,8.583394,8.263729,
266.0,0.700000
266.000000,266.700000,267.400000,268.100000,268.800000,269.500000,270.200000,270.900000,271.600000,272.300000,273.000000,273.700000,274.400000,275.100000,275.800000,276.500000,277.200000,277.900000,278.600000,279.300000,280.000000,280.700000,281.400000,282.100000,282.800000,283.500000,284.200000,284.900000,285.600000,286.300000,287.000000,
24.139269,23.728391,23.311669,22.888144,22.457503,22.019812,21.575356,21.124537,20.667798,20.205594,19.738376,19.266562,18.790534,18.310619,17.827063,17.340041,16.849661,16.355944,15.858875,15.358447,14.854709,14.347818,13.838125,13.326308,12.813370,12.300738,11.790445,11.284919,10.786861,10.299195,9.824009,
9.345066,9.574153,9.791703,9.995008,10.182379,10.352734,10.505361,10.639757,10.755534,10.852368,10.929975,10.988084,11.026439,11.044797,11.042924,11.020600,10.977618,10.913787,10.828939,10.722946,10.595741,10.447340,10.277890,10.087742,9.877461,9.647900,9.400327,9.136298,8.857603,8.566258,8.263728,
267.0,0.666667
267.000000,267.666667,268.333333,269.000000,269.666667,270.333333,271.000000,271.666667,272.333333,273.000000,273.666667,274.333333,275.000000,275.666667,276.333333,277.000000,277.666667,278.333333,279.000000,279.666667,280.333333,281.000000,281.666667,282.333333,283.000000,283.666667,284.333333,285.000000,285.666667,286.333333,287.000000,
23.530402,23.128866,22.722572,22.310796,21.893369,21.470446,21.042362,20.609533,20.172370,19.731256,19.286515,18.838370,18.386957,17.932337,17.474472,17.013265,16.548582,16.080261,15.608158,15.132184,14.652365,14.168880,13.682144,13.192935,12.702385,12.212055,11.724100,11.241038,10.765592,10.300593,9.848022,
9.678831,9.878273,10.066413,10.240633,10.399358,10.541653,10.666970,10.774995,10.865532,10.938452,10.993657,11.031043,11.050500,11.051901,11.035090,10.999890,10.946109,10.873537,10.781968,10.671218,10.541151,10.391706,10.222951,10.035147,9.828773,9.604576,9.363697,9.107546,8.837728,8.556027,8.263727,
268.0,0.633333
268.000000,268.633333,269.266667,269.900000,270.533333,271.166667,271.800000,272.433333,273.066667,273.700000,274.333333,274.966667,275.600000,276.233333,276.866667,277.500000,278.133333,278.766667,279.400000,280.033333,280.666667,281.300000,281.933333,282.566667,283.200000,283.833333,284.466667,285.100000,285.733333,286.366667,287.000000,
22.920439,22.529442,22.134538,21.735079,21.330875,20.922007,20.508715,20.091322,19.670161,19.245562,18.817824,18.387185,17.953829,17.517877,17.079361,16.638257,16.194486,15.747925,15.298445,14.845963,14.390488,13.932169,13.471360,13.008735,12.545273,12.082310,11.621667,11.165453,10.715925,10.275385,9.845431,
9.975516,10.146155,10.305986,10.452492,10.584180,10.700199,10.800097,10.883660,10.950799,11.001494,11.035753,11.053575,11.054945,11.039827,11.008149,10.959814,10.894706,10.812683,10.713606,10.597353,10.463845,10.313074,10.145146,9.960344,9.759136,9.542224,9.310632,9.065600,8.808513,8.540868,8.263726,
269.0,0.600000
269.000000,269.600000,270.200000,270.800000,271.400000,272.000000,272.600000,273.200000,273.800000,274.400000,275.000000,275.600000,276.200000,276.800000,277.400000,278.000000,278.600000,279.200000,279.800000,280.400000,281.000000,281.600000,282.200000,282.800000,283.400000,284.000000,284.600000,285.200000,285.800000,286.400000,287.000000,
22.105027,21.723554,21.339335,20.951952,20.561333,20.167606,19.771020,19.371879,18.970484,18.567115,18.162014,17.755349,17.347232,16.937715,16.526782,16.114373,15.700392,15.284718,14.867229,14.447826,14.026461,13.603169,13.178116,12.751671,12.324407,11.897149,11.471057,11.047501,10.627967,10.213996,9.806658,
10.313885,10.449892,10.575559,10.688482,10.787271,10.871190,10.939912,10.993363,11.031603,11.054769,11.063026,11.056527,11.035407,10.999775,10.949693,10.885195,10.806287,10.712949,10.605154,10.482887,10.346160,10.195042,10.029687,9.850385,9.657572,9.451860,9.234105,9.005317,8.766606,8.519136,8.263723,
270.0,0.566667
270.000000,270.566667,271.133333,271.700000,272.266667,272.833333,273.400000,273.966667,274.533333,275.100000,275.666667,276.233333,276.800000,277.366667,277.933333,278.500000,279.066667,279.633333,280.200000,280.766667,281.333333,281.900000,282.466667,283.033333,283.600000,284.166667,284.733333,285.300000,285.866667,286.433333,287.000000,
21.491558,21.124007,20.754644,20.383177,20.009534,19.633782,19.256060,18.876543,18.495396,18.112765,17.728759,17.343434,16.956796,16.568811,16.179398,15.788447,15.395841,15.001461,14.605214,14.207053,13.807014,13.405227,13.001955,12.597644,12.192915,11.788591,11.385746,10.985604,10.589453,10.198580,9.813862,
10.525104,10.634637,10.734784,10.823310,10.898913,10.960896,11.008960,11.043049,11.063240,11.069690,11.062583,11.042089,11.008362,10.961526,10.901659,10.828811,10.743004,10.644239,10.532515,10.407843,10.270273,10.119906,9.956928,9.781644,9.594484,9.396023,9.187025,8.968374,8.741014,8.505908,8.263721,
271.0,0.533333
271.000000,271.533333,272.066667,272.600000,273.133333,273.666667,274.200000,274.733333,275.266667,275.800000,276.333333,276.866667,277.400000,277.933333,278.466667,279.000000,279.533333,280.066667,280.600000,281.133333,281.666667,282.200000,282.733333,283.266667,283.800000,284.333333,284.866667,285.400000,285.933333,286.466667,287.000000,
20.876181,20.523939,20.170544,19.815775,19.459549,19.101865,18.742767,18.382327,18.020609,17.657671,17.293552,16.928261,16.561781,16.194069,15.825056,15.454656,15.082779,14.709343,14.334291,13.957615,13.579388,13.199775,12.819063,12.437702,12.056294,11.675601,11.296576,10.920275,10.547783,10.180140,9.818045,
10.700148,10.784721,10.860963,10.926818,10.981057,11.023006,11.052355,11.069032,11.073096,11.064688,11.043984,11.011156,10.966365,10.909748,10.841407,10.761418,10.669835,10.566694,10.452031,10.325897,10.188378,10.039610,9.879801,9.709267,9.528428,9.337817,9.138117,8.930090,8.714534,8.492233,8.263718,
272.0,0.500000
272.000000,272.500000,273.000000,273.500000,274.000000,274.500000,275.000000,275.500000,276.000000,276.500000,277.000000,277.500000,278.000000,278.500000,279.000000,279.500000,280.000000,280.500000,281.000000,281.500000,282.000000,282.500000,283.000000,283.500000,284.000000,284.500000,285.000000,285.500000,286.000000,286.500000,287.000000,
20.052291,19.716392,19.381044,19.046299,18.712113,18.378383,18.044962,17.711671,17.378319,17.044700,16.710605,16.375822,16.040146,15.703377,15.365326,15.025821,14.684713,14.341883,13.997252,13.650800,13.302579,12.952731,12.601500,12.249272,11.896557,11.543995,11.192381,10.842583,10.495487,10.151925,9.812451,
10.877733,10.932864,10.980902,11.020046,11.049201,11.067756,11.075424,11.072132,11.057933,11.032955,10.997363,10.951321,10.894984,10.828490,10.751944,10.665429,10.569009,10.462732,10.346643,10.220800,10.085287,9.940232,9.785820,9.622324,9.450100,9.269598,9.081379,8.886067,8.684307,8.476717,8.263715,
273.0,0.466667
273.000000,273.466667,273.933333,274.400000,274.866667,275.333333,275.800000,276.266667,276.733333,277.200000,277.666667,278.133333,278.600000,279.066667,279.533333,280.000000,280.466667,280.933333,281.400000,281.866667,282.333333,282.800000,283.266667,283.733333,284.200000,284.666667,285.133333,285.600000,286.066667,286.533333,287.000000,
19.431518,19.113655,18.795970,18.478507,18.161284,17.844300,17.527532,17.210937,16.894450,16.577985,16.261437,15.944675,15.627554,15.309917,14.991595,14.672421,14.352241,14.030922,13.708367,13.384530,13.059435,12.733185,12.405973,12.078107,11.750002,11.422172,11.095244,10.769902,10.446829,10.126661,9.809812,
10.969418,11.003633,11.031813,11.052356,11.064246,11.066886,11.059965,11.043370,11.017110,10.981275,10.935996,10.881418,10.817685,10.744935,10.663284,10.572832,10.473670,10.365876,10.249530,10.124727,9.991585,9.850257,9.700944,9.543917,9.379508,9.208118,9.030225,8.846348,8.657007,8.462688,8.263713,
274.0,0.433333
274.000000,274.433333,274.866667,275.300000,275.733333,276.166667,276.600000,277.033333,277.466667,277.900000,278.333333,278.766667,279.200000,279.633333,280.066667,280.500000,280.933333,281.366667,281.800000,282.233333,282.666667,283.100000,283.533333,283.966667,284.400000,284.833333,285.266667,285.700000,286.133333,286.566667,287.000000,
18.599550,18.301601,18.004781,17.709317,17.415289,17.122672,16.831362,16.541198,16.251981,15.963484,15.675463,15.387664,15.099828,14.811699,14.523034,14.233603,13.943202,13.651662,13.358855,13.064703,12.769193,12.472383,12.174403,11.875474,11.575898,11.276055,10.976401,10.677434,10.379648,10.083496,9.789271,
11.036844,11.046990,11.052388,11.051711,11.044083,11.028956,11.006017,10.975112,10.936201,10.889311,10.834518,10.771914,10.701603,10.623691,10.538273,10.445444,10.345290,10.237900,10.123366,10.001794,9.873315,9.738084,9.596299,9.448202,9.294086,9.134286,8.969192,8.799212,8.624749,8.446170,8.263709,
275.0,0.400000
275.000000,275.400000,275.800000,276.200000,276.600000,277.000000,277.400000,277.800000,278.200000,278.600000,279.000000,279.400000,279.800000,280.200000,280.600000,281.000000,281.400000,281.800000,282.200000,282.600000,283.000000,283.400000,283.800000,284.200000,284.600000,285.000000,285.400000,285.800000,286.200000,286.600000,287.000000,
17.972056,17.695102,17.419186,17.144523,16.871189,16.599159,16.328334,16.058562,15.789652,15.521390,15.253545,14.985881,14.718163,14.450166,14.181676,13.912504,13.642485,13.371495,13.099447,12.826303,12.552083,12.276867,12.000795,11.724082,11.447002,11.169888,10.893125,10.617122,10.342276,10.068941,9.797343,
11.046647,11.041072,11.031726,11.017492,10.997595,10.971515,10.938919,10.899613,10.853496,10.800536,10.740746,10.674168,10.600861,10.520896,10.434349,10.341299,10.241832,10.136038,10.024022,9.905900,9.781812,9.651922,9.516425,9.375550,9.229563,9.078758,8.923463,8.764014,8.600733,8.433904,8.263707,
276.0,0.366667
276.000000,276.366667,276.733333,277.100000,277.466667,277.833333,278.200000,278.566667,278.933333,279.300000,279.666667,280.033333,280.400000,280.766667,281.133333,281.500000,281.866667,282.233333,282.600000,282.966667,283.333333,283.700000,284.066667,284.433333,284.800000,285.166667,285.533333,285.900000,286.266667,286.633333,287.000000,
17.341277,17.086096,16.831689,16.578217,16.325733,16.074214,15.823577,15.573697,15.324422,15.075581,14.826994,14.578481,14.329865,14.080984,13.831689,13.581859,13.331393,13.080227,12.828332,12.575716,12.322432,12.068576,11.814287,11.559755,11.305207,11.050902,10.797131,10.544191,10.292363,10.041889,9.792919,
11.021810,11.003044,10.981286,10.955599,10.925304,10.889921,10.849120,10.802684,10.750481,10.692444,10.628549,10.558808,10.483259,10.401956,10.314971,10.222384,10.124292,10.020803,9.912036,9.798130,9.679240,9.555541,9.427231,9.294528,9.157673,9.016923,8.872546,8.724812,8.573967,8.420221,8.263705,
277.0,0.333333
277.000000,277.333333,277.666667,278.000000,278.333333,278.666667,279.000000,279.333333,279.666667,280.000000,280.333333,280.666667,281.000000,281.333333,281.666667,282.000000,282.333333,282.666667,283.000000,283.333333,283.666667,284.000000,284.333333,284.666667,285.000000,285.333333,285.666667,286.000000,286.333333,286.666667,287.000000,
16.494707,16.262614,16.031251,15.800800,15.571358,15.342951,15.115557,14.889110,14.663521,14.438676,14.214448,13.990704,13.767307,13.544122,13.321019,13.097877,12.874586,12.651052,12.427198,12.202966,11.978318,11.753243,11.527748,11.301869,11.075660,10.849196,10.622570,10.395883,10.169232,9.942709,9.716368,
10.935277,10.901964,10.866372,10.827765,10.785597,10.739477,10.689132,10.634380,10.575113,10.511279,10.442868,10.369903,10.292433,10.210527,10.124272,10.033765,9.939117,9.840450,9.737895,9.631593,9.521696,9.408367,9.291778,9.172111,9.049554,8.924298,8.796536,8.666450,8.534203,8.399928,8.263702,
278.0,0.300000
278.000000,278.300000,278.600000,278.900000,279.200000,279.500000,279.800000,280.100000,280.400000,280.700000,281.000000,281.300000,281.600000,281.900000,282.200000,282.500000,282.800000,283.100000,283.400000,283.700000,284.000000,284.300000,284.600000,284.900000,285.200000,285.500000,285.800000,286.100000,286.400000,286.700000,287.000000,
15.855316,15.646196,15.437453,15.229189,15.021464,14.814305,14.607711,14.401662,14.196120,13.991038,13.786358,13.582017,13.377950,13.174091,12.970376,12.766745,12.563142,12.359519,12.155836,11.952062,11.748180,11.544182,11.340073,11.135869,10.931600,10.727304,10.523030,10.318829,10.114752,9.910845,9.707135,
10.830665,10.789958,10.747460,10.702570,10.654837,10.603927,10.549601,10.491698,10.430117,10.364807,10.295756,10.222983,10.146531,10.066464,9.982863,9.895822,9.805444,9.711844,9.615144,9.515474,9.412970,9.307774,9.200032,9.089893,8.977509,8.863029,8.746596,8.628344,8.508390,8.386825,8.263701,
279.0,0.266667
279.000000,279.266667,279.533333,279.800000,280.066667,280.333333,280.600000,280.866667,281.133333,281.400000,281.666667,281.933333,282.200000,282.466667,282.733333,283.000000,283.266667,283.533333,283.800000,284.066667,284.333333,284.600000,284.866667,285.133333,285.400000,285.666667,285.933333,286.200000,286.466667,286.733333,287.000000,
14.996381,14.811423,14.626889,14.442908,14.259568,14.076921,13.894991,13.713779,13.533266,13.353418,13.174187,12.995518,12.817344,12.639597,12.462200,12.285075,12.108145,11.931328,11.754545,11.577720,11.400777,11.223645,11.046258,10.868552,10.690474,10.511973,10.333008,10.153546,9.973560,9.793033,9.611958,
10.638749,10.590437,10.540876,10.489636,10.436394,10.380907,10.323001,10.262562,10.199519,10.133842,10.065531,9.994610,9.921126,9.845141,9.766729,9.685978,9.602982,9.517839,9.430657,9.341542,9.250605,9.157957,9.063708,8.967965,8.870833,8.772411,8.672789,8.572049,8.470258,8.367465,8.263699,
280.0,0.233333
280.000000,280.233333,280.466667,280.700000,280.933333,281.166667,281.400000,281.633333,281.866667,282.100000,282.333333,282.566667,282.800000,283.033333,283.266667,283.500000,283.733333,283.966667,284.200000,284.433333,284.666667,284.900000,285.133333,285.366667,285.600000,285.833333,286.066667,286.300000,286.533333,286.766667,287.000000,
14.347054,14.185516,14.024247,13.863331,13.702829,13.542778,13.383199,13.224094,13.065456,12.907265,12.749495,12.592110,12.435070,12.278330,12.121844,11.965561,11.809430,11.653400,11.497420,11.341439,11.185410,11.029286,10.873024,10.716583,10.559928,10.403026,10.245851,10.088380,9.930595,9.772487,9.614049,
10.455839,10.405835,10.354963,10.302912,10.249439,10.194358,10.137527,10.078849,10.018256,9.955711,9.891200,9.824728,9.756319,9.686008,9.613842,9.539877,9.464179,9.386815,9.307860,9.227391,9.145486,9.062225,8.977688,8.891951,8.805090,8.717174,8.628267,8.538426,8.447697,8.356115,8.263698,
281.0,0.200000
281.000000,281.200000,281.400000,281.600000,281.800000,282.000000,282.200000,282.400000,282.600000,282.800000,283.000000,283.200000,283.400000,283.600000,283.800000,284.000000,284.200000,284.400000,284.600000,284.800000,285.000000,285.200000,285.400000,285.600000,285.800000,286.000000,286.200000,286.400000,286.600000,286.800000,287.000000,
13.693064,13.554948,13.416978,13.279202,13.141656,13.004362,12.867336,12.730583,12.594101,12.457882,12.321915,12.186182,12.050663,11.915336,11.780175,11.645153,11.510245,11.375421,11.240654,11.105916,10.971181,10.836421,10.701615,10.566737,10.431769,10.296692,10.161490,10.026151,9.890663,9.755022,9.619224,
10.239823,10.190551,10.140702,10.090063,10.038460,9.985756,9.931844,9.876645,9.820101,9.762174,9.702843,9.642102,9.579957,9.516424,9.451529,9.385303,9.317786,9.249020,9.179054,9.107935,9.035716,8.962450,8.888188,8.812981,8.736880,8.659929,8.582171,8.503644,8.424376,8.344390,8.263697,
288.0,1.500000
288.000000,289.500000,291.000000,292.500000,294.000000,295.500000,297.000000,298.500000,300.000000,301.500000,303.000000,304.500000,306.000000,307.500000,309.000000,310.500000,312.000000,313.500000,315.000000,316.500000,318.000000,319.500000,321.000000,322.500000,324.000000,325.500000,327.000000,328.500000,330.000000,331.500000,333.000000,
8.421135,7.325067,6.206691,5.066023,3.904269,2.721749,1.518278,0.292976,-0.956700,-2.233619,-3.540002,-4.875712,-6.239644,-7.630021,-9.043932,-10.478326,-11.930850,-13.401466,-14.890781,-16.399099,-17.925129,-19.467118,-21.023457,-22.593452,-24.177413,-25.777876,-27.403323,-29.062184,-30.756764,-32.470290,-34.185428,
7.505690,6.917401,6.292513,5.631956,4.939980,4.223055,3.488394,2.743321,1.994747,1.249468,0.514308,-0.203681,-0.897602,-1.561243,-2.190401,-2.781968,-3.334259,-3.848930,-4.328884,-4.777576,-5.198945,-5.596942,-5.975082,-6.335503,-6.679725,-7.008722,-7.322380,-7.620494,-7.903685,-8.175220,-8.438222,
289.0,1.466667
289.000000,290.466667,291.933333,293.400000,294.866667,296.333333,297.800000,299.266667,300.733333,302.200000,303.666667,305.133333,306.600000,308.066667,309.533333,311.000000,312.466667,313.933333,315.400000,316.866667,318.333333,319.800000,321.266667,322.733333,324.200000,325.666667,327.133333,328.600000,330.066667,331.533333,333.000000,
8.421135,7.333534,6.224545,5.093982,3.942976,2.772316,1.582613,0.374281,-0.852700,-2.098634,-3.364265,-4.651412,-5.962348,-7.299684,-8.666603,-10.066193,-11.500678,-12.969718,-14.471808,-16.004437,-17.563143,-19.143137,-20.740554,-22.354717,-23.986416,-25.637776,-27.313558,-29.016567,-30.740951,-32.456194,-34.133219,
7.505690,6.922137,6.302845,5.648656,4.963778,4.254723,3.528851,2.793823,2.057372,1.327076,0.609960,-0.088494,-0.763579,-1.411423,-2.029946,-2.617843,-3.174389,-3.699875,-4.195076,-4.661236,-5.100560,-5.515550,-5.908665,-6.281933,-6.637097,-6.975452,-7.297207,-7.602473,-7.892151,-8.169665,-8.438222,
290.0,1.433333
290.000000,291.433333,292.866667,294.300000,295.733333,297.166667,298.600000,300.033333,301.466667,302.900000,304.333333,305.766667,307.200000,308.633333,310.066667,311.500000,312.933333,314.366667,315.800000,317.233333,318.666667,320.100000,321.533333,322.966667,324.400000,325.833333,327.266667,328.700000,330.133333,331.566667,333.000000,
7.533326,6.464928,5.375359,4.264183,3.132196,1.979642,0.806362,-0.388470,-1.607296,-2.853072,-4.128696,-5.436371,-6.777715,-8.153257,-9.560825,-10.997119,-12.458132,-13.938835,-15.434025,-16.938995,-18.450698,-19.967071,-21.487353,-23.013753,-24.549868,-26.100541,-27.672989,-29.273351,-30.902124,-32.543804,-34.182767,
7.038019,6.441680,5.813887,5.156031,4.472531,3.769555,3.053850,2.332161,1.610654,0.895229,0.191557,-0.495116,-1.159810,-1.797931,-2.405776,-2.980257,-3.519238,-4.022865,-4.492315,-4.929607,-5.338276,-5.722286,-6.085381,-6.430217,-6.758880,-7.072831,-7.372193,-7.656889,-7.927550,-8.187169,-8.438583,
291.0,1.400000
291.000000,292.400000,293.800000,295.200000,296.600000,298.000000,299.400000,300.800000,302.200000,303.600000,305.000000,306.400000,307.800000,309.200000,310.600000,312.000000,313.400000,314.800000,316.200000,317.600000,319.000000,320.400000,321.800000,323.200000,324.600000,326.000000,327.400000,328.800000,330.200000,331.600000,333.000000,
6.651084,5.600686,4.528419,3.433281,2.315730,1.176273,0.015410,-1.166436,-2.369072,-3.592498,-4.837071,-6.104013,-7.394886,-8.711398,-10.055350,-11.428179,-12.830137,-14.258312,-15.708588,-17.176425,-18.657221,-20.146895,-21.642994,-23.147381,-24.663754,-26.196972,-27.753511,-29.338100,-30.948642,-32.564450,-34.165363,
6.553050,5.947603,5.314496,4.655480,3.975150,3.279743,2.576097,1.871174,1.171724,0.484220,-0.185476,-0.833050,-1.454977,-2.048539,-2.612638,-3.146869,-3.651281,-4.126575,-4.573807,-4.994434,-5.390758,-5.765338,-6.120656,-6.458703,-6.781169,-7.089331,-7.383542,-7.664047,-7.931697,-8.189256,-8.439277,
292.0,1.366667
292.000000,293.366667,294.733333,296.100000,297.466667,298.833333,300.200000,301.566667,302.933333,304.300000,305.666667,307.033333,308.400000,309.766667,311.133333,312.500000,313.866667,315.233333,316.600000,317.966667,319.333333,320.700000,322.066667,323.433333,324.800000,326.166667,327.533333,328.900000,330.266667,331.633333,333.000000,
6.211818,5.175911,4.118973,3.039846,1.938681,0.815413,-0.330210,-1.498772,-2.691644,-3.910333,-5.155943,-6.428274,-7.726607,-9.050008,-10.397436,-11.767721,-13.159421,-14.570436,-15.998357,-17.440545,-18.893978,-20.355992,-21.825363,-23.304725,-24.798262,-26.310857,-27.847884,-29.412348,-30.999807,-32.586346,-34.149178,
6.304953,5.699844,5.069678,4.416313,3.744216,3.059147,2.367307,1.674878,0.987565,0.310828,-0.350091,-0.990363,-1.605553,-2.191986,-2.747801,-3.272038,-3.764560,-4.226746,-4.660602,-5.068469,-5.453029,-5.817014,-6.162944,-6.492683,-6.807743,-7.109277,-7.397723,-7.673459,-7.937392,-8.192051,-8.439736,
293.0,1.333333
293.000000,294.333333,295.666667,297.000000,298.333333,299.666667,301.000000,302.333333,303.666667,305.000000,306.333333,307.666667,309.000000,310.333333,311.666667,313.000000,314.333333,315.666667,317.000000,318.333333,319.666667,321.000000,322.333333,323.666667,325.000000,326.333333,327.666667,329.000000,330.333333,331.666667,333.000000,
5.336506,4.317617,3.276867,2.212833,1.125654,0.015778,-1.116245,-2.269871,-3.444684,-4.640411,-5.857064,-7.095339,-8.356207,-9.640741,-10.950039,-12.284883,-13.645099,-15.028081,-16.430291,-17.847916,-19.277291,-20.715276,-22.160092,-23.613363,-25.078103,-26.557924,-28.056783,-29.576905,-31.115164,-32.654712,-34.179505,
5.799298,5.191027,4.561269,3.912206,3.248437,2.575770,1.900431,1.228658,0.566299,-0.081153,-0.708825,-1.313295,-1.891906,-2.442768,-2.965428,-3.460075,-3.927311,-4.368287,-4.784430,-5.177415,-5.549359,-5.902469,-6.238775,-6.559706,-6.866366,-7.159526,-7.439322,-7.705885,-7.959976,-8.204170,-8.440848,
294.0,1.300000
294.000000,295.300000,296.600000,297.900000,299.200000,300.500000,301.800000,303.100000,304.400000,305.700000,307.000000,308.300000,309.600000,310.900000,312.200000,313.500000,314.800000,316.100000,317.400000,318.700000,320.000000,321.300000,322.600000,323.900000,325.200000,326.500000,327.800000,329.100000,330.400000,331.700000,333.000000,
4.464805,3.462351,2.437581,1.388733,0.315697,-0.781166,-1.901259,-3.043795,-4.207677,-5.391665,-6.594422,-7.814474,-9.050484,-10.301632,-11.568436,-12.851912,-14.153163,-15.473032,-16.812070,-18.170253,-19.546216,-20.938318,-22.345489,-23.768541,-25.209046,-26.668845,-28.149794,-29.651706,-31.168572,-32.679866,-34.166624,
5.283381,4.675627,4.049950,3.408742,2.756543,2.098888,1.441658,0.790727,0.151607,-0.470513,-1.070985,-1.646397,-2.194095,-2.712361,-3.201375,-3.662185,-4.096417,-4.506462,-4.894962,-5.264499,-5.617238,-5.955057,-6.279452,-6.591101,-6.890333,-7.177290,-7.451936,-7.714392,-7.965393,-8.207271,-8.442166,
295.0,1.266667
295.000000,296.266667,297.533333,298.800000,300.066667,301.333333,302.600000,303.866667,305.133333,306.400000,307.666667,308.933333,310.200000,311.466667,312.733333,314.000000,315.266667,316.533333,317.800000,319.066667,320.333333,321.600000,322.866667,324.133333,325.400000,326.666667,327.933333,329.200000,330.466667,331.733333,333.000000,
3.595878,2.618035,1.628637,0.624788,-0.395843,-1.435343,-2.495657,-3.578592,-4.685699,-5.818313,-6.977411,-8.163189,-9.375349,-10.612998,-11.874062,-13.156037,-14.456400,-15.772997,-17.103956,-18.447828,-19.804066,-21.172709,-22.554553,-23.951909,-25.367512,-26.803771,-28.261745,-29.739790,-31.230022,-32.709790,-34.158514,
4.760002,4.161774,3.555656,2.943173,2.326973,1.710331,1.096767,0.489849,-0.106952,-0.690280,-1.256990,-1.804426,-2.330253,-2.832556,-3.310266,-3.762842,-4.190362,-4.594128,-4.975966,-5.337962,-5.682386,-6.011458,-6.327056,-6.630152,-6.921325,-7.200935,-7.469148,-7.726235,-7.972980,-8.211480,-8.443626,
296.0,1.233333
296.000000,297.233333,298.466667,299.700000,300.933333,302.166667,303.400000,304.633333,305.866667,307.100000,308.333333,309.566667,310.800000,312.033333,313.266667,314.500000,315.733333,316.966667,318.200000,319.433333,320.666667,321.900000,323.133333,324.366667,325.600000,326.833333,328.066667,329.300000,330.533333,331.766667,333.000000,
3.162189,2.189541,1.194623,0.175504,-0.867972,-1.935301,-3.025661,-4.138008,-5.271004,-6.423188,-7.593040,-8.779010,-9.979703,-11.194174,-12.422575,-13.665500,-14.923681,-16.197772,-17.488287,-18.795425,-20.118658,-21.457373,-22.811455,-24.182243,-25.571456,-26.980422,-28.408989,-29.854465,-31.308608,-32.750411,-34.161054,
4.496373,3.899829,3.290740,2.671680,2.046945,1.421514,0.800575,0.189219,-0.407950,-0.986707,-1.543384,-2.075471,-2.581179,-3.059535,-3.511109,-3.937203,-4.339580,-4.720567,-5.082650,-5.428205,-5.759130,-6.077015,-6.383074,-6.677781,-6.961304,-7.233700,-7.495023,-7.745518,-7.985942,-8.218299,-8.444389,
297.0,1.200000
297.000000,298.200000,299.400000,300.600000,301.800000,303.000000,304.200000,305.400000,306.600000,307.800000,309.000000,310.200000,311.400000,312.600000,313.800000,315.000000,316.200000,317.400000,318.600000,319.800000,321.000000,322.200000,323.400000,324.600000,325.800000,327.000000,328.200000,329.400000,330.600000,331.800000,333.000000,
2.295827,1.345962,0.383633,-0.593933,-1.588776,-2.602560,-3.636755,-4.692676,-5.771418,-6.873912,-8.000882,-9.152637,-10.329201,-11.530237,-12.754714,-14.001179,-15.267729,-16.551662,-17.850060,-19.160212,-20.480196,-21.808745,-23.145595,-24.492543,-25.851984,-27.225878,-28.614402,-30.015468,-31.422601,-32.819666,-34.192270,
3.966916,3.383921,2.797183,2.208473,1.620326,1.035664,0.457537,-0.111032,-0.667225,-1.208403,-1.732203,-2.236839,-2.720890,-3.183356,-3.624007,-4.043028,-4.440960,-4.818889,-5.178150,-5.520190,-5.846528,-6.158625,-6.457727,-6.744541,-7.019524,-7.282990,-7.535119,-7.776221,-8.007094,-8.229737,-8.445936,
298.0,1.166667
298.000000,299.166667,300.333333,301.500000,302.666667,303.833333,305.000000,306.166667,307.333333,308.500000,309.666667,310.833333,312.000000,313.166667,314.333333,315.500000,316.666667,317.833333,319.000000,320.166667,321.333333,322.500000,323.666667,324.833333,326.000000,327.166667,328.333333,329.500000,330.666667,331.833333,333.000000,
1.430116,0.493741,-0.455856,-1.421500,-2.405151,-3.408265,-4.431997,-5.477191,-6.544168,-7.632907,-8.742984,-9.873246,-11.022272,-12.188654,-13.371276,-14.569229,-15.781854,-17.008957,-18.250527,-19.506573,-20.776986,-22.061739,-23.361157,-24.676422,-26.008739,-27.358528,-28.724074,-30.101217,-31.481373,-32.846558,-34.181117,
3.436687,2.864669,2.291250,1.718310,1.148281,0.583862,0.027836,-0.517045,-1.048200,-1.563205,-2.059884,-2.536564,-2.991956,-3.425285,-3.836779,-4.227196,-4.597718,-4.950125,-5.286398,-5.608447,-5.917807,-6.215743,-6.503174,-6.780373,-7.047345,-7.304030,-7.550467,-7.786906,-8.014069,-8.233728,-8.447463,
299.0,1.133333
299.000000,300.133333,301.266667,302.400000,303.533333,304.666667,305.800000,306.933333,308.066667,309.200000,310.333333,311.466667,312.600000,313.733333,314.866667,316.000000,317.133333,318.266667,319.400000,320.533333,321.666667,322.800000,323.933333,325.066667,326.200000,327.333333,328.466667,329.600000,330.733333,331.866667,333.000000,
0.564224,-0.358955,-1.295650,-2.248560,-3.219468,-4.209679,-5.220247,-6.252025,-7.305596,-8.381327,-9.479271,-10.598888,-11.739227,-12.898859,-14.075497,-15.266492,-16.469105,-17.680712,-18.899002,-20.122371,-21.350773,-22.585104,-23.827191,-25.080383,-26.348289,-27.633686,-28.936893,-30.255548,-31.582678,-32.901786,-34.198291,
2.908170,2.349748,1.792140,1.237332,0.687632,0.145461,-0.386759,-0.906710,-1.412347,-1.901829,-2.373582,-2.826527,-3.259896,-3.673242,-4.066656,-4.440548,-4.795624,-5.133059,-5.454235,-5.760612,-6.053648,-6.334724,-6.605008,-6.865198,-7.115783,-7.357182,-7.589828,-7.814268,-8.031330,-8.242468,-8.448909,
300.0,1.100000
300.000000,301.100000,302.200000,303.300000,304.400000,305.500000,306.600000,307.700000,308.800000,309.900000,311.000000,312.100000,313.200000,314.300000,315.400000,316.500000,317.600000,318.700000,319.800000,320.900000,322.000000,323.100000,324.200000,325.300000,326.400000,327.500000,328.600000,329.700000,330.800000,331.900000,333.000000,
-0.302652,-1.213051,-2.137432,-3.078425,-4.037619,-5.016011,-6.014263,-7.032739,-8.071382,-9.129844,-10.207452,-11.302973,-12.414933,-13.541783,-14.682026,-15.834220,-16.997012,-18.169227,-19.349869,-20.538228,-21.734167,-22.938003,-24.150673,-25.374267,-26.611056,-27.862622,-29.128587,-30.406472,-31.690306,-32.967107,-34.225549,
2.383711,1.841187,1.301358,0.766259,0.238056,-0.281075,-0.788994,-1.283672,-1.763331,-2.226384,-2.671505,-3.097837,-3.504855,-3.892427,-4.261105,-4.611798,-4.945663,-5.264140,-5.568749,-5.860928,-6.141831,-6.412408,-6.673376,-6.925035,-7.167518,-7.400945,-7.625562,-7.841791,-8.050385,-8.252785,-8.450223,
301.0,1.066667
301.000000,302.066667,303.133333,304.200000,305.266667,306.333333,307.400000,308.466667,309.533333,310.600000,311.666667,312.733333,313.800000,314.866667,315.933333,317.000000,318.066667,319.133333,320.200000,321.266667,322.333333,323.400000,324.466667,325.533333,326.600000,327.666667,328.733333,329.800000,330.866667,331.933333,333.000000,
-1.171284,-2.069217,-2.981322,-3.909331,-4.853693,-5.814180,-6.790308,-7.781605,-8.787886,-9.809137,-10.845481,-11.897235,-12.964710,-14.047998,-15.146652,-16.259906,-17.386719,-18.525663,-19.675266,-20.834343,-22.002471,-23.179773,-24.366998,-25.565971,-26.778594,-28.005897,-29.246594,-30.497154,-31.750595,-32.993321,-34.213689,
1.865488,1.340936,0.820812,0.307453,-0.196827,-0.689815,-1.169443,-1.633918,-2.081997,-2.512795,-2.925799,-3.321085,-3.699044,-4.060292,-4.405701,-4.736264,-5.053025,-5.357038,-5.649332,-5.930842,-6.202315,-6.464358,-6.717424,-6.961708,-7.197317,-7.424394,-7.643263,-7.854427,-8.058664,-8.257280,-8.451364,
302.0,1.033333
302.000000,303.033333,304.066667,305.100000,306.133333,307.166667,308.200000,309.233333,310.266667,311.300000,312.333333,313.366667,314.400000,315.433333,316.466667,317.500000,318.533333,319.566667,320.600000,321.633333,322.666667,323.700000,324.733333,325.766667,326.800000,327.833333,328.866667,329.900000,330.933333,331.966667,333.000000,
-2.042399,-2.925605,-3.820557,-4.728608,-5.650182,-6.585562,-7.535007,-8.498859,-9.477696,-10.472144,-11.482710,-12.509557,-13.552608,-14.611509,-15.685464,-16.773432,-17.874204,-18.986386,-20.108621,-21.239837,-22.379638,-23.528082,-24.685708,-25.853807,-27.033651,-28.225713,-29.428449,-30.638464,-31.849681,-33.051080,-34.233364,
1.355507,0.851652,0.354696,-0.133000,-0.609472,-1.073198,-1.522943,-1.957748,-2.377083,-2.780664,-3.168412,-3.540515,-3.897329,-4.239358,-4.567324,-4.882054,-5.184425,-5.475334,-5.755654,-6.026166,-6.287456,-6.539971,-6.784014,-7.019651,-7.246877,-7.465741,-7.676502,-7.879613,-8.075810,-8.266355,-8.452298,
303.0,1.000000
303.000000,304.000000,305.000000,306.000000,307.000000,308.000000,309.000000,310.000000,311.000000,312.000000,313.000000,314.000000,315.000000,316.000000,317.000000,318.000000,319.000000,320.000000,321.000000,322.000000,323.000000,324.000000,325.000000,326.000000,327.000000,328.000000,329.000000,330.000000,331.000000,332.000000,333.000000,
-2.916676,-3.787538,-4.672196,-5.572938,-6.490862,-7.426405,-8.379626,-9.350290,-10.337817,-11.341379,-12.359862,-13.391705,-14.435125,-15.488236,-16.549119,-17.615949,-18.687173,-19.761818,-20.839345,-21.919717,-23.003720,-24.092623,-25.188067,-26.292157,-27.406913,-28.533684,-29.672223,-30.820771,-31.975383,-33.128166,-34.272354,
0.855578,0.372593,-0.103451,-0.570562,-1.027157,-1.471918,-1.903702,-2.321527,-2.724647,-3.112483,-3.484643,-3.841036,-4.181776,-4.507194,-4.817947,-5.114875,-5.398941,-5.671235,-5.932860,-6.184837,-6.427958,-6.662850,-6.889963,-7.109459,-7.321401,-7.525882,-7.723173,-7.913712,-8.098170,-8.277635,-8.453003,
304.0,0.966667
304.000000,304.966667,305.933333,306.900000,307.866667,308.833333,309.800000,310.766667,311.733333,312.700000,313.666667,314.633333,315.600000,316.566667,317.533333,318.500000,319.466667,320.433333,321.400000,322.366667,323.333333,324.300000,325.266667,326.233333,327.200000,328.166667,329.133333,330.100000,331.066667,332.033333,333.000000,
-3.794737,-4.651702,-5.521860,-6.406767,-7.306687,-8.221228,-9.149712,-10.091404,-11.045718,-12.012148,-12.990234,-13.979553,-14.979629,-15.989827,-17.009164,-18.036522,-19.070794,-20.111033,-21.156528,-22.206994,-23.262948,-24.325373,-25.395591,-26.475295,-27.566003,-28.668428,-29.781468,-30.902421,-32.026452,-33.145062,-34.251143,
0.367308,-0.092867,-0.545109,-0.987311,-1.417894,-1.835636,-2.239559,-2.628938,-3.003420,-3.362899,-3.707500,-4.037676,-4.354054,-4.657368,-4.948439,-5.228124,-5.497272,-5.756692,-6.007136,-6.249263,-6.483563,-6.710410,-6.930064,-7.142622,-7.348140,-7.546743,-7.738756,-7.924664,-8.105137,-8.281146,-8.453466,
305.0,0.933333
305.000000,305.933333,306.866667,307.800000,308.733333,309.666667,310.600000,311.533333,312.466667,313.400000,314.333333,315.266667,316.200000,317.133333,318.066667,319.000000,319.933333,320.866667,321.800000,322.733333,323.666667,324.600000,325.533333,326.466667,327.400000,328.333333,329.266667,330.200000,331.133333,332.066667,333.000000,
-4.677142,-5.517890,-6.369307,-7.232723,-8.108510,-8.996720,-9.897266,-10.810038,-11.735016,-12.672170,-13.621354,-14.582153,-15.553962,-16.535975,-17.527102,-18.526154,-19.531997,-20.543726,-21.560692,-22.582634,-23.609989,-24.643580,-25.684474,-26.733947,-27.793050,-28.862083,-29.939731,-31.023319,-32.108459,-33.187966,-34.255930,
-0.107905,-0.543702,-0.970229,-1.385468,-1.788180,-2.177655,-2.553505,-2.915580,-3.263996,-3.599030,-3.921070,-4.230630,-4.528295,-4.814692,-5.090491,-5.356371,-5.612998,-5.860997,-6.100939,-6.333315,-6.558467,-6.776639,-6.987986,-7.192545,-7.390335,-7.581455,-7.766218,-7.945091,-8.118718,-8.288009,-8.453688,
306.0,0.900000
306.000000,306.900000,307.800000,308.700000,309.600000,310.500000,311.400000,312.300000,313.200000,314.100000,315.000000,315.900000,316.800000,317.700000,318.600000,319.500000,320.400000,321.300000,322.200000,323.100000,324.000000,324.900000,325.800000,326.700000,327.600000,328.500000,329.400000,330.300000,331.200000,332.100000,333.000000,
-5.564386,-6.386765,-7.216217,-8.054636,-8.903374,-9.763349,-10.635178,-11.519179,-12.415268,-13.323098,-14.242106,-15.171462,-16.110227,-17.057466,-18.012359,-18.974215,-19.942527,-20.917114,-21.898034,-22.885597,-23.880482,-24.883543,-25.895687,-26.917769,-27.950254,-28.992714,-30.042963,-31.097415,-32.150857,-33.195586,-34.225425,
-0.568884,-0.979080,-1.378578,-1.765799,-2.140175,-2.501631,-2.850343,-3.186599,-3.510706,-3.822992,-4.123817,-4.413593,-4.692783,-4.961906,-5.221575,-5.472442,-5.715156,-5.950317,-6.178467,-6.400051,-6.615334,-6.824477,-7.027569,-7.224622,-7.415656,-7.600780,-7.780313,-7.954717,-8.124588,-8.290706,-8.453675,
307.0,0.866667
307.000000,307.866667,308.733333,309.600000,310.466667,311.333333,312.200000,313.066667,313.933333,314.800000,315.666667,316.533333,317.400000,318.266667,319.133333,320.000000,320.866667,321.733333,322.600000,323.466667,324.333333,325.200000,326.066667,326.933333,327.800000,328.666667,329.533333,330.400000,331.266667,332.133333,333.000000,
-6.456895,-7.266341,-8.087456,-8.921799,-9.769681,-10.630702,-11.504050,-12.388656,-13.283250,-14.186469,-15.096928,-16.013282,-16.934277,-17.858820,-18.786125,-19.715655,-20.647164,-21.580848,-22.517219,-23.457106,-24.401760,-25.352630,-26.311198,-27.278829,-28.256498,-29.244364,-30.241035,-31.243868,-32.248795,-33.249611,-34.241317,
-1.014673,-1.401415,-1.779441,-2.147063,-2.503365,-2.847871,-3.180358,-3.500766,-3.809168,-4.105736,-4.390744,-4.664603,-4.927819,-5.180971,-5.424732,-5.659809,-5.886897,-6.106635,-6.319599,-6.526273,-6.726989,-6.921987,-7.111438,-7.295448,-7.474126,-7.647651,-7.816369,-7.980736,-8.141297,-8.298703,-8.453444,
308.0,0.833333
308.000000,308.833333,309.666667,310.500000,311.333333,312.166667,313.000000,313.833333,314.666667,315.500000,316.333333,317.166667,318.000000,318.833333,319.666667,320.500000,321.333333,322.166667,323.000000,323.833333,324.666667,325.500000,326.333333,327.166667,328.000000,328.833333,329.666667,330.500000,331.333333,332.166667,333.000000,
-7.355019,-8.145773,-8.946789,-9.759285,-10.583338,-11.418406,-12.263634,-13.118032,-13.980622,-14.850448,-15.726595,-16.608221,-17.494557,-18.384916,-19.278751,-20.175662,-21.075468,-21.978346,-22.884743,-23.795365,-24.711274,-25.633668,-26.563719,-27.502400,-28.450254,-29.407030,-30.371030,-31.339426,-32.308193,-33.271616,-34.225182,
-1.444539,-1.805893,-2.158550,-2.500884,-2.832083,-3.151812,-3.460019,-3.756837,-4.042561,-4.317583,-4.582371,-4.837471,-5.083469,-5.320963,-5.550549,-5.772803,-5.988261,-6.197386,-6.400578,-6.598159,-6.790342,-6.977272,-7.159060,-7.335790,-7.507572,-7.674589,-7.837185,-7.995802,-8.150951,-8.303215,-8.453021,
309.0,0.800000
309.000000,309.800000,310.600000,311.400000,312.200000,313.000000,313.800000,314.600000,315.400000,316.200000,317.000000,317.800000,318.600000,319.400000,320.200000,321.000000,321.800000,322.600000,323.400000,324.200000,325.000000,325.800000,326.600000,327.400000,328.200000,329.000000,329.800000,330.600000,331.400000,332.200000,333.000000,
-8.259039,-9.029892,-9.810024,-10.600565,-11.401591,-12.212602,-13.032799,-13.861251,-14.697040,-15.539272,-16.387103,-17.239782,-18.096643,-18.957116,-19.820780,-20.687364,-21.556788,-22.429279,-23.305279,-24.185432,-25.070627,-25.961829,-26.859930,-27.765573,-28.678998,-29.599753,-30.526181,-31.455717,-32.384882,-33.308993,-34.224415,
-1.857971,-2.194101,-2.521924,-2.839945,-3.147485,-3.444339,-3.730582,-4.006464,-4.272364,-4.528732,-4.776070,-5.014917,-5.245825,-5.469340,-5.685975,-5.896213,-6.100485,-6.299146,-6.492486,-6.680728,-6.864003,-7.042392,-7.215953,-7.384741,-7.548846,-7.708438,-7.863834,-8.015446,-8.163753,-8.309286,-8.452437,
310.0,0.766667
310.000000,310.766667,311.533333,312.300000,313.066667,313.833333,314.600000,315.366667,316.133333,316.900000,317.666667,318.433333,319.200000,319.966667,320.733333,321.500000,322.266667,323.033333,323.800000,324.566667,325.333333,326.100000,326.866667,327.633333,328.400000,329.166667,329.933333,330.700000,331.466667,332.233333,333.000000,
-9.169156,-9.917834,-10.673611,-11.437470,-12.209625,-12.989896,-13.777884,-14.573090,-15.374990,-16.183047,-16.996711,-17.815420,-18.638632,-19.465873,-20.296793,-21.131173,-21.968979,-22.810458,-23.656050,-24.506360,-25.362177,-26.224309,-27.093430,-27.969884,-28.853564,-29.743652,-30.638162,-31.534253,-32.428292,-33.315692,-34.192966,
-2.254675,-2.565688,-2.868610,-3.162070,-3.445547,-3.719022,-3.982768,-4.237220,-4.482896,-4.720351,-4.950145,-5.172802,-5.388817,-5.598647,-5.802691,-6.001302,-6.194785,-6.383377,-6.567263,-6.746583,-6.921418,-7.091824,-7.257855,-7.419586,-7.577137,-7.730699,-7.880594,-8.027215,-8.170997,-8.312394,-8.451728,
311.0,0.733333
311.000000,311.733333,312.466667,313.200000,313.933333,314.666667,315.400000,316.133333,316.866667,317.600000,318.333333,319.066667,319.800000,320.533333,321.266667,322.000000,322.733333,323.466667,324.200000,324.933333,325.666667,326.400000,327.133333,327.866667,328.600000,329.333333,330.066667,330.800000,331.533333,332.266667,333.000000,
-10.085496,-10.812180,-11.546138,-12.288324,-13.038840,-13.797302,-14.563068,-15.335379,-16.113481,-16.896648,-17.684218,-18.475639,-19.270457,-20.068332,-20.869083,-21.672666,-22.479194,-23.288991,-24.102521,-24.920347,-25.743119,-26.571460,-27.405831,-28.246366,-29.092798,-29.944276,-30.799023,-31.654605,-32.508022,-33.355648,-34.194773,
-2.634568,-2.921570,-3.201534,-3.473226,-3.736153,-3.990259,-4.235746,-4.472966,-4.702353,-4.924378,-5.139530,-5.348280,-5.551082,-5.748352,-5.940452,-6.127695,-6.310341,-6.488581,-6.662554,-6.832356,-6.998032,-7.159605,-7.317106,-7.470591,-7.620164,-7.765998,-7.908384,-8.047681,-8.184285,-8.318606,-8.450933,
312.0,0.700000
312.000000,312.700000,313.400000,314.100000,314.800000,315.500000,316.200000,316.900000,317.600000,318.300000,319.000000,319.700000,320.400000,321.100000,321.800000,322.500000,323.200000,323.900000,324.600000,325.300000,326.000000,326.700000,327.400000,328.100000,328.800000,329.500000,330.200000,330.900000,331.600000,332.300000,333.000000,
-11.008111,-11.710499,-12.419175,-13.135006,-13.858109,-14.588177,-15.324660,-16.066909,-16.814274,-17.566138,-18.321947,-19.081260,-19.843739,-20.609161,-21.377458,-22.148691,-22.923057,-23.700924,-24.482764,-25.269103,-26.060492,-26.857399,-27.660101,-28.468506,-29.282110,-30.099854,-30.919835,-31.739571,-32.556129,-33.366131,-34.167106,
-2.997769,-3.261314,-3.518615,-3.768566,-4.010736,-4.245097,-4.471857,-4.691365,-4.904035,-5.110311,-5.310640,-5.505446,-5.695122,-5.880023,-6.060443,-6.236630,-6.408784,-6.577043,-6.741506,-6.902238,-7.059272,-7.212635,-7.362365,-7.508537,-7.651271,-7.790749,-7.927247,-8.061095,-8.192641,-8.322228,-8.450092,
313.0,0.666667
313.000000,313.666667,314.333333,315.000000,315.666667,316.333333,317.000000,317.666667,318.333333,319.000000,319.666667,320.333333,321.000000,321.666667,322.333333,323.000000,323.666667,324.333333,325.000000,325.666667,326.333333,327.000000,327.666667,328.333333,329.000000,329.666667,330.333333,331.000000,331.666667,332.333333,333.000000,
-12.403731,-13.080317,-13.759019,-14.440315,-15.124481,-15.811675,-16.501977,-17.195418,-17.892003,-18.591724,-19.294578,-20.000583,-20.709783,-21.422267,-22.138185,-22.857747,-23.581221,-24.308953,-25.041331,-25.778762,-26.521647,-27.270311,-28.024917,-28.785336,-29.551117,-30.321369,-31.094555,-31.868693,-32.641460,-33.410213,-34.173034,
-3.511997,-3.746847,-3.975618,-4.197326,-4.411689,-4.618839,-4.819154,-5.013135,-5.201318,-5.384242,-5.562420,-5.736298,-5.906264,-6.072646,-6.235686,-6.395565,-6.552406,-6.706265,-6.857158,-7.005074,-7.149987,-7.291871,-7.430723,-7.566589,-7.699561,-7.829789,-7.957508,-8.082995,-8.206541,-8.328425,-8.448835,
314.0,0.633333
314.000000,314.633333,315.266667,315.900000,316.533333,317.166667,317.800000,318.433333,319.066667,319.700000,320.333333,320.966667,321.600000,322.233333,322.866667,323.500000,324.133333,324.766667,325.400000,326.033333,326.666667,327.300000,327.933333,328.566667,329.200000,329.833333,330.466667,331.100000,331.733333,332.366667,333.000000,
-13.341781,-13.991536,-14.643093,-15.296917,-15.953318,-16.612504,-17.274617,-17.939749,-18.607951,-19.279251,-19.953660,-20.631175,-21.311802,-21.995570,-22.682559,-23.372899,-24.066775,-24.764450,-25.466225,-26.172408,-26.883285,-27.599061,-28.319784,-29.045241,-29.774936,-30.508010,-31.243095,-31.978483,-32.712227,-33.442196,-34.166869,
-3.835200,-4.049342,-4.258434,-4.461626,-4.658656,-4.849616,-5.034813,-5.214663,-5.389611,-5.560105,-5.726564,-5.889342,-6.048741,-6.205002,-6.358297,-6.508743,-6.656413,-6.801334,-6.943503,-7.082904,-7.219515,-7.353321,-7.484336,-7.612614,-7.738255,-7.861409,-7.982292,-8.101154,-8.218254,-8.333834,-8.448053,
315.0,0.600000
315.000000,315.600000,316.200000,316.800000,317.400000,318.000000,318.600000,319.200000,319.800000,320.400000,321.000000,321.600000,322.200000,322.800000,323.400000,324.000000,324.600000,325.200000,325.800000,326.400000,327.000000,327.600000,328.200000,328.800000,329.400000,330.000000,330.600000,331.200000,331.800000,332.400000,333.000000,
-14.285723,-14.907785,-15.531800,-16.158205,-16.787234,-17.418992,-18.053500,-18.690734,-19.330649,-19.973200,-20.618355,-21.266113,-21.916510,-22.569623,-23.225586,-23.884582,-24.546834,-25.212611,-25.882193,-26.555838,-27.233748,-27.916021,-28.602597,-29.293160,-29.987142,-30.683664,-31.381434,-32.078896,-32.774335,-33.465949,-34.152476,
-4.143526,-4.338306,-4.529108,-4.715205,-4.896325,-5.072484,-5.243866,-5.410755,-5.573466,-5.732325,-5.887643,-6.039692,-6.188703,-6.334869,-6.478328,-6.619178,-6.757482,-6.893269,-7.026547,-7.157314,-7.285570,-7.411321,-7.534597,-7.655469,-7.774040,-7.890455,-8.004909,-8.117621,-8.228812,-8.338680,-8.447355,
316.0,0.566667
316.000000,316.566667,317.133333,317.700000,318.266667,318.833333,319.400000,319.966667,320.533333,321.100000,321.666667,322.233333,322.800000,323.366667,323.933333,324.500000,325.066667,325.633333,326.200000,326.766667,327.333333,327.900000,328.466667,329.033333,329.600000,330.166667,330.733333,331.300000,331.866667,332.433333,333.000000,
-15.235302,-15.828364,-16.423205,-17.020247,-17.619733,-18.221784,-18.826442,-19.433698,-20.043515,-20.655849,-21.270665,-21.887958,-22.507759,-23.130140,-23.755230,-24.383204,-25.014262,-25.648636,-26.286549,-26.928185,-27.573650,-28.222939,-28.875886,-29.532088,-30.190909,-30.851452,-31.512477,-32.172546,-32.830114,-33.483625,-34.132008,
-4.437819,-4.614492,-4.788069,-4.957946,-5.123868,-5.285803,-5.443857,-5.598215,-5.749094,-5.896719,-6.041305,-6.183044,-6.322097,-6.458600,-6.592653,-6.724329,-6.853678,-6.980730,-7.105503,-7.228012,-7.348276,-7.466327,-7.582216,-7.696025,-7.807867,-7.917881,-8.026243,-8.133144,-8.238767,-8.343274,-8.446768,
317.0,0.533333
317.000000,317.533333,318.066667,318.600000,319.133333,319.666667,320.200000,320.733333,321.266667,321.800000,322.333333,322.866667,323.400000,323.933333,324.466667,325.000000,325.533333,326.066667,326.600000,327.133333,327.666667,328.200000,328.733333,329.266667,329.800000,330.333333,330.866667,331.400000,331.933333,332.466667,333.000000,
-16.190205,-16.753782,-17.319539,-17.887895,-18.459012,-19.032890,-19.609433,-20.188497,-20.769936,-21.353620,-21.939449,-22.527387,-23.117448,-23.709697,-24.304261,-24.901304,-25.501012,-26.103581,-26.709189,-27.317960,-27.929932,-28.545030,-29.163030,-29.783498,-30.405799,-31.029084,-31.652243,-32.274017,-32.893090,-33.508180,-34.118422,
-4.719033,-4.879027,-5.036819,-5.191914,-5.344054,-5.493136,-5.639159,-5.782189,-5.922323,-6.059676,-6.194370,-6.326517,-6.456220,-6.583569,-6.708638,-6.831485,-6.952157,-7.070693,-7.187123,-7.301483,-7.413814,-7.524168,-7.632614,-7.739245,-7.844177,-7.947543,-8.049503,-8.150218,-8.249846,-8.348517,-8.446312,
318.0,0.500000
318.000000,318.500000,319.000000,319.500000,320.000000,320.500000,321.000000,321.500000,322.000000,322.500000,323.000000,323.500000,324.000000,324.500000,325.000000,325.500000,326.000000,326.500000,327.000000,327.500000,328.000000,328.500000,329.000000,329.500000,330.000000,330.500000,331.000000,331.500000,332.000000,332.500000,333.000000,
-17.631740,-18.164237,-18.696843,-19.229623,-19.762653,-20.296022,-20.829827,-21.364184,-21.899228,-22.435112,-22.972013,-23.510130,-24.049687,-24.590923,-25.134097,-25.679475,-26.227323,-26.777891,-27.331403,-27.888037,-28.447896,-29.010998,-29.577254,-30.146422,-30.718122,-31.291824,-31.866818,-32.442291,-33.017389,-33.591272,-34.163375,
-5.118600,-5.259871,-5.399271,-5.536369,-5.670935,-5.802876,-5.932190,-6.058935,-6.183197,-6.305080,-6.424694,-6.542138,-6.657506,-6.770879,-6.882322,-6.991889,-7.099624,-7.205564,-7.309742,-7.412192,-7.512956,-7.612084,-7.709641,-7.805707,-7.900383,-7.993780,-8.086026,-8.177252,-8.267579,-8.357108,-8.445901,
319.0,0.466667
319.000000,319.466667,319.933333,320.400000,320.866667,321.333333,321.800000,322.266667,322.733333,323.200000,323.666667,324.133333,324.600000,325.066667,325.533333,326.000000,326.466667,326.933333,327.400000,327.866667,328.333333,328.800000,329.266667,329.733333,330.200000,330.666667,331.133333,331.600000,332.066667,332.533333,333.000000,
-18.598279,-19.099176,-19.600063,-20.101003,-20.602090,-21.103445,-21.605208,-22.107537,-22.610610,-23.114617,-23.619764,-24.126267,-24.634354,-25.144254,-25.656198,-26.170408,-26.687086,-27.206406,-27.728500,-28.253444,-28.781235,-29.311784,-29.844901,-30.380265,-30.917437,-31.455860,-31.994843,-32.533627,-33.071444,-33.607573,-34.141540,
-5.371735,-5.499227,-5.625325,-5.749678,-5.872081,-5.992429,-6.110685,-6.226861,-6.340992,-6.453134,-6.563348,-6.671694,-6.778232,-6.883018,-6.986098,-7.087516,-7.187312,-7.285525,-7.382192,-7.477357,-7.571070,-7.663389,-7.754381,-7.844129,-7.932726,-8.020272,-8.106876,-8.192646,-8.277679,-8.362053,-8.445815,
320.0,0.433333
320.000000,320.433333,320.866667,321.300000,321.733333,322.166667,322.600000,323.033333,323.466667,323.900000,324.333333,324.766667,325.200000,325.633333,326.066667,326.500000,326.933333,327.366667,327.800000,328.233333,328.666667,329.100000,329.533333,329.966667,330.400000,330.833333,331.266667,331.700000,332.133333,332.566667,333.000000,
-19.568707,-20.037318,-20.505903,-20.974536,-21.443332,-21.912435,-22.382014,-22.852252,-23.323346,-23.795505,-24.268940,-24.743865,-25.220493,-25.699026,-26.179653,-26.662543,-27.147831,-27.635613,-28.125934,-28.618779,-29.114052,-29.611576,-30.111083,-30.612195,-31.114435,-31.617237,-32.119940,-32.621845,-33.122267,-33.620591,-34.116423,
-5.615562,-5.730353,-5.844109,-5.956549,-6.067493,-6.176832,-6.284512,-6.390514,-6.494842,-6.597516,-6.698566,-6.798027,-6.895935,-6.992328,-7.087243,-7.180716,-7.272785,-7.363491,-7.452875,-7.540985,-7.627876,-7.713607,-7.798247,-7.881873,-7.964568,-8.046419,-8.127515,-8.207942,-8.287776,-8.367076,-8.445876,
321.0,0.400000
321.000000,321.400000,321.800000,322.200000,322.600000,323.000000,323.400000,323.800000,324.200000,324.600000,325.000000,325.400000,325.800000,326.200000,326.600000,327.000000,327.400000,327.800000,328.200000,328.600000,329.000000,329.400000,329.800000,330.200000,330.600000,331.000000,331.400000,331.800000,332.200000,332.600000,333.000000,
-20.542547,-20.978218,-21.414029,-21.850106,-22.286600,-22.723678,-23.161521,-23.600316,-24.040250,-24.481513,-24.924285,-25.368737,-25.815025,-26.263284,-26.713621,-27.166112,-27.620795,-28.077659,-28.536643,-28.997629,-29.460429,-29.924790,-30.390387,-30.856818,-31.323614,-31.790250,-32.256149,-32.720727,-33.183429,-33.643777,-34.101474,
-5.851155,-5.954201,-6.056491,-6.157803,-6.257985,-6.356938,-6.454600,-6.550936,-6.645933,-6.739588,-6.831912,-6.922918,-7.012626,-7.101057,-7.188235,-7.274187,-7.358941,-7.442528,-7.524985,-7.606351,-7.686674,-7.766005,-7.844403,-7.921932,-7.998662,-8.074665,-8.150012,-8.224774,-8.299009,-8.372766,-8.446071,
322.0,0.366667
322.000000,322.366667,322.733333,323.100000,323.466667,323.833333,324.200000,324.566667,324.933333,325.300000,325.666667,326.033333,326.400000,326.766667,327.133333,327.500000,327.866667,328.233333,328.600000,328.966667,329.333333,329.700000,330.066667,330.433333,330.800000,331.166667,331.533333,331.900000,332.266667,332.633333,333.000000,
-21.519315,-21.921431,-22.324049,-22.727375,-23.131593,-23.536869,-23.943351,-24.351173,-24.760458,-25.171313,-25.583831,-25.998088,-26.414144,-26.832036,-27.251777,-27.673352,-28.096711,-28.521769,-28.948395,-29.376418,-29.805609,-30.235690,-30.666334,-31.097155,-31.527723,-31.957576,-32.386222,-32.813176,-33.237992,-33.660295,-34.079857,
-6.079521,-6.171652,-6.263247,-6.354135,-6.444190,-6.533321,-6.621463,-6.708571,-6.794616,-6.879580,-6.963455,-7.046239,-7.127939,-7.208563,-7.288127,-7.366651,-7.444159,-7.520679,-7.596246,-7.670898,-7.744679,-7.817637,-7.889827,-7.961303,-8.032125,-8.102353,-8.172044,-8.241253,-8.310025,-8.378395,-8.446384,
323.0,0.333333
323.000000,323.333333,323.666667,324.000000,324.333333,324.666667,325.000000,325.333333,325.666667,326.000000,326.333333,326.666667,327.000000,327.333333,327.666667,328.000000,328.333333,328.666667,329.000000,329.333333,329.666667,330.000000,330.333333,330.666667,331.000000,331.333333,331.666667,332.000000,332.333333,332.666667,333.000000,
-22.988894,-23.356360,-23.723591,-24.090575,-24.457349,-24.823983,-25.190579,-25.557256,-25.924145,-26.291385,-26.659114,-27.027468,-27.396578,-27.766561,-28.137520,-28.509543,-28.882695,-29.257018,-29.632528,-30.009214,-30.387034,-30.765917,-31.145759,-31.526426,-31.907758,-32.289574,-32.671673,-33.053853,-33.435924,-33.817725,-34.199156,
-6.410449,-6.491227,-6.571477,-6.651027,-6.729748,-6.807550,-6.884365,-6.960151,-7.034881,-7.108539,-7.181124,-7.252639,-7.323096,-7.392512,-7.460908,-7.528309,-7.594746,-7.660251,-7.724861,-7.788617,-7.851562,-7.913742,-7.975205,-8.036004,-8.096189,-8.155813,-8.214923,-8.273566,-8.331780,-8.389595,-8.447026,
324.0,0.300000
324.000000,324.300000,324.600000,324.900000,325.200000,325.500000,325.800000,326.100000,326.400000,326.700000,327.000000,327.300000,327.600000,327.900000,328.200000,328.500000,328.800000,329.100000,329.400000,329.700000,330.000000,330.300000,330.600000,330.900000,331.200000,331.500000,331.800000,332.100000,332.400000,332.700000,333.000000,
-23.970882,-24.303430,-24.636049,-24.968803,-25.301763,-25.635009,-25.968627,-26.302702,-26.637319,-26.972561,-27.308504,-27.645216,-27.982754,-28.321166,-28.660482,-29.000718,-29.341873,-29.683923,-30.026827,-30.370522,-30.714919,-31.059911,-31.405369,-31.751142,-32.097065,-32.442961,-32.788646,-33.133941,-33.478684,-33.822743,-34.166038,
-6.624347,-6.695641,-6.766507,-6.836800,-6.906412,-6.975262,-7.043295,-7.110470,-7.176765,-7.242167,-7.306675,-7.370295,-7.433040,-7.494928,-7.555982,-7.616229,-7.675697,-7.734422,-7.792437,-7.849781,-7.906493,-7.962613,-8.018184,-8.073246,-8.127840,-8.182007,-8.235782,-8.289199,-8.342284,-8.395057,-8.447530,
325.0,0.266667
325.000000,325.266667,325.533333,325.800000,326.066667,326.333333,326.600000,326.866667,327.133333,327.400000,327.666667,327.933333,328.200000,328.466667,328.733333,329.000000,329.266667,329.533333,329.800000,330.066667,330.333333,330.600000,330.866667,331.133333,331.400000,331.666667,331.933333,332.200000,332.466667,332.733333,333.000000,
-24.954177,-25.251282,-25.548766,-25.846769,-26.145404,-26.444761,-26.744912,-27.045911,-27.347793,-27.650583,-27.954290,-28.258907,-28.564419,-28.870795,-29.177991,-29.485950,-29.794603,-30.103866,-30.413641,-30.723817,-31.034272,-31.344869,-31.655462,-31.965896,-32.276009,-32.585639,-32.894626,-33.202821,-33.510091,-33.816335,-34.121492,
-6.833417,-6.895621,-6.957491,-7.018914,-7.079799,-7.140080,-7.199709,-7.258651,-7.316886,-7.374402,-7.431197,-7.487277,-7.542652,-7.597337,-7.651354,-7.704724,-7.757474,-7.809633,-7.861230,-7.912299,-7.962871,-8.012980,-8.062658,-8.111939,-8.160853,-8.209430,-8.257697,-8.305677,-8.353389,-8.400847,-8.448059,
326.0,0.233333
326.000000,326.233333,326.466667,326.700000,326.933333,327.166667,327.400000,327.633333,327.866667,328.100000,328.333333,328.566667,328.800000,329.033333,329.266667,329.500000,329.733333,329.966667,330.200000,330.433333,330.666667,330.900000,331.133333,331.366667,331.600000,331.833333,332.066667,332.300000,332.533333,332.766667,333.000000,
-26.430738,-26.691661,-26.952562,-27.213446,-27.474320,-27.735201,-27.996106,-28.257058,-28.518081,-28.779203,-29.040449,-29.301849,-29.563428,-29.825213,-30.087230,-30.349501,-30.612048,-30.874888,-31.138038,-31.401510,-31.665313,-31.929454,-32.193935,-32.458756,-32.723914,-32.989402,-33.255214,-33.521340,-33.787771,-34.054499,-34.321519,
-7.138269,-7.190992,-7.243389,-7.295343,-7.346760,-7.397565,-7.447703,-7.497133,-7.545825,-7.593761,-7.640931,-7.687334,-7.732974,-7.777860,-7.822009,-7.865438,-7.908169,-7.950228,-7.991640,-8.032435,-8.072642,-8.112293,-8.151418,-8.190048,-8.228213,-8.265942,-8.303260,-8.340192,-8.376756,-8.412966,-8.448830,
327.0,0.200000
327.000000,327.200000,327.400000,327.600000,327.800000,328.000000,328.200000,328.400000,328.600000,328.800000,329.000000,329.200000,329.400000,329.600000,329.800000,330.000000,330.200000,330.400000,330.600000,330.800000,331.000000,331.200000,331.400000,331.600000,331.800000,332.000000,332.200000,332.400000,332.600000,332.800000,333.000000,
-27.415742,-27.640257,-27.864913,-28.089761,-28.314842,-28.540188,-28.765822,-28.991761,-29.218014,-29.444587,-29.671477,-29.898681,-30.126188,-30.353986,-30.582058,-30.810386,-31.038946,-31.267715,-31.496665,-31.725770,-31.954998,-32.184318,-32.413701,-32.643113,-32.872524,-33.101903,-33.331223,-33.560458,-33.789588,-34.018596,-34.247475,
-7.335330,-7.379481,-7.423390,-7.466967,-7.510137,-7.552844,-7.595041,-7.636694,-7.677779,-7.718279,-7.758185,-7.797493,-7.836207,-7.874332,-7.911878,-7.948861,-7.985294,-8.021198,-8.056593,-8.091498,-8.125938,-8.159933,-8.193507,-8.226682,-8.259479,-8.291918,-8.324017,-8.355792,-8.387255,-8.418417,-8.449283,
