263.0,0.500000
263.000000,263.500000,264.000000,264.500000,265.000000,265.500000,266.000000,266.500000,267.000000,267.500000,268.000000,268.500000,269.000000,269.500000,270.000000,270.500000,271.000000,271.500000,272.000000,272.500000,273.000000,273.500000,274.000000,274.500000,275.000000,275.500000,276.000000,276.500000,277.000000,277.500000,278.000000,
5.266863,5.334943,5.403698,5.473316,5.543921,5.615599,5.688403,5.762371,5.837528,5.913890,5.991473,6.070287,6.150343,6.231652,6.314225,6.398071,6.483200,6.569614,6.657318,6.746305,6.836566,6.928080,7.020820,7.114743,7.209802,7.305935,7.403072,7.501138,7.600062,7.699778,7.800243,
-1.016019,-1.203652,-1.391029,-1.578073,-1.764731,-1.950963,-2.136740,-2.322041,-2.506847,-2.691145,-2.874922,-3.058169,-3.240878,-3.423041,-3.604654,-3.785715,-3.966225,-4.146189,-4.325614,-4.504514,-4.682907,-4.860816,-5.038268,-5.215298,-5.391942,-5.568240,-5.744234,-5.919962,-6.095461,-6.270758,-6.445870,
264.0,0.466667
264.000000,264.466667,264.933333,265.400000,265.866667,266.333333,266.800000,267.266667,267.733333,268.200000,268.666667,269.133333,269.600000,270.066667,270.533333,271.000000,271.466667,271.933333,272.400000,272.866667,273.333333,273.800000,274.266667,274.733333,275.200000,275.666667,276.133333,276.600000,277.066667,277.533333,278.000000,
5.440271,5.505644,5.571623,5.638375,5.706012,5.774605,5.844197,5.914812,5.986461,6.059146,6.132863,6.207606,6.283368,6.360140,6.437916,6.516689,6.596452,6.677203,6.758937,6.841654,6.925352,7.010035,7.095705,7.182367,7.270028,7.358696,7.448382,7.539097,7.630852,7.723659,7.817526,
-1.487515,-1.660690,-1.833685,-2.006438,-2.178898,-2.351024,-2.522779,-2.694129,-2.865039,-3.035478,-3.205410,-3.374801,-3.543613,-3.711807,-3.879341,-4.046174,-4.212265,-4.377570,-4.542053,-4.705676,-4.868412,-5.030238,-5.191143,-5.351126,-5.510202,-5.668397,-5.825754,-5.982326,-6.138172,-6.293351,-6.447905,
265.0,0.433333
265.000000,265.433333,265.866667,266.300000,266.733333,267.166667,267.600000,268.033333,268.466667,268.900000,269.333333,269.766667,270.200000,270.633333,271.066667,271.500000,271.933333,272.366667,272.800000,273.233333,273.666667,274.100000,274.533333,274.966667,275.400000,275.833333,276.266667,276.700000,277.133333,277.566667,278.000000,
5.620487,5.682969,5.745977,5.809657,5.874102,5.939368,6.005485,6.072464,6.140302,6.208987,6.278503,6.348831,6.419948,6.491837,6.564479,6.637860,6.711971,6.786806,6.862367,6.938664,7.015713,7.093541,7.172182,7.251682,7.332094,7.413481,7.495911,7.579456,7.664186,7.750161,7.837420,
-1.958056,-2.117069,-2.275986,-2.434760,-2.593340,-2.751676,-2.909713,-3.067397,-3.224668,-3.381466,-3.537725,-3.693376,-3.848349,-4.002567,-4.155953,-4.308429,-4.459914,-4.610332,-4.759609,-4.907676,-5.054475,-5.199960,-5.344098,-5.486875,-5.628300,-5.768399,-5.907223,-6.044841,-6.181331,-6.316773,-6.451224,
266.0,0.400000
266.000000,266.400000,266.800000,267.200000,267.600000,268.000000,268.400000,268.800000,269.200000,269.600000,270.000000,270.400000,270.800000,271.200000,271.600000,272.000000,272.400000,272.800000,273.200000,273.600000,274.000000,274.400000,274.800000,275.200000,275.600000,276.000000,276.400000,276.800000,277.200000,277.600000,278.000000,
5.807774,5.867156,5.926966,5.987321,6.048294,6.109925,6.172232,6.235215,6.298861,6.363152,6.428063,6.493570,6.559646,6.626269,6.693421,6.761089,6.829268,6.897960,6.967179,7.036948,7.107306,7.178301,7.249996,7.322468,7.395806,7.470109,7.545483,7.622038,7.699875,7.779081,7.859712,
-2.427338,-2.572469,-2.717577,-2.862622,-3.007548,-3.152291,-3.296776,-3.440920,-3.584637,-3.727832,-3.870406,-4.012258,-4.153282,-4.293371,-4.432415,-4.570305,-4.706937,-4.842208,-4.976025,-5.108302,-5.238969,-5.367970,-5.495271,-5.620859,-5.744747,-5.866969,-5.987589,-6.106688,-6.224356,-6.340686,-6.455741,
267.0,0.366667
267.000000,267.366667,267.733333,268.100000,268.466667,268.833333,269.200000,269.566667,269.933333,270.300000,270.666667,271.033333,271.400000,271.766667,272.133333,272.500000,272.866667,273.233333,273.600000,273.966667,274.333333,274.700000,275.066667,275.433333,275.800000,276.166667,276.533333,276.900000,277.266667,277.633333,278.000000,
6.002376,6.058429,6.114786,6.171529,6.228709,6.286349,6.344459,6.403031,6.462052,6.521502,6.581360,6.641602,6.702210,6.763168,6.824465,6.886099,6.948076,7.010415,7.073144,7.136304,7.199952,7.264156,7.329002,7.394588,7.461023,7.528427,7.596926,7.666645,7.737699,7.810184,7.884158,
-2.895010,-3.026522,-3.158040,-3.289521,-3.420899,-3.552093,-3.683007,-3.813534,-3.943559,-4.072963,-4.201618,-4.329398,-4.456170,-4.581806,-4.706177,-4.829157,-4.950629,-5.070481,-5.188614,-5.304942,-5.419395,-5.531926,-5.642505,-5.751131,-5.857827,-5.962639,-6.065640,-6.166919,-6.266572,-6.364693,-6.461345,
268.0,0.333333
268.000000,268.333333,268.666667,269.000000,269.333333,269.666667,270.000000,270.333333,270.666667,271.000000,271.333333,271.666667,272.000000,272.333333,272.666667,273.000000,273.333333,273.666667,274.000000,274.333333,274.666667,275.000000,275.333333,275.666667,276.000000,276.333333,276.666667,277.000000,277.333333,277.666667,278.000000,
6.002376,6.053086,6.104110,6.155558,6.207515,6.260048,6.313211,6.367044,6.421578,6.476837,6.532838,6.589593,6.647109,6.705387,6.764425,6.824216,6.884749,6.946008,7.007972,7.070615,7.133906,7.197809,7.262282,7.327278,7.392747,7.458635,7.524889,7.591453,7.658280,7.725330,7.792579,
-2.895010,-3.013832,-3.132477,-3.250906,-3.369097,-3.487051,-3.604778,-3.722302,-3.839654,-3.956873,-4.073999,-4.191080,-4.308163,-4.425299,-4.542536,-4.659925,-4.777512,-4.895345,-5.013465,-5.131911,-5.250716,-5.369908,-5.489509,-5.609534,-5.729988,-5.850873,-5.972181,-6.093898,-6.216009,-6.338495,-6.461345,
269.0,0.300000
269.000000,269.300000,269.600000,269.900000,270.200000,270.500000,270.800000,271.100000,271.400000,271.700000,272.000000,272.300000,272.600000,272.900000,273.200000,273.500000,273.800000,274.100000,274.400000,274.700000,275.000000,275.300000,275.600000,275.900000,276.200000,276.500000,276.800000,277.100000,277.400000,277.700000,278.000000,
6.204521,6.251573,6.298857,6.346453,6.394424,6.442820,6.491679,6.541029,6.590892,6.641284,6.692214,6.743690,6.795716,6.848290,6.901413,6.955081,7.009288,7.064028,7.119292,7.175070,7.231353,7.288127,7.345379,7.403095,7.461260,7.519858,7.578874,7.638295,7.698105,7.758296,7.818861,
-3.360686,-3.466446,-3.572090,-3.677582,-3.782896,-3.888015,-3.992930,-4.097635,-4.202131,-4.306421,-4.410510,-4.514408,-4.618125,-4.721672,-4.825062,-4.928306,-5.031420,-5.134417,-5.237309,-5.340110,-5.442834,-5.545491,-5.648093,-5.750651,-5.853174,-5.955669,-6.058143,-6.160600,-6.263044,-6.365477,-6.467900,
270.0,0.266667
270.000000,270.266667,270.533333,270.800000,271.066667,271.333333,271.600000,271.866667,272.133333,272.400000,272.666667,272.933333,273.200000,273.466667,273.733333,274.000000,274.266667,274.533333,274.800000,275.066667,275.333333,275.600000,275.866667,276.133333,276.400000,276.666667,276.933333,277.200000,277.466667,277.733333,278.000000,
6.414418,6.457554,6.500821,6.544266,6.587930,6.631844,6.676033,6.720519,6.765320,6.810448,6.855917,6.901736,6.947913,6.994457,7.041374,7.088672,7.136356,7.184434,7.232912,7.281797,7.331097,7.380820,7.430973,7.481565,7.532604,7.584098,7.636056,7.688484,7.741389,7.794775,7.848645,
-3.823943,-3.916895,-4.009724,-4.102380,-4.194824,-4.287019,-4.378937,-4.470552,-4.561841,-4.652787,-4.743374,-4.833588,-4.923419,-5.012859,-5.101900,-5.190540,-5.278776,-5.366607,-5.454037,-5.541069,-5.627710,-5.713969,-5.799856,-5.885384,-5.970567,-6.055420,-6.139958,-6.224198,-6.308152,-6.391834,-6.475250,
271.0,0.233333
271.000000,271.233333,271.466667,271.700000,271.933333,272.166667,272.400000,272.633333,272.866667,273.100000,273.333333,273.566667,273.800000,274.033333,274.266667,274.500000,274.733333,274.966667,275.200000,275.433333,275.666667,275.900000,276.133333,276.366667,276.600000,276.833333,277.066667,277.300000,277.533333,277.766667,278.000000,
6.632257,6.671202,6.710181,6.749210,6.788306,6.827484,6.866760,6.906149,6.945668,6.985333,7.025159,7.065164,7.105366,7.145781,7.186429,7.227329,7.268500,7.309963,7.351739,7.393850,7.436318,7.479166,7.522415,7.566090,7.610211,7.654800,7.699877,7.745459,7.791561,7.838195,7.885367,
-4.284329,-4.364732,-4.444946,-4.524895,-4.604515,-4.683751,-4.762555,-4.840887,-4.918711,-4.995998,-5.072725,-5.148870,-5.224418,-5.299356,-5.373676,-5.447371,-5.520440,-5.592885,-5.664708,-5.735919,-5.806527,-5.876545,-5.945989,-6.014878,-6.083230,-6.151068,-6.218412,-6.285283,-6.351700,-6.417677,-6.483223,
272.0,0.200000
272.000000,272.200000,272.400000,272.600000,272.800000,273.000000,273.200000,273.400000,273.600000,273.800000,274.000000,274.200000,274.400000,274.600000,274.800000,275.000000,275.200000,275.400000,275.600000,275.800000,276.000000,276.200000,276.400000,276.600000,276.800000,277.000000,277.200000,277.400000,277.600000,277.800000,278.000000,
6.632257,6.665663,6.699258,6.733108,6.767269,6.801781,6.836673,6.871966,6.907673,6.943798,6.980341,7.017295,7.054649,7.092387,7.130493,7.168943,7.207715,7.246782,7.286117,7.325692,7.365477,7.405442,7.445558,7.485795,7.526125,7.566521,7.606959,7.647417,7.687878,7.728328,7.768761,
-4.284329,-4.353259,-4.422300,-4.491497,-4.560890,-4.630512,-4.700393,-4.770560,-4.841035,-4.911836,-4.982981,-5.054483,-5.126351,-5.198596,-5.271222,-5.344235,-5.417636,-5.491426,-5.565601,-5.640160,-5.715096,-5.790402,-5.866070,-5.942091,-6.018453,-6.095147,-6.172161,-6.249483,-6.327106,-6.405021,-6.483223,
279.0,0.766667
279.000000,279.766667,280.533333,281.300000,282.066667,282.833333,283.600000,284.366667,285.133333,285.900000,286.666667,287.433333,288.200000,288.966667,289.733333,290.500000,291.266667,292.033333,292.800000,293.566667,294.333333,295.100000,295.866667,296.633333,297.400000,298.166667,298.933333,299.700000,300.466667,301.233333,302.000000,
8.114228,8.278546,8.447535,8.621793,8.801405,8.986203,9.175904,9.370200,9.568862,9.771726,9.978712,10.189864,10.405316,10.625292,10.850124,11.080242,11.316202,11.558734,11.808712,12.067163,12.335318,12.614472,12.905872,13.210577,13.529328,13.862313,14.208775,14.567221,14.935419,15.310171,15.688955,
-6.958475,-7.213077,-7.468635,-7.724823,-7.981098,-8.236856,-8.491485,-8.744419,-8.995214,-9.243506,-9.489014,-9.731550,-9.970982,-10.207215,-10.440174,-10.669813,-10.896137,-11.119228,-11.339257,-11.556528,-11.771548,-11.984967,-12.197564,-12.410258,-12.624010,-12.839731,-13.058170,-13.279874,-13.505082,-13.733526,-13.964866,
280.0,0.733333
280.000000,280.733333,281.466667,282.200000,282.933333,283.666667,284.400000,285.133333,285.866667,286.600000,287.333333,288.066667,288.800000,289.533333,290.266667,291.000000,291.733333,292.466667,293.200000,293.933333,294.666667,295.400000,296.133333,296.866667,297.600000,298.333333,299.066667,299.800000,300.533333,301.266667,302.000000,
8.114228,8.273304,8.437791,8.608656,8.786297,8.970770,9.161927,9.359498,9.563144,9.772496,9.987197,10.206936,10.431464,10.660635,10.894458,11.133086,11.376831,11.626227,11.881974,12.144912,12.416049,12.696445,12.987109,13.288890,13.602355,13.927606,14.263957,14.610105,14.964135,15.323359,15.685674,
-6.958475,-7.205087,-7.454075,-7.705548,-7.959255,-8.214728,-8.471365,-8.728483,-8.985344,-9.241194,-9.495288,-9.746924,-9.995457,-10.240322,-10.481088,-10.717442,-10.949201,-11.176372,-11.399113,-11.617746,-11.832807,-12.044984,-12.255096,-12.464107,-12.673023,-12.882808,-13.094284,-13.308082,-13.524545,-13.743549,-13.964866,
281.0,0.700000
281.000000,281.700000,282.400000,283.100000,283.800000,284.500000,285.200000,285.900000,286.600000,287.300000,288.000000,288.700000,289.400000,290.100000,290.800000,291.500000,292.200000,292.900000,293.600000,294.300000,295.000000,295.700000,296.400000,297.100000,297.800000,298.500000,299.200000,299.900000,300.600000,301.300000,302.000000,
8.391320,8.549305,8.711979,8.880114,9.053967,9.233496,9.418500,9.608705,9.803847,10.003695,10.208076,10.416928,10.630276,10.848239,11.071054,11.299055,11.532679,11.772497,12.019172,12.273450,12.536167,12.808159,13.090178,13.382785,13.686260,14.000455,14.324535,14.657138,14.996413,15.339937,15.685856,
-7.384611,-7.618772,-7.854423,-8.091496,-8.329657,-8.568421,-8.807230,-9.045502,-9.282681,-9.518252,-9.751747,-9.982787,-10.211054,-10.436291,-10.658311,-10.876993,-11.092291,-11.304265,-11.513074,-11.718997,-11.922479,-12.124091,-12.324509,-12.524525,-12.724965,-12.926613,-13.130123,-13.335985,-13.544443,-13.755362,-13.968529,
282.0,0.666667
282.000000,282.666667,283.333333,284.000000,284.666667,285.333333,286.000000,286.666667,287.333333,288.000000,288.666667,289.333333,290.000000,290.666667,291.333333,292.000000,292.666667,293.333333,294.000000,294.666667,295.333333,296.000000,296.666667,297.333333,298.000000,298.666667,299.333333,300.000000,300.666667,301.333333,302.000000,
8.677163,8.834360,8.995832,9.162277,9.333900,9.510618,9.692188,9.878291,10.068614,10.262873,10.460855,10.662465,10.867718,11.076755,11.289880,11.507528,11.730260,11.958787,12.193903,12.436449,12.687282,12.947202,13.216869,13.496690,13.786778,14.086847,14.396015,14.712968,15.036014,15.363071,15.692578,
-7.803770,-8.025627,-8.248661,-8.472752,-8.697539,-8.922526,-9.147148,-9.370818,-9.592974,-9.813095,-10.030719,-10.245482,-10.457104,-10.665399,-10.870302,-11.071848,-11.270173,-11.465542,-11.658316,-11.848943,-12.037977,-12.226035,-12.413779,-12.601906,-12.791095,-12.981958,-13.174969,-13.370452,-13.568531,-13.769040,-13.971774,
283.0,0.633333
283.000000,283.633333,284.266667,284.900000,285.533333,286.166667,286.800000,287.433333,288.066667,288.700000,289.333333,289.966667,290.600000,291.233333,291.866667,292.500000,293.133333,293.766667,294.400000,295.033333,295.666667,296.300000,296.933333,297.566667,298.200000,298.833333,299.466667,300.100000,300.733333,301.366667,302.000000,
8.971768,9.126985,9.285334,9.447382,9.613356,9.783294,9.957122,10.134729,10.316020,10.500929,10.689435,10.881592,11.077526,11.277438,11.481638,11.690522,11.904580,12.124413,12.350691,12.584119,12.825417,13.075250,13.334150,13.602411,13.880053,14.166734,14.461591,14.763389,15.070596,15.381405,15.694485,
-8.215450,-8.424670,-8.633918,-8.842975,-9.051554,-9.259339,-9.466008,-9.671250,-9.874789,-10.076375,-10.275792,-10.472862,-10.667448,-10.859458,-11.048863,-11.235700,-11.420081,-11.602224,-11.782434,-11.961106,-12.138740,-12.315901,-12.493196,-12.671251,-12.850665,-13.031965,-13.215530,-13.401600,-13.590240,-13.781278,-13.974523,
284.0,0.600000
284.000000,284.600000,285.200000,285.800000,286.400000,287.000000,287.600000,288.200000,288.800000,289.400000,290.000000,290.600000,291.200000,291.800000,292.400000,293.000000,293.600000,294.200000,294.800000,295.400000,296.000000,296.600000,297.200000,297.800000,298.400000,299.000000,299.600000,300.200000,300.800000,301.400000,302.000000,
9.275130,9.428620,9.584751,9.743986,9.906490,10.072257,10.241184,10.413139,10.588016,10.765749,10.946339,11.129885,11.316579,11.506707,11.700678,11.898992,12.102229,12.311051,12.526159,12.748249,12.977975,13.215899,13.462429,13.717721,13.981676,14.253880,14.533495,14.819392,15.110232,15.404512,15.701152,
-8.619166,-8.816190,-9.012931,-9.209103,-9.404377,-9.598415,-9.790885,-9.981480,-10.169936,-10.356036,-10.539616,-10.720580,-10.898899,-11.074609,-11.247830,-11.418753,-11.587640,-11.754834,-11.920742,-12.085821,-12.250576,-12.415540,-12.581242,-12.748189,-12.916841,-13.087575,-13.260640,-13.436161,-13.614133,-13.794379,-13.976725,
285.0,0.566667
285.000000,285.566667,286.133333,286.700000,287.266667,287.833333,288.400000,288.966667,289.533333,290.100000,290.666667,291.233333,291.800000,292.366667,292.933333,293.500000,294.066667,294.633333,295.200000,295.766667,296.333333,296.900000,297.466667,298.033333,298.600000,299.166667,299.733333,300.300000,300.866667,301.433333,302.000000,
9.275130,9.422329,9.572563,9.726520,9.884579,10.046922,10.213607,10.384623,10.559935,10.739510,10.923333,11.111437,11.303903,11.500863,11.702516,11.909111,12.120931,12.338292,12.561512,12.790887,13.026659,13.268988,13.517917,13.773305,14.034829,14.301945,14.573822,14.849442,15.127663,15.407278,15.687438,
-8.619166,-8.808262,-8.997883,-9.187979,-9.378384,-9.568858,-9.759118,-9.948858,-10.137773,-10.325564,-10.511959,-10.696724,-10.879670,-11.060659,-11.239619,-11.416543,-11.591483,-11.764566,-11.935978,-12.105964,-12.274829,-12.442924,-12.610623,-12.778323,-12.946408,-13.115228,-13.285055,-13.456084,-13.628407,-13.801978,-13.976725,
286.0,0.533333
286.000000,286.533333,287.066667,287.600000,288.133333,288.666667,289.200000,289.733333,290.266667,290.800000,291.333333,291.866667,292.400000,292.933333,293.466667,294.000000,294.533333,295.066667,295.600000,296.133333,296.666667,297.200000,297.733333,298.266667,298.800000,299.333333,299.866667,300.400000,300.933333,301.466667,302.000000,
9.587225,9.731898,9.879232,10.029853,10.184117,10.342198,10.504158,10.669995,10.839676,11.013166,11.190441,11.371516,11.556446,11.745329,11.938322,12.135626,12.337479,12.544153,12.755929,12.973076,13.195821,13.424324,13.658646,13.898690,14.144205,14.394754,14.649663,14.908105,15.169163,15.431877,15.695580,
-9.014454,-9.191422,-9.368636,-9.546004,-9.723356,-9.900471,-10.077097,-10.252969,-10.427827,-10.601420,-10.773524,-10.943951,-11.112556,-11.279243,-11.443980,-11.606793,-11.767771,-11.927073,-12.084918,-12.241574,-12.397366,-12.552648,-12.707791,-12.863165,-13.019121,-13.175960,-13.333905,-13.493103,-13.653611,-13.815378,-13.978333,
287.0,0.500000
287.000000,287.500000,288.000000,288.500000,289.000000,289.500000,290.000000,290.500000,291.000000,291.500000,292.000000,292.500000,293.000000,293.500000,294.000000,294.500000,295.000000,295.500000,296.000000,296.500000,297.000000,297.500000,298.000000,298.500000,299.000000,299.500000,300.000000,300.500000,301.000000,301.500000,302.000000,
9.908012,10.049276,10.192266,10.337453,10.485152,10.635579,10.788891,10.945207,11.104640,11.267307,11.433337,11.602888,11.776143,11.953312,12.134636,12.320376,12.510799,12.706170,12.906735,13.112693,13.324176,13.541223,13.763764,13.991571,14.224272,14.461337,14.702057,14.945613,15.191146,15.437814,15.685048,
-9.400874,-9.565343,-9.729328,-9.892630,-10.055068,-10.216483,-10.376732,-10.535697,-10.693278,-10.849401,-11.004020,-11.157119,-11.308718,-11.458870,-11.607672,-11.755259,-11.901804,-12.047521,-12.192653,-12.337469,-12.482255,-12.627304,-12.772901,-12.919311,-13.066766,-13.215451,-13.365483,-13.516919,-13.669753,-13.823910,-13.979315,
288.0,0.466667
288.000000,288.466667,288.933333,289.400000,289.866667,290.333333,290.800000,291.266667,291.733333,292.200000,292.666667,293.133333,293.600000,294.066667,294.533333,295.000000,295.466667,295.933333,296.400000,296.866667,297.333333,297.800000,298.266667,298.733333,299.200000,299.666667,300.133333,300.600000,301.066667,301.533333,302.000000,
10.237430,10.374580,10.512478,10.651447,10.791794,10.933813,11.077794,11.224026,11.372799,11.524407,11.679144,11.837307,11.999194,12.165094,12.335286,12.510033,12.689571,12.874097,13.063765,13.258664,13.458802,13.664102,13.874378,14.089317,14.308487,14.531340,14.757197,14.985312,15.214933,15.445352,15.676108,
-9.778013,-9.929897,-10.080568,-10.229732,-10.377228,-10.522987,-10.667014,-10.809359,-10.950112,-11.089386,-11.227316,-11.364052,-11.499757,-11.634602,-11.768772,-11.902459,-12.035863,-12.169196,-12.302674,-12.436514,-12.570936,-12.706148,-12.842346,-12.979698,-13.118345,-13.258386,-13.399867,-13.542790,-13.687116,-13.832760,-13.979652,
289.0,0.433333
289.000000,289.433333,289.866667,290.300000,290.733333,291.166667,291.600000,292.033333,292.466667,292.900000,293.333333,293.766667,294.200000,294.633333,295.066667,295.500000,295.933333,296.366667,296.800000,297.233333,297.666667,298.100000,298.533333,298.966667,299.400000,299.833333,300.266667,300.700000,301.133333,301.566667,302.000000,
10.575403,10.708251,10.841629,10.975791,11.110989,11.247474,11.385498,11.525318,11.667196,11.811401,11.958203,12.107879,12.260708,12.416962,12.576906,12.740790,12.908838,13.081238,13.258135,13.439614,13.625686,13.816286,14.011257,14.210337,14.413165,14.619291,14.828165,15.039194,15.251783,15.465389,15.679657,
-10.145485,-10.285195,-10.423661,-10.560569,-10.695735,-10.829079,-10.960594,-11.090327,-11.218370,-11.344849,-11.469915,-11.593741,-11.716518,-11.838450,-11.959756,-12.080662,-12.201399,-12.322203,-12.443306,-12.564935,-12.687303,-12.810607,-12.935022,-13.060689,-13.187714,-13.316166,-13.446065,-13.577392,-13.710096,-13.844098,-13.979334,
290.0,0.400000
290.000000,290.400000,290.800000,291.200000,291.600000,292.000000,292.400000,292.800000,293.200000,293.600000,294.000000,294.400000,294.800000,295.200000,295.600000,296.000000,296.400000,296.800000,297.200000,297.600000,298.000000,298.400000,298.800000,299.200000,299.600000,300.000000,300.400000,300.800000,301.200000,301.600000,302.000000,
10.921838,11.049775,11.178215,11.307388,11.437518,11.568820,11.701508,11.835795,11.971890,12.110006,12.250353,12.393142,12.538579,12.686866,12.838194,12.992742,13.150670,13.312109,13.477162,13.645888,13.818299,13.994352,14.173946,14.356908,14.543003,14.731936,14.923354,15.116873,15.312113,15.508732,15.706506,
-10.502939,-10.630598,-10.757167,-10.882357,-11.005997,-11.128003,-11.248359,-11.367099,-11.484299,-11.600061,-11.714513,-11.827801,-11.940086,-12.051538,-12.162339,-12.272674,-12.382732,-12.492703,-12.602774,-12.713123,-12.823919,-12.935317,-13.047451,-13.160431,-13.274340,-13.389235,-13.505135,-13.622034,-13.739903,-13.858694,-13.978368,
291.0,0.366667
291.000000,291.366667,291.733333,292.100000,292.466667,292.833333,293.200000,293.566667,293.933333,294.300000,294.666667,295.033333,295.400000,295.766667,296.133333,296.500000,296.866667,297.233333,297.600000,297.966667,298.333333,298.700000,299.066667,299.433333,299.800000,300.166667,300.533333,300.900000,301.266667,301.633333,302.000000,
11.276626,11.398923,11.521716,11.645217,11.769625,11.895125,12.021894,12.150100,12.279907,12.411476,12.544959,12.680506,12.818262,12.958363,13.100936,13.246097,13.393947,13.544568,13.698021,13.854341,14.013533,14.175568,14.340384,14.507877,14.677911,14.850315,15.024889,15.201419,15.379696,15.559531,15.740806,
-10.850056,-10.965767,-11.080585,-11.194264,-11.306649,-11.417659,-11.527268,-11.635492,-11.742381,-11.848008,-11.952467,-12.055868,-12.158328,-12.259974,-12.360938,-12.461355,-12.561359,-12.661086,-12.760663,-12.860216,-12.959858,-13.059696,-13.159821,-13.260309,-13.361220,-13.462597,-13.564463,-13.666824,-13.769674,-13.872995,-13.976771,
292.0,0.333333
292.000000,292.333333,292.666667,293.000000,293.333333,293.666667,294.000000,294.333333,294.666667,295.000000,295.333333,295.666667,296.000000,296.333333,296.666667,297.000000,297.333333,297.666667,298.000000,298.333333,298.666667,299.000000,299.333333,299.666667,300.000000,300.333333,300.666667,301.000000,301.333333,301.666667,302.000000,
11.639643,11.755497,11.871813,11.988779,12.106566,12.225327,12.345204,12.466326,12.588817,12.712793,12.838362,12.965627,13.094684,13.225624,13.358529,13.493473,13.630520,13.769720,13.911114,14.054724,14.200557,14.348601,14.498825,14.651179,14.805592,14.961979,15.120240,15.280267,15.441957,15.605218,15.769992,
-11.186551,-11.290420,-11.393583,-11.495836,-11.597041,-11.697117,-11.796028,-11.893770,-11.990366,-12.085860,-12.180312,-12.273793,-12.366384,-12.458172,-12.549245,-12.639698,-12.729624,-12.819113,-12.908256,-12.997137,-13.085837,-13.174429,-13.262979,-13.351542,-13.440167,-13.528890,-13.617737,-13.706725,-13.795860,-13.885144,-13.974573,
293.0,0.300000
293.000000,293.300000,293.600000,293.900000,294.200000,294.500000,294.800000,295.100000,295.400000,295.700000,296.000000,296.300000,296.600000,296.900000,297.200000,297.500000,297.800000,298.100000,298.400000,298.700000,299.000000,299.300000,299.600000,299.900000,300.200000,300.500000,300.800000,301.100000,301.400000,301.700000,302.000000,
12.010749,12.119296,12.228234,12.337723,12.447900,12.558890,12.670802,12.783738,12.897787,13.013034,13.129556,13.247426,13.366709,13.487466,13.609753,13.733619,13.859108,13.986257,14.115095,14.245643,14.377912,14.511906,14.647617,14.785029,14.924113,15.064836,15.207154,15.351022,15.496393,15.643227,15.791500,
-11.512178,-11.604322,-11.695918,-11.786794,-11.876830,-11.965947,-12.054100,-12.141270,-12.227459,-12.312686,-12.396983,-12.480393,-12.562966,-12.644758,-12.725829,-12.806241,-12.886059,-12.965346,-13.044167,-13.122581,-13.200648,-13.278424,-13.355959,-13.433298,-13.510484,-13.587549,-13.664521,-13.741422,-13.818267,-13.895063,-13.971814,
294.0,0.266667
294.000000,294.266667,294.533333,294.800000,295.066667,295.333333,295.600000,295.866667,296.133333,296.400000,296.666667,296.933333,297.200000,297.466667,297.733333,298.000000,298.266667,298.533333,298.800000,299.066667,299.333333,299.600000,299.866667,300.133333,300.400000,300.666667,300.933333,301.200000,301.466667,301.733333,302.000000,
12.010749,12.109150,12.208459,12.308993,12.410998,12.514663,12.620126,12.727483,12.836796,12.948097,13.061393,13.176668,13.293886,13.412993,13.533921,13.656584,13.780883,13.906707,14.033931,14.162416,14.292015,14.422569,14.553912,14.685870,14.818265,14.950924,15.083674,15.216358,15.348838,15.481007,15.612805,
-11.512178,-11.595595,-11.678788,-11.761694,-11.844274,-11.926514,-12.008414,-12.089988,-12.171262,-12.252272,-12.333058,-12.413667,-12.494151,-12.574562,-12.654954,-12.735381,-12.815895,-12.896546,-12.977383,-13.058448,-13.139779,-13.221410,-13.303365,-13.385666,-13.468326,-13.551350,-13.634739,-13.718489,-13.802590,-13.887034,-13.971814,
295.0,0.233333
295.000000,295.233333,295.466667,295.700000,295.933333,296.166667,296.400000,296.633333,296.866667,297.100000,297.333333,297.566667,297.800000,298.033333,298.266667,298.500000,298.733333,298.966667,299.200000,299.433333,299.666667,299.900000,300.133333,300.366667,300.600000,300.833333,301.066667,301.300000,301.533333,301.766667,302.000000,
12.389792,12.479316,12.569601,12.660915,12.753466,12.847411,12.942861,13.039893,13.138549,13.238846,13.340776,13.444310,13.549402,13.655990,13.763999,13.873340,13.983917,14.095622,14.208339,14.321948,14.436322,14.551329,14.666837,14.782712,14.898823,15.015044,15.131254,15.247348,15.363235,15.478848,15.594149,
-11.826728,-11.898549,-11.970262,-12.041835,-12.113253,-12.184509,-12.255604,-12.326549,-12.397359,-12.468054,-12.538656,-12.609193,-12.679692,-12.750181,-12.820690,-12.891246,-12.961878,-13.032612,-13.103471,-13.174478,-13.245652,-13.317009,-13.388562,-13.460321,-13.532291,-13.604475,-13.676873,-13.749483,-13.822301,-13.895323,-13.968544,
296.0,0.200000
296.000000,296.200000,296.400000,296.600000,296.800000,297.000000,297.200000,297.400000,297.600000,297.800000,298.000000,298.200000,298.400000,298.600000,298.800000,299.000000,299.200000,299.400000,299.600000,299.800000,300.000000,300.200000,300.400000,300.600000,300.800000,301.000000,301.200000,301.400000,301.600000,301.800000,302.000000,
13.171002,13.252097,13.333358,13.414854,13.496645,13.578786,13.661326,13.744307,13.827768,13.911743,13.996265,14.081361,14.167056,14.253373,14.340334,14.427957,14.516259,14.605255,14.694960,14.785385,14.876541,14.968437,15.061083,15.154484,15.248645,15.343572,15.439268,15.535734,15.632972,15.730983,15.829766,
-12.421962,-12.480065,-12.537928,-12.595463,-12.652599,-12.709279,-12.765459,-12.821107,-12.876199,-12.930721,-12.984664,-13.038027,-13.090814,-13.143031,-13.194691,-13.245807,-13.296396,-13.346478,-13.396071,-13.445198,-13.493880,-13.542140,-13.590000,-13.637480,-13.684602,-13.731384,-13.777845,-13.823998,-13.869857,-13.915431,-13.960723,
313.0,1.266667
313.000000,314.266667,315.533333,316.800000,318.066667,319.333333,320.600000,321.866667,323.133333,324.400000,325.666667,326.933333,328.200000,329.466667,330.733333,332.000000,333.266667,334.533333,335.800000,337.066667,338.333333,339.600000,340.866667,342.133333,343.400000,344.666667,345.933333,347.200000,348.466667,349.733333,351.000000,
22.290272,23.108345,23.941902,24.792610,25.660922,26.546667,27.449358,28.368244,29.302151,30.249609,31.208754,32.176901,33.151143,34.128786,35.107937,36.087188,37.065684,38.043633,39.021661,40.000488,40.980696,41.962877,42.947789,43.936649,44.931113,45.933600,46.948237,47.980161,49.035620,50.122985,51.248982,
-16.022479,-16.166857,-16.303051,-16.431977,-16.555676,-16.677013,-16.799236,-16.925831,-17.060577,-17.207342,-17.369945,-17.551984,-17.756894,-17.987878,-18.247643,-18.538583,-18.862690,-19.221164,-19.614663,-20.043126,-20.505022,-20.998044,-21.519192,-22.064290,-22.628697,-23.207632,-23.796388,-24.390608,-24.986823,-25.583718,-26.180887,
314.0,1.233333
314.000000,315.233333,316.466667,317.700000,318.933333,320.166667,321.400000,322.633333,323.866667,325.100000,326.333333,327.566667,328.800000,330.033333,331.266667,332.500000,333.733333,334.966667,336.200000,337.433333,338.666667,339.900000,341.133333,342.366667,343.600000,344.833333,346.066667,347.300000,348.533333,349.766667,351.000000,
22.787025,23.595126,24.417696,25.256328,26.111453,26.982894,27.870160,28.772497,29.688737,30.617430,31.556762,32.504203,33.457026,34.412692,35.369371,36.325679,37.280756,38.234739,39.188213,40.141993,41.097089,42.054722,43.016510,43.984947,44.962975,45.953884,46.961484,47.989418,49.040333,50.114304,51.210701,
-16.113913,-16.248637,-16.376648,-16.499034,-16.617901,-16.736068,-16.856690,-16.983119,-17.118929,-17.267744,-17.433117,-17.618339,-17.826521,-18.060519,-18.322685,-18.615042,-18.939218,-19.296071,-19.685954,-20.108582,-20.562418,-21.045295,-21.554567,-22.086876,-22.638631,-23.206286,-23.786673,-24.376871,-24.974267,-25.576849,-26.183298,
315.0,1.200000
315.000000,316.200000,317.400000,318.600000,319.800000,321.000000,322.200000,323.400000,324.600000,325.800000,327.000000,328.200000,329.400000,330.600000,331.800000,333.000000,334.200000,335.400000,336.600000,337.800000,339.000000,340.200000,341.400000,342.600000,343.800000,345.000000,346.200000,347.400000,348.600000,349.800000,351.000000,
23.285584,24.083315,24.894972,25.721909,26.564210,27.421153,28.291587,29.174011,30.066388,30.966545,31.872472,32.782728,33.696205,34.612122,35.530257,36.450592,37.373101,38.297546,39.223734,40.151828,41.082902,42.018680,42.961760,43.916443,44.887528,45.879437,46.895088,47.935308,48.996738,50.066728,51.133529,
-16.200344,-16.326610,-16.447708,-16.564854,-16.680125,-16.796151,-16.915810,-17.042097,-17.178089,-17.326885,-17.491582,-17.675231,-17.880807,-18.111125,-18.368634,-18.655468,-18.973265,-19.322630,-19.703577,-20.115552,-20.557042,-21.026126,-21.520731,-22.038783,-22.578317,-23.137671,-23.715887,-24.312042,-24.924586,-25.550238,-26.186133,
316.0,1.166667
316.000000,317.166667,318.333333,319.500000,320.666667,321.833333,323.000000,324.166667,325.333333,326.500000,327.666667,328.833333,330.000000,331.166667,332.333333,333.500000,334.666667,335.833333,337.000000,338.166667,339.333333,340.500000,341.666667,342.833333,344.000000,345.166667,346.333333,347.500000,348.666667,349.833333,351.000000,
24.287025,25.073982,25.873766,26.687600,27.515497,28.356700,29.210046,30.074045,30.946739,31.826055,32.710076,33.597425,34.487054,35.378260,36.270940,37.165224,38.061274,38.959103,39.858715,40.760246,41.664192,42.571336,43.482887,44.400890,45.327834,46.266540,47.220298,48.192342,49.185301,50.200232,51.237480,
-16.360538,-16.474663,-16.586307,-16.697030,-16.809031,-16.924909,-17.047432,-17.179425,-17.323701,-17.483048,-17.660192,-17.857730,-18.078138,-18.323703,-18.596328,-18.897602,-19.228649,-19.589675,-19.980332,-20.399723,-20.846015,-21.316905,-21.809749,-22.321473,-22.848876,-23.388844,-23.938630,-24.495753,-25.058066,-25.624066,-26.192835,
317.0,1.133333
317.000000,318.133333,319.266667,320.400000,321.533333,322.666667,323.800000,324.933333,326.066667,327.200000,328.333333,329.466667,330.600000,331.733333,332.866667,334.000000,335.133333,336.266667,337.400000,338.533333,339.666667,340.800000,341.933333,343.066667,344.200000,345.333333,346.466667,347.600000,348.733333,349.866667,351.000000,
24.789371,25.563890,26.350382,27.149971,27.962621,28.787573,29.623684,30.469514,31.323225,32.182879,33.046679,33.913290,34.781672,35.651098,36.521374,37.392538,38.264716,39.138027,40.012691,40.889197,41.768654,42.652603,43.543115,44.443229,45.356274,46.285397,47.232952,48.200189,49.186227,50.185657,51.193311,
-16.435489,-16.544190,-16.651702,-16.759673,-16.870278,-16.986006,-17.109474,-17.243330,-17.390177,-17.552569,-17.732980,-17.933720,-18.156958,-18.404664,-18.678410,-18.979452,-19.308613,-19.665882,-20.050760,-20.462293,-20.898816,-21.358336,-21.838712,-22.337737,-22.853251,-23.383279,-23.926292,-24.480874,-25.045446,-25.617903,-26.196570,
318.0,1.100000
318.000000,319.100000,320.200000,321.300000,322.400000,323.500000,324.600000,325.700000,326.800000,327.900000,329.000000,330.100000,331.200000,332.300000,333.400000,334.500000,335.600000,336.700000,337.800000,338.900000,340.000000,341.100000,342.200000,343.300000,344.400000,345.500000,346.600000,347.700000,348.800000,349.900000,351.000000,
25.292451,26.053882,26.826466,27.611233,28.408103,29.216315,30.034746,30.862001,31.696349,32.535973,33.379178,34.224663,35.071393,35.918619,36.766078,37.613752,38.461776,39.310434,40.160227,41.012063,41.867702,42.729447,43.600180,44.483734,45.384027,46.304239,47.245553,48.207099,49.184654,50.167323,51.145383,
-16.507809,-16.612055,-16.716326,-16.822348,-16.932254,-17.048409,-17.173270,-17.309301,-17.458890,-17.624356,-17.807921,-18.011613,-18.237305,-18.486658,-18.760929,-19.061071,-19.387632,-19.740428,-20.118857,-20.521969,-20.948325,-21.396310,-21.864334,-22.351056,-22.855320,-23.376213,-23.913257,-24.465915,-25.033047,-25.612007,-26.200468,
319.0,1.066667
319.000000,320.066667,321.133333,322.200000,323.266667,324.333333,325.400000,326.466667,327.533333,328.600000,329.666667,330.733333,331.800000,332.866667,333.933333,335.000000,336.066667,337.133333,338.200000,339.266667,340.333333,341.400000,342.466667,343.533333,344.600000,345.666667,346.733333,347.800000,348.866667,349.933333,351.000000,
26.299812,27.047637,27.805676,28.574810,29.354864,30.145024,30.944137,31.750818,32.563413,33.380221,34.199677,35.020617,35.842152,36.663687,37.485121,38.306595,39.128377,39.950820,40.774387,41.599723,42.427850,43.260060,44.097960,44.943711,45.799685,46.668264,47.551625,48.451510,49.368754,50.302283,51.250788,
-16.646972,-16.746913,-16.849220,-16.955847,-17.068929,-17.190694,-17.323387,-17.469205,-17.630210,-17.808358,-18.005477,-18.223170,-18.462866,-18.725784,-19.012774,-19.324396,-19.660852,-20.021702,-20.406114,-20.812901,-21.240346,-21.686474,-22.149170,-22.626225,-23.115443,-23.614767,-24.122474,-24.637019,-25.156982,-25.681090,-26.208463,
320.0,1.033333
320.000000,321.033333,322.066667,323.100000,324.133333,325.166667,326.200000,327.233333,328.266667,329.300000,330.333333,331.366667,332.400000,333.433333,334.466667,335.500000,336.533333,337.566667,338.600000,339.633333,340.666667,341.700000,342.733333,343.766667,344.800000,345.833333,346.866667,347.900000,348.933333,349.966667,351.000000,
26.803610,27.537003,28.279509,29.031405,29.791925,30.559788,31.333537,32.111791,32.893535,33.677982,34.464567,35.253051,36.043330,36.835316,37.628822,38.423668,39.219779,40.017347,40.816839,41.619155,42.426009,43.239603,44.062551,44.898025,45.749114,46.618129,47.505493,48.409873,49.327372,50.249343,51.168247,
-16.715015,-16.813217,-16.914754,-17.021464,-17.135226,-17.257944,-17.391529,-17.537890,-17.698919,-17.876465,-18.072291,-18.287985,-18.524956,-18.784354,-19.066835,-19.372723,-19.701992,-20.054064,-20.428059,-20.822874,-21.237163,-21.669513,-22.118597,-22.583372,-23.062979,-23.556735,-24.064226,-24.584955,-25.117937,-25.661042,-26.212416,
321.0,1.000000
321.000000,322.000000,323.000000,324.000000,325.000000,326.000000,327.000000,328.000000,329.000000,330.000000,331.000000,332.000000,333.000000,334.000000,335.000000,336.000000,337.000000,338.000000,339.000000,340.000000,341.000000,342.000000,343.000000,344.000000,345.000000,346.000000,347.000000,348.000000,349.000000,350.000000,351.000000,
27.810296,28.528323,29.254488,29.988987,30.731054,31.479459,32.232812,32.989800,33.749446,34.511002,35.273944,36.038090,36.803411,37.569930,38.337638,39.106537,39.876681,40.648254,41.421575,42.197175,42.975986,43.759204,44.548290,45.345104,46.151645,46.969862,47.801442,48.647679,49.509152,50.385046,51.274379,
-16.850990,-16.949936,-17.054190,-17.165738,-17.286396,-17.417877,-17.561835,-17.719880,-17.893559,-18.084360,-18.293669,-18.522687,-18.772445,-19.043729,-19.336891,-19.651980,-19.988729,-20.346382,-20.723888,-21.119948,-21.532937,-21.961078,-22.402530,-22.855460,-23.318087,-23.788762,-24.266115,-24.748929,-25.236098,-25.726640,-26.219887,
322.0,0.966667
322.000000,322.966667,323.933333,324.900000,325.866667,326.833333,327.800000,328.766667,329.733333,330.700000,331.666667,332.633333,333.600000,334.566667,335.533333,336.500000,337.466667,338.433333,339.400000,340.366667,341.333333,342.300000,343.266667,344.233333,345.200000,346.166667,347.133333,348.100000,349.066667,350.033333,351.000000,
28.312754,29.014915,29.724439,30.441507,31.165404,31.894989,32.628969,33.366105,34.105448,34.846247,35.587953,36.330322,37.073266,37.816774,38.560876,39.305671,40.051388,40.798507,41.547734,42.300080,43.057086,43.820591,44.592657,45.375575,46.171498,46.982005,47.807386,48.646785,49.497798,50.355354,51.215072,
-16.920080,-17.019385,-17.124720,-17.238075,-17.361167,-17.495558,-17.642718,-17.804049,-17.980880,-18.174465,-18.385952,-18.616299,-18.866299,-19.136513,-19.427110,-19.737992,-20.068794,-20.418765,-20.786936,-21.172190,-21.573268,-21.988879,-22.417798,-22.858997,-23.311577,-23.774758,-24.247933,-24.730460,-25.221457,-25.719464,-26.223279,
323.0,0.933333
323.000000,323.933333,324.866667,325.800000,326.733333,327.666667,328.600000,329.533333,330.466667,331.400000,332.333333,333.266667,334.200000,335.133333,336.066667,337.000000,337.933333,338.866667,339.800000,340.733333,341.666667,342.600000,343.533333,344.466667,345.400000,346.333333,347.266667,348.200000,349.133333,350.066667,351.000000,
28.814351,29.500189,30.193095,30.893565,31.601258,32.315359,33.034802,33.758384,34.484816,35.212828,35.941277,36.669310,37.396305,38.121908,38.846190,39.569509,40.292489,41.016131,41.741713,42.470827,43.205545,43.948172,44.701104,45.466725,46.247041,47.043149,47.854318,48.678305,49.511016,50.345367,51.175467,
-16.990658,-17.090877,-17.197836,-17.313639,-17.440026,-17.578519,-17.730488,-17.897171,-18.079619,-18.278747,-18.495324,-18.729900,-18.982865,-19.254435,-19.544573,-19.853058,-20.179483,-20.523172,-20.883308,-21.259002,-21.649340,-22.053446,-22.470568,-22.900226,-23.342081,-23.795878,-24.261415,-24.738342,-25.225880,-25.722366,-26.226365,
324.0,0.900000
324.000000,324.900000,325.800000,326.700000,327.600000,328.500000,329.400000,330.300000,331.200000,332.100000,333.000000,333.900000,334.800000,335.700000,336.600000,337.500000,338.400000,339.300000,340.200000,341.100000,342.000000,342.900000,343.800000,344.700000,345.600000,346.500000,347.400000,348.300000,349.200000,350.100000,351.000000,
29.814216,30.480813,31.151262,31.825556,32.503258,33.183861,33.866860,34.551824,35.238488,35.926672,36.616229,37.307004,37.998858,38.691688,39.385475,40.080302,40.776422,41.474392,42.175007,42.879331,43.588839,44.305212,45.030227,45.765678,46.513124,47.273535,48.046711,48.831471,49.625460,50.424461,51.224955,
-17.138440,-17.244273,-17.357618,-17.480449,-17.614257,-17.760292,-17.919666,-18.093399,-18.282424,-18.487586,-18.709597,-18.948946,-19.205944,-19.480704,-19.773037,-20.082551,-20.408676,-20.750603,-21.107402,-21.478075,-21.861600,-22.256973,-22.663282,-23.079798,-23.505900,-23.941046,-24.384772,-24.836560,-25.295682,-25.760959,-26.231429,
325.0,0.866667
325.000000,325.866667,326.733333,327.600000,328.466667,329.333333,330.200000,331.066667,331.933333,332.800000,333.666667,334.533333,335.400000,336.266667,337.133333,338.000000,338.866667,339.733333,340.600000,341.466667,342.333333,343.200000,344.066667,344.933333,345.800000,346.666667,347.533333,348.400000,349.266667,350.133333,351.000000,
30.312137,30.962458,31.618201,32.279677,32.946508,33.617932,34.292989,34.970631,35.649793,36.329466,37.008773,37.687112,38.364100,39.039607,39.713882,40.387438,41.061037,41.735768,42.412947,43.094108,43.781072,44.475764,45.180071,45.895689,46.623910,47.365264,48.118871,48.882742,49.653655,50.426581,51.197441,
-17.216681,-17.325146,-17.442036,-17.569452,-17.708870,-17.861396,-18.027908,-18.209115,-18.405548,-18.617611,-18.845587,-19.089589,-19.349612,-19.625527,-19.917039,-20.223735,-20.545092,-20.880439,-21.229039,-21.590137,-21.963007,-22.346977,-22.741478,-23.146133,-23.560658,-23.984804,-24.418313,-24.860800,-25.311590,-25.769447,-26.233332,
326.0,0.833333
326.000000,326.833333,327.666667,328.500000,329.333333,330.166667,331.000000,331.833333,332.666667,333.500000,334.333333,335.166667,336.000000,336.833333,337.666667,338.500000,339.333333,340.166667,341.000000,341.833333,342.666667,343.500000,344.333333,345.166667,346.000000,346.833333,347.666667,348.500000,349.333333,350.166667,351.000000,
31.303177,31.932733,32.564804,33.199351,33.836027,34.474418,35.114105,35.754726,36.396050,37.037928,37.680264,38.323019,38.966200,39.609884,40.254250,40.899586,41.546314,42.195083,42.846709,43.502183,44.162734,44.829701,45.504443,46.188255,46.882219,47.586986,48.302399,49.027604,49.760918,50.499405,51.240632,
-17.384289,-17.500985,-17.626319,-17.762246,-17.910029,-18.070559,-18.244512,-18.432429,-18.634753,-18.851841,-19.083941,-19.331140,-19.593394,-19.870519,-20.162127,-20.467695,-20.786584,-21.118017,-21.461150,-21.815116,-22.179065,-22.552191,-22.933777,-23.323265,-23.720198,-24.124194,-24.534946,-24.952112,-25.375182,-25.803297,-26.235751,
327.0,0.800000
327.000000,327.800000,328.600000,329.400000,330.200000,331.000000,331.800000,332.600000,333.400000,334.200000,335.000000,335.800000,336.600000,337.400000,338.200000,339.000000,339.800000,340.600000,341.400000,342.200000,343.000000,343.800000,344.600000,345.400000,346.200000,347.000000,347.800000,348.600000,349.400000,350.200000,351.000000,
31.796021,32.407926,33.023640,33.643329,34.266639,34.892926,35.521405,36.151239,36.781622,37.411818,38.041225,38.669485,39.296437,39.922144,40.546989,41.171581,41.796737,42.423537,43.053230,43.687201,44.326983,44.974124,45.630062,46.295967,46.972622,47.660177,48.357713,49.063460,49.774761,50.487740,51.199320,
-17.474553,-17.594614,-17.723918,-17.864482,-18.017515,-18.183749,-18.363627,-18.557401,-18.765169,-18.986921,-19.222560,-19.471882,-19.734612,-20.010403,-20.298820,-20.599373,-20.911520,-21.234667,-21.568208,-21.911557,-22.264196,-22.625677,-22.995647,-23.373903,-23.760313,-24.154767,-24.557123,-24.967121,-25.384255,-25.807565,-26.236245,
328.0,0.766667
328.000000,328.766667,329.533333,330.300000,331.066667,331.833333,332.600000,333.366667,334.133333,334.900000,335.666667,336.433333,337.200000,337.966667,338.733333,339.500000,340.266667,341.033333,341.800000,342.566667,343.333333,344.100000,344.866667,345.633333,346.400000,347.166667,347.933333,348.700000,349.466667,350.233333,351.000000,
32.775763,33.364027,33.951779,34.539186,35.126516,35.714043,36.302020,36.890655,37.480064,38.070309,38.661426,39.253440,39.846393,40.440391,41.035651,41.632500,42.231397,42.832997,43.438093,44.047599,44.662563,45.284068,45.913134,46.550606,47.197071,47.852684,48.516889,49.188557,49.865970,50.546629,51.228553,
-17.670038,-17.799288,-17.936838,-18.084592,-18.243734,-18.415013,-18.598911,-18.795723,-19.005597,-19.228570,-19.464576,-19.713422,-19.974824,-20.248406,-20.533684,-20.830101,-21.137049,-21.453878,-21.779921,-22.114536,-22.457134,-22.807186,-23.164239,-23.527954,-23.898058,-24.274307,-24.656458,-25.044210,-25.437125,-25.834511,-26.235810,
329.0,0.733333
329.000000,329.733333,330.466667,331.200000,331.933333,332.666667,333.400000,334.133333,334.866667,335.600000,336.333333,337.066667,337.800000,338.533333,339.266667,340.000000,340.733333,341.466667,342.200000,342.933333,343.666667,344.400000,345.133333,345.866667,346.600000,347.333333,348.066667,348.800000,349.533333,350.266667,351.000000,
33.262461,33.833050,34.405960,34.981247,35.558621,36.137605,36.717634,37.298124,37.878544,38.458439,39.037480,39.615539,40.192663,40.769085,41.345293,41.921958,42.499916,43.080188,43.663906,44.252267,44.846498,45.447770,46.057079,46.675100,47.302126,47.937913,48.581374,49.230802,49.883910,50.537733,51.190000,
-17.775982,-17.909028,-18.051251,-18.204518,-18.369806,-18.547556,-18.737885,-18.940709,-19.155814,-19.382902,-19.621620,-19.871571,-20.132332,-20.403459,-20.684493,-20.974970,-21.274426,-21.582410,-21.898498,-22.222306,-22.553527,-22.891918,-23.237299,-23.589578,-23.948694,-24.314568,-24.687045,-25.065865,-25.450584,-25.840467,-26.234915,
330.0,0.700000
330.000000,330.700000,331.400000,332.100000,332.800000,333.500000,334.200000,334.900000,335.600000,336.300000,337.000000,337.700000,338.400000,339.100000,339.800000,340.500000,341.200000,341.900000,342.600000,343.300000,344.000000,344.700000,345.400000,346.100000,346.800000,347.500000,348.200000,348.900000,349.600000,350.300000,351.000000,
34.229111,34.775138,35.320188,35.864261,36.407503,36.950120,37.492347,38.034416,38.576531,39.118883,39.661665,40.205079,40.749359,41.294787,41.841733,42.390639,42.942036,43.496563,44.054933,44.617904,45.186267,45.760776,46.342080,46.930621,47.526594,48.129847,48.739703,49.355087,49.974567,50.596303,51.218899,
-18.005839,-18.148337,-18.298726,-18.458722,-18.629289,-18.810922,-19.003828,-19.208022,-19.423391,-19.649728,-19.886758,-20.134139,-20.391479,-20.658346,-20.934266,-21.218741,-21.511266,-21.811336,-22.118463,-22.432192,-22.752122,-23.077903,-23.409238,-23.745897,-24.087683,-24.434401,-24.785832,-25.141706,-25.501664,-25.865198,-26.231913,
331.0,0.666667
331.000000,331.666667,332.333333,333.000000,333.666667,334.333333,335.000000,335.666667,336.333333,337.000000,337.666667,338.333333,339.000000,339.666667,340.333333,341.000000,341.666667,342.333333,343.000000,343.666667,344.333333,345.000000,345.666667,346.333333,347.000000,347.666667,348.333333,349.000000,349.666667,350.333333,351.000000,
35.186384,35.708514,36.228325,36.745531,37.260146,37.772376,38.282538,38.791021,39.298245,39.804654,40.310709,40.816881,41.323662,41.831579,42.341211,42.853187,43.368191,43.886978,44.410345,44.939101,45.474045,46.015912,46.565297,47.122554,47.687768,48.260659,48.840418,49.425850,50.015450,50.607388,51.200306,
-18.261330,-18.413442,-18.572541,-18.740095,-18.916873,-19.103216,-19.299197,-19.504726,-19.719614,-19.943610,-20.176421,-20.417720,-20.667162,-20.924389,-21.189038,-21.460750,-21.739184,-22.024026,-22.314997,-22.611860,-22.914440,-23.222605,-23.536259,-23.855342,-24.179793,-24.509512,-24.844320,-25.183950,-25.528031,-25.876043,-26.227583,
332.0,0.633333
332.000000,332.633333,333.266667,333.900000,334.533333,335.166667,335.800000,336.433333,337.066667,337.700000,338.333333,338.966667,339.600000,340.233333,340.866667,341.500000,342.133333,342.766667,343.400000,344.033333,344.666667,345.300000,345.933333,346.566667,347.200000,347.833333,348.466667,349.100000,349.733333,350.366667,351.000000,
35.661410,36.162683,36.662675,37.161283,37.658586,38.154771,38.650085,39.144811,39.639242,40.133684,40.628455,41.123899,41.620383,42.118308,42.618129,43.120339,43.625470,44.134096,44.646807,45.164176,45.686735,46.214936,46.749091,47.289300,47.835433,48.387084,48.943454,49.503478,50.065890,50.629247,51.192502,
-18.399179,-18.553137,-18.713942,-18.883075,-19.061318,-19.249011,-19.446205,-19.652773,-19.868471,-20.092983,-20.325945,-20.566966,-20.815638,-21.071549,-21.334287,-21.603454,-21.878667,-22.159574,-22.445854,-22.737224,-23.033448,-23.334330,-23.639705,-23.949441,-24.263412,-24.581481,-24.903463,-25.229130,-25.558188,-25.890258,-26.225050,
333.0,0.600000
333.000000,333.600000,334.200000,334.800000,335.400000,336.000000,336.600000,337.200000,337.800000,338.400000,339.000000,339.600000,340.200000,340.800000,341.400000,342.000000,342.600000,343.200000,343.800000,344.400000,345.000000,345.600000,346.200000,346.800000,347.400000,348.000000,348.600000,349.200000,349.800000,350.400000,351.000000,
36.604169,37.080520,37.554636,38.026212,38.495246,38.961930,39.426584,39.889611,40.351460,40.812617,41.273586,41.734887,42.197055,42.660641,43.126216,43.594367,44.065689,44.540789,45.020258,45.504656,45.994479,46.490133,46.991886,47.499804,48.013747,48.533323,49.057809,49.586250,50.117531,50.650406,51.183983,
-18.695730,-18.857533,-19.025033,-19.199460,-19.381452,-19.571260,-19.768893,-19.974205,-20.186961,-20.406871,-20.633615,-20.866862,-21.106281,-21.351549,-21.602358,-21.858425,-22.119491,-22.385334,-22.655766,-22.930633,-23.209825,-23.493258,-23.780870,-24.072609,-24.368417,-24.668202,-24.971815,-25.279049,-25.589635,-25.903223,-26.219549,
334.0,0.566667
334.000000,334.566667,335.133333,335.700000,336.266667,336.833333,337.400000,337.966667,338.533333,339.100000,339.666667,340.233333,340.800000,341.366667,341.933333,342.500000,343.066667,343.633333,344.200000,344.766667,345.333333,345.900000,346.466667,347.033333,347.600000,348.166667,348.733333,349.300000,349.866667,350.433333,351.000000,
37.537250,37.988861,38.438503,38.885902,39.331052,39.774125,40.215407,40.655255,41.094065,41.532253,41.970243,42.408457,42.847311,43.287218,43.728585,44.171813,44.617302,45.065445,45.516630,45.971233,46.429610,46.892091,47.358966,47.830467,48.306761,48.787938,49.273983,49.764796,50.260203,50.759955,51.263856,
-19.020485,-19.188935,-19.362331,-19.541768,-19.727821,-19.920718,-20.120461,-20.326903,-20.539808,-20.758880,-20.983790,-21.214188,-21.449716,-21.690014,-21.934722,-22.183489,-22.435974,-22.691849,-22.950804,-23.212546,-23.476807,-23.743340,-24.011921,-24.282353,-24.554456,-24.828067,-25.103039,-25.379233,-25.656518,-25.934767,-26.213897,
335.0,0.533333
335.000000,335.533333,336.066667,336.600000,337.133333,337.666667,338.200000,338.733333,339.266667,339.800000,340.333333,340.866667,341.400000,341.933333,342.466667,343.000000,343.533333,344.066667,344.600000,345.133333,345.666667,346.200000,346.733333,347.266667,347.800000,348.333333,348.866667,349.400000,349.933333,350.466667,351.000000,
38.000227,38.428963,38.855773,39.280382,39.702792,40.123187,40.541878,40.959262,41.375786,41.791936,42.208216,42.625142,43.043232,43.463007,43.884978,44.309648,44.737494,45.168966,45.604467,46.044340,46.488841,46.938123,47.392217,47.850982,48.314114,48.781132,49.251330,49.723864,50.197815,50.672239,51.146484,
-19.193438,-19.360381,-19.531512,-19.707793,-19.889735,-20.077554,-20.271264,-20.470750,-20.675819,-20.886232,-21.101726,-21.322034,-21.546896,-21.776067,-22.009327,-22.246481,-22.487364,-22.731846,-22.979829,-23.231243,-23.486048,-23.744223,-24.005755,-24.270634,-24.538833,-24.810293,-25.084905,-25.362513,-25.642917,-25.925867,-26.211176,
336.0,0.500000
336.000000,336.500000,337.000000,337.500000,338.000000,338.500000,339.000000,339.500000,340.000000,340.500000,341.000000,341.500000,342.000000,342.500000,343.000000,343.500000,344.000000,344.500000,345.000000,345.500000,346.000000,346.500000,347.000000,347.500000,348.000000,348.500000,349.000000,349.500000,350.000000,350.500000,351.000000,
38.919281,39.322487,39.724163,40.124081,40.522234,40.918764,41.313915,41.708001,42.101375,42.494416,42.887515,43.281063,43.675447,44.071047,44.468227,44.867337,45.268709,45.672650,46.079441,46.489329,46.902521,47.319177,47.739404,48.163238,48.590650,49.021536,49.455707,49.892909,50.332852,50.775223,51.219802,
-19.560144,-19.730426,-19.904155,-20.082147,-20.264848,-20.452451,-20.644973,-20.842313,-21.044294,-21.250688,-21.461242,-21.675686,-21.893749,-22.115162,-22.339666,-22.567017,-22.796985,-23.029362,-23.263958,-23.500604,-23.739154,-23.979478,-24.221464,-24.465015,-24.710042,-24.956461,-25.204182,-25.453114,-25.703164,-25.954231,-26.206244,
337.0,0.466667
337.000000,337.466667,337.933333,338.400000,338.866667,339.333333,339.800000,340.266667,340.733333,341.200000,341.666667,342.133333,342.600000,343.066667,343.533333,344.000000,344.466667,344.933333,345.400000,345.866667,346.333333,346.800000,347.266667,347.733333,348.200000,348.666667,349.133333,349.600000,350.066667,350.533333,351.000000,
39.829573,40.206927,40.583157,40.958083,41.331679,41.704033,42.075309,42.445721,42.815514,43.184951,43.554303,43.923840,44.293830,44.664533,45.036198,45.409070,45.783383,46.159363,46.537230,46.917199,47.299479,47.684276,48.071790,48.462215,48.855736,49.252526,49.652741,50.056513,50.463946,50.875108,51.290029,
-19.953652,-20.124996,-20.299104,-20.476647,-20.657996,-20.843312,-21.032603,-21.225772,-21.422652,-21.623024,-21.826638,-22.033224,-22.242503,-22.454191,-22.668004,-22.883668,-23.100914,-23.319488,-23.539150,-23.759679,-23.980874,-24.202556,-24.424570,-24.646788,-24.869109,-25.091455,-25.313773,-25.536031,-25.758215,-25.980319,-26.202345,
338.0,0.433333
338.000000,338.433333,338.866667,339.300000,339.733333,340.166667,340.600000,341.033333,341.466667,341.900000,342.333333,342.766667,343.200000,343.633333,344.066667,344.500000,344.933333,345.366667,345.800000,346.233333,346.666667,347.100000,347.533333,347.966667,348.400000,348.833333,349.266667,349.700000,350.133333,350.566667,351.000000,
40.731762,41.083027,41.433505,41.783045,42.131598,42.479193,42.825909,43.171863,43.517195,43.862061,44.206626,44.551057,44.895528,45.240211,45.585283,45.930926,46.277328,46.624689,46.973223,47.323161,47.674757,48.028284,48.384041,48.742350,49.103550,49.467989,49.836022,50.207984,50.584175,50.964836,51.350107,
-20.372307,-20.542264,-20.714355,-20.889105,-21.066801,-21.247557,-21.431361,-21.618110,-21.807637,-21.999729,-22.194140,-22.390606,-22.588851,-22.788590,-22.989543,-23.191431,-23.393985,-23.596952,-23.800090,-24.003183,-24.206036,-24.408482,-24.610383,-24.811636,-25.012169,-25.211941,-25.410944,-25.609195,-25.806728,-26.003587,-26.199807,
339.0,0.400000
339.000000,339.400000,339.800000,340.200000,340.600000,341.000000,341.400000,341.800000,342.200000,342.600000,343.000000,343.400000,343.800000,344.200000,344.600000,345.000000,345.400000,345.800000,346.200000,346.600000,347.000000,347.400000,347.800000,348.200000,348.600000,349.000000,349.400000,349.800000,350.200000,350.600000,351.000000,
41.180062,41.507042,41.833689,42.159974,42.485923,42.811610,43.137137,43.462629,43.788224,44.114067,44.440311,44.767107,45.094605,45.422952,45.752290,46.082755,46.414477,46.747577,47.082167,47.418348,47.756207,48.095820,48.437242,48.780511,49.125642,49.472633,49.821455,50.172063,50.524402,50.878409,51.234041,
-20.590390,-20.752992,-20.917286,-21.083717,-21.252543,-21.423891,-21.597786,-21.774181,-21.952975,-22.134034,-22.317197,-22.502291,-22.689137,-22.877553,-23.067366,-23.258407,-23.450521,-23.643566,-23.837414,-24.031954,-24.227088,-24.422739,-24.618837,-24.815331,-25.012179,-25.209344,-25.406801,-25.604525,-25.802496,-26.000697,-26.199116,
340.0,0.366667
340.000000,340.366667,340.733333,341.100000,341.466667,341.833333,342.200000,342.566667,342.933333,343.300000,343.666667,344.033333,344.400000,344.766667,345.133333,345.500000,345.866667,346.233333,346.600000,346.966667,347.333333,347.700000,348.066667,348.433333,348.800000,349.166667,349.533333,349.900000,350.266667,350.633333,351.000000,
42.071628,42.372094,42.672339,42.972334,43.272088,43.571638,43.871043,44.170376,44.469724,44.769182,45.068850,45.368834,45.669242,45.970186,46.271779,46.574138,46.877379,47.181620,47.486977,47.793569,48.101508,48.410905,48.721866,49.034488,49.348859,49.665058,49.983146,50.303174,50.625176,50.949170,51.275163,
-21.042419,-21.199439,-21.357586,-21.517159,-21.678333,-21.841192,-22.005748,-22.171959,-22.339746,-22.509003,-22.679604,-22.851414,-23.024290,-23.198090,-23.372677,-23.547916,-23.723684,-23.899868,-24.076368,-24.253095,-24.429974,-24.606943,-24.783954,-24.960969,-25.137963,-25.314918,-25.491824,-25.668679,-25.845483,-26.022237,-26.198942,
341.0,0.333333
341.000000,341.333333,341.666667,342.000000,342.333333,342.666667,343.000000,343.333333,343.666667,344.000000,344.333333,344.666667,345.000000,345.333333,345.666667,346.000000,346.333333,346.666667,347.000000,347.333333,347.666667,348.000000,348.333333,348.666667,349.000000,349.333333,349.666667,350.000000,350.333333,350.666667,351.000000,
42.957285,43.231221,43.504914,43.778315,44.051411,44.324218,44.596772,44.869130,45.141359,45.413539,45.685760,45.958117,46.230713,46.503656,46.777057,47.051033,47.325702,47.601185,47.877607,48.155093,48.433767,48.713754,48.995176,49.278150,49.562790,49.849199,50.137472,50.427688,50.719914,51.014195,51.310555,
-21.513055,-21.662107,-21.811777,-21.962229,-22.113561,-22.265815,-22.418995,-22.573069,-22.727987,-22.883679,-23.040064,-23.197053,-23.354556,-23.512481,-23.670736,-23.829237,-23.987901,-24.146654,-24.305432,-24.464176,-24.622837,-24.781378,-24.939767,-25.097984,-25.256016,-25.413857,-25.571508,-25.728975,-25.886263,-26.043383,-26.200338,
342.0,0.300000
342.000000,342.300000,342.600000,342.900000,343.200000,343.500000,343.800000,344.100000,344.400000,344.700000,345.000000,345.300000,345.600000,345.900000,346.200000,346.500000,346.800000,347.100000,347.400000,347.700000,348.000000,348.300000,348.600000,348.900000,349.200000,349.500000,349.800000,350.100000,350.400000,350.700000,351.000000,
43.838052,44.085557,44.332842,44.579851,44.826560,45.072964,45.319079,45.564940,45.810592,46.056095,46.301517,46.546938,46.792445,47.038132,47.284101,47.530461,47.777325,48.024813,48.273049,48.522161,48.772280,49.023537,49.276065,49.529995,49.785455,50.042565,50.301439,50.562176,50.824858,51.089548,51.356278,
-21.998889,-22.137824,-22.277038,-22.416599,-22.556540,-22.696867,-22.837564,-22.978597,-23.119924,-23.261490,-23.403236,-23.545102,-23.687022,-23.828936,-23.970783,-24.112506,-24.254054,-24.395380,-24.536443,-24.677210,-24.817654,-24.957756,-25.097504,-25.236891,-25.375919,-25.514594,-25.652927,-25.790932,-25.928624,-26.066017,-26.203118,
343.0,0.266667
343.000000,343.266667,343.533333,343.800000,344.066667,344.333333,344.600000,344.866667,345.133333,345.400000,345.666667,345.933333,346.200000,346.466667,346.733333,347.000000,347.266667,347.533333,347.800000,348.066667,348.333333,348.600000,348.866667,349.133333,349.400000,349.666667,349.933333,350.200000,350.466667,350.733333,351.000000,
44.714974,44.936048,45.156839,45.377270,45.597301,45.816920,46.036138,46.254988,46.473517,46.691788,46.909874,47.127861,47.345841,47.563913,47.782185,48.000768,48.219777,48.439332,48.659555,48.880571,49.102504,49.325480,49.549621,49.775048,50.001877,50.230217,50.460169,50.691819,50.925241,51.160488,51.397590,
-22.496196,-22.623045,-22.749887,-22.876708,-23.003489,-23.130204,-23.256826,-23.383327,-23.509674,-23.635838,-23.761785,-23.887485,-24.012910,-24.138031,-24.262822,-24.387262,-24.511330,-24.635011,-24.758291,-24.881162,-25.003621,-25.125665,-25.247299,-25.368530,-25.489369,-25.609828,-25.729923,-25.849669,-25.969082,-26.088176,-26.206957,
344.0,0.233333
344.000000,344.233333,344.466667,344.700000,344.933333,345.166667,345.400000,345.633333,345.866667,346.100000,346.333333,346.566667,346.800000,347.033333,347.266667,347.500000,347.733333,347.966667,348.200000,348.433333,348.666667,348.900000,349.133333,349.366667,349.600000,349.833333,350.066667,350.300000,350.533333,350.766667,351.000000,
45.152318,45.347542,45.542954,45.738628,45.934627,46.131004,46.327804,46.525066,46.722821,46.921094,47.119905,47.319268,47.519195,47.719691,47.920757,48.122389,48.324580,48.527319,48.730590,48.934374,49.138647,49.343381,49.548549,49.754116,49.960049,50.166314,50.372874,50.579697,50.786754,50.994024,51.201492,
-22.747931,-22.860729,-22.973590,-23.086538,-23.199597,-23.312785,-23.426119,-23.539614,-23.653283,-23.767138,-23.881189,-23.995444,-24.109912,-24.224599,-24.339512,-24.454653,-24.570028,-24.685639,-24.801487,-24.917572,-25.033894,-25.150449,-25.267236,-25.384249,-25.501482,-25.618930,-25.736584,-25.854439,-25.972486,-26.090720,-26.209138,
345.0,0.200000
345.000000,345.200000,345.400000,345.600000,345.800000,346.000000,346.200000,346.400000,346.600000,346.800000,347.000000,347.200000,347.400000,347.600000,347.800000,348.000000,348.200000,348.400000,348.600000,348.800000,349.000000,349.200000,349.400000,349.600000,349.800000,350.000000,350.200000,350.400000,350.600000,350.800000,351.000000,
46.025390,46.193873,46.362511,46.531365,46.700485,46.869910,47.039675,47.209806,47.380323,47.551241,47.722570,47.894318,48.066485,48.239073,48.412078,48.585492,48.759307,48.933513,49.108096,49.283043,49.458337,49.633961,49.809898,49.986128,50.162635,50.339399,50.516403,50.693631,50.871071,51.048713,51.226550,
-23.255068,-23.353275,-23.451486,-23.549702,-23.647925,-23.746159,-23.844407,-23.942671,-24.040955,-24.139262,-24.237596,-24.335960,-24.434358,-24.532792,-24.631266,-24.729782,-24.828344,-24.926954,-25.025614,-25.124326,-25.223091,-25.321910,-25.420784,-25.519713,-25.618696,-25.717735,-25.816826,-25.915970,-26.015166,-26.114412,-26.213707,
