2106.0,0.500000
2106.000000,2106.500000,2107.000000,2107.500000,2108.000000,2108.500000,2109.000000,2109.500000,2110.000000,2110.500000,2111.000000,2111.500000,2112.000000,2112.500000,2113.000000,2113.500000,2114.000000,2114.500000,2115.000000,2115.500000,2116.000000,2116.500000,2117.000000,2117.500000,2118.000000,2118.500000,2119.000000,2119.500000,2120.000000,2120.500000,2121.000000,
-3.636728,-3.599525,-3.562610,-3.526005,-3.489682,-3.453573,-3.417582,-3.381587,-3.345448,-3.309003,-3.272080,-3.234486,-3.196021,-3.156476,-3.115638,-3.073299,-3.029260,-2.983348,-2.935422,-2.885391,-2.833236,-2.779015,-2.722886,-2.665134,-2.606163,-2.546499,-2.486812,-2.427850,-2.370381,-2.315140,-2.262619,
-13.990071,-13.990751,-13.991428,-13.992104,-13.992778,-13.993452,-13.994127,-13.994806,-13.995490,-13.996185,-13.996893,-13.997621,-13.998373,-13.999158,-13.999984,-14.000860,-14.001796,-14.002803,-14.003892,-14.005077,-14.006368,-14.007776,-14.009312,-14.010983,-14.012795,-14.014748,-14.016843,-14.019074,-14.021433,-14.023911,-14.026499,
2107.0,0.466667
2107.000000,2107.466667,2107.933333,2108.400000,2108.866667,2109.333333,2109.800000,2110.266667,2110.733333,2111.200000,2111.666667,2112.133333,2112.600000,2113.066667,2113.533333,2114.000000,2114.466667,2114.933333,2115.400000,2115.866667,2116.333333,2116.800000,2117.266667,2117.733333,2118.200000,2118.666667,2119.133333,2119.600000,2120.066667,2120.533333,2121.000000,
-3.139440,-3.106531,-3.073686,-3.040930,-3.008285,-2.975767,-2.943389,-2.911162,-2.879089,-2.847169,-2.815395,-2.783750,-2.752209,-2.720735,-2.689281,-2.657782,-2.626162,-2.594324,-2.562157,-2.529531,-2.496298,-2.462294,-2.427340,-2.391248,-2.353819,-2.314856,-2.274170,-2.231583,-2.186946,-2.140149,-2.091129,
-14.000132,-14.000869,-14.001611,-14.002361,-14.003118,-14.003885,-14.004662,-14.005448,-14.006245,-14.007052,-14.007869,-14.008696,-14.009534,-14.010382,-14.011241,-14.012111,-14.012992,-14.013884,-14.014786,-14.015700,-14.016625,-14.017562,-14.018509,-14.019466,-14.020434,-14.021411,-14.022397,-14.023392,-14.024395,-14.025404,-14.026420,
2108.0,0.433333
2108.000000,2108.433333,2108.866667,2109.300000,2109.733333,2110.166667,2110.600000,2111.033333,2111.466667,2111.900000,2112.333333,2112.766667,2113.200000,2113.633333,2114.066667,2114.500000,2114.933333,2115.366667,2115.800000,2116.233333,2116.666667,2117.100000,2117.533333,2117.966667,2118.400000,2118.833333,2119.266667,2119.700000,2120.133333,2120.566667,2121.000000,
-3.139440,-3.110084,-3.080860,-3.051788,-3.022869,-2.994086,-2.965410,-2.936805,-2.908221,-2.879604,-2.850892,-2.822016,-2.792900,-2.763463,-2.733619,-2.703276,-2.672342,-2.640719,-2.608311,-2.575026,-2.540776,-2.505480,-2.469073,-2.431502,-2.392736,-2.352762,-2.311593,-2.269261,-2.225813,-2.181308,-2.135790,
-14.000132,-14.000788,-14.001444,-14.002103,-14.002764,-14.003429,-14.004099,-14.004776,-14.005461,-14.006155,-14.006860,-14.007579,-14.008314,-14.009066,-14.009838,-14.010632,-14.011451,-14.012297,-14.013172,-14.014079,-14.015021,-14.015998,-14.017011,-14.018063,-14.019152,-14.020279,-14.021442,-14.022640,-14.023870,-14.025131,-14.026420,
2109.0,0.400000
2109.000000,2109.400000,2109.800000,2110.200000,2110.600000,2111.000000,2111.400000,2111.800000,2112.200000,2112.600000,2113.000000,2113.400000,2113.800000,2114.200000,2114.600000,2115.000000,2115.400000,2115.800000,2116.200000,2116.600000,2117.000000,2117.400000,2117.800000,2118.200000,2118.600000,2119.000000,2119.400000,2119.800000,2120.200000,2120.600000,2121.000000,
-3.139440,-3.112859,-3.086400,-3.060068,-3.033839,-3.007671,-2.981506,-2.955275,-2.928901,-2.902298,-2.875377,-2.848045,-2.820209,-2.791774,-2.762650,-2.732748,-2.701988,-2.670296,-2.637614,-2.603894,-2.569109,-2.533254,-2.496343,-2.458422,-2.419560,-2.379853,-2.339422,-2.298404,-2.256937,-2.215152,-2.173135,
-14.000132,-14.000724,-14.001314,-14.001903,-14.002491,-14.003081,-14.003674,-14.004273,-14.004880,-14.005498,-14.006131,-14.006782,-14.007453,-14.008149,-14.008874,-14.009630,-14.010422,-14.011253,-14.012125,-14.013044,-14.014009,-14.015025,-14.016093,-14.017212,-14.018384,-14.019607,-14.020880,-14.022201,-14.023566,-14.024973,-14.026420,
2110.0,0.366667
2110.000000,2110.366667,2110.733333,2111.100000,2111.466667,2111.833333,2112.200000,2112.566667,2112.933333,2113.300000,2113.666667,2114.033333,2114.400000,2114.766667,2115.133333,2115.500000,2115.866667,2116.233333,2116.600000,2116.966667,2117.333333,2117.700000,2118.066667,2118.433333,2118.800000,2119.166667,2119.533333,2119.900000,2120.266667,2120.633333,2121.000000,
-3.139440,-3.115043,-3.090684,-3.066339,-3.041963,-3.017495,-2.992862,-2.967984,-2.942775,-2.917146,-2.891007,-2.864270,-2.836849,-2.808664,-2.779643,-2.749723,-2.718853,-2.686997,-2.654137,-2.620274,-2.585431,-2.549658,-2.513026,-2.475636,-2.437614,-2.399106,-2.360280,-2.321309,-2.282360,-2.243582,-2.205066,
-14.000132,-14.000674,-14.001213,-14.001751,-14.002288,-14.002827,-14.003370,-14.003921,-14.004482,-14.005058,-14.005652,-14.006269,-14.006912,-14.007585,-14.008293,-14.009040,-14.009829,-14.010664,-14.011548,-14.012484,-14.013475,-14.014521,-14.015626,-14.016788,-14.018007,-14.019283,-14.020612,-14.021993,-14.023423,-14.024900,-14.026420,
2111.0,0.333333
2111.000000,2111.333333,2111.666667,2112.000000,2112.333333,2112.666667,2113.000000,2113.333333,2113.666667,2114.000000,2114.333333,2114.666667,2115.000000,2115.333333,2115.666667,2116.000000,2116.333333,2116.666667,2117.000000,2117.333333,2117.666667,2118.000000,2118.333333,2118.666667,2119.000000,2119.333333,2119.666667,2120.000000,2120.333333,2120.666667,2121.000000,
-3.139440,-3.116835,-3.094132,-3.071267,-3.048172,-3.024774,-3.000998,-2.976768,-2.952010,-2.926651,-2.900621,-2.873858,-2.846305,-2.817914,-2.788648,-2.758482,-2.727403,-2.695419,-2.662552,-2.628844,-2.594358,-2.559181,-2.523418,-2.487198,-2.450669,-2.413992,-2.377342,-2.340891,-2.304801,-2.269208,-2.234193,
-14.000132,-14.000633,-14.001134,-14.001635,-14.002138,-14.002646,-14.003162,-14.003690,-14.004233,-14.004794,-14.005378,-14.005989,-14.006631,-14.007307,-14.008022,-14.008778,-14.009581,-14.010432,-14.011335,-14.012291,-14.013302,-14.014371,-14.015496,-14.016678,-14.017917,-14.019210,-14.020556,-14.021953,-14.023397,-14.024886,-14.026420,
2112.0,0.300000
2112.000000,2112.300000,2112.600000,2112.900000,2113.200000,2113.500000,2113.800000,2114.100000,2114.400000,2114.700000,2115.000000,2115.300000,2115.600000,2115.900000,2116.200000,2116.500000,2116.800000,2117.100000,2117.400000,2117.700000,2118.000000,2118.300000,2118.600000,2118.900000,2119.200000,2119.500000,2119.800000,2120.100000,2120.400000,2120.700000,2121.000000,
-3.139440,-3.118412,-3.097126,-3.075479,-3.053379,-3.030745,-3.007506,-2.983601,-2.958976,-2.933587,-2.907398,-2.880383,-2.852526,-2.823820,-2.794270,-2.763895,-2.732725,-2.700807,-2.668200,-2.634982,-2.601244,-2.567096,-2.532661,-2.498077,-2.463494,-2.429068,-2.394960,-2.361323,-2.328297,-2.295994,-2.264481,
-14.000132,-14.000598,-14.001067,-14.001541,-14.002023,-14.002515,-14.003020,-14.003543,-14.004086,-14.004653,-14.005248,-14.005873,-14.006532,-14.007229,-14.007966,-14.008747,-14.009573,-14.010448,-14.011372,-14.012348,-14.013376,-14.014457,-14.015591,-14.016778,-14.018016,-14.019303,-14.020639,-14.022020,-14.023445,-14.024912,-14.026420,
2113.0,0.266667
2113.000000,2113.266667,2113.533333,2113.800000,2114.066667,2114.333333,2114.600000,2114.866667,2115.133333,2115.400000,2115.666667,2115.933333,2116.200000,2116.466667,2116.733333,2117.000000,2117.266667,2117.533333,2117.800000,2118.066667,2118.333333,2118.600000,2118.866667,2119.133333,2119.400000,2119.666667,2119.933333,2120.200000,2120.466667,2120.733333,2121.000000,
-3.139440,-3.119941,-3.100047,-3.079616,-3.058538,-3.036726,-3.014115,-2.990660,-2.966331,-2.941113,-2.915005,-2.888018,-2.860176,-2.831513,-2.802076,-2.771922,-2.741119,-2.709749,-2.677901,-2.645678,-2.613191,-2.580564,-2.547925,-2.515413,-2.483168,-2.451332,-2.420044,-2.389434,-2.359614,-2.330672,-2.302661,
-14.000132,-14.000565,-14.001005,-14.001456,-14.001920,-14.002402,-14.002905,-14.003431,-14.003983,-14.004565,-14.005180,-14.005828,-14.006514,-14.007240,-14.008007,-14.008817,-14.009671,-14.010572,-14.011519,-14.012514,-14.013557,-14.014646,-14.015783,-14.016967,-14.018195,-14.019466,-14.020780,-14.022134,-14.023526,-14.024955,-14.026420,
2114.0,0.233333
2114.000000,2114.233333,2114.466667,2114.700000,2114.933333,2115.166667,2115.400000,2115.633333,2115.866667,2116.100000,2116.333333,2116.566667,2116.800000,2117.033333,2117.266667,2117.500000,2117.733333,2117.966667,2118.200000,2118.433333,2118.666667,2118.900000,2119.133333,2119.366667,2119.600000,2119.833333,2120.066667,2120.300000,2120.533333,2120.766667,2121.000000,
-2.642225,-2.624653,-2.607142,-2.589705,-2.572348,-2.555067,-2.537852,-2.520689,-2.503559,-2.486437,-2.469298,-2.452112,-2.434847,-2.417469,-2.399945,-2.382237,-2.364309,-2.346123,-2.327643,-2.308829,-2.289647,-2.270058,-2.250029,-2.229526,-2.208518,-2.186977,-2.164876,-2.142194,-2.118913,-2.095021,-2.070511,
-14.012202,-14.012665,-14.013129,-14.013594,-14.014060,-14.014528,-14.014996,-14.015466,-14.015936,-14.016408,-14.016881,-14.017355,-14.017829,-14.018304,-14.018779,-14.019254,-14.019730,-14.020205,-14.020680,-14.021155,-14.021630,-14.022104,-14.022578,-14.023050,-14.023522,-14.023994,-14.024465,-14.024934,-14.025404,-14.025872,-14.026340,
2115.0,0.200000
2115.000000,2115.200000,2115.400000,2115.600000,2115.800000,2116.000000,2116.200000,2116.400000,2116.600000,2116.800000,2117.000000,2117.200000,2117.400000,2117.600000,2117.800000,2118.000000,2118.200000,2118.400000,2118.600000,2118.800000,2119.000000,2119.200000,2119.400000,2119.600000,2119.800000,2120.000000,2120.200000,2120.400000,2120.600000,2120.800000,2121.000000,
-2.642225,-2.626418,-2.610586,-2.594715,-2.578794,-2.562809,-2.546747,-2.530595,-2.514341,-2.497972,-2.481475,-2.464839,-2.448050,-2.431098,-2.413972,-2.396659,-2.379149,-2.361433,-2.343501,-2.325344,-2.306953,-2.288322,-2.269443,-2.250310,-2.230918,-2.211263,-2.191342,-2.171150,-2.150687,-2.129952,-2.108943,
-14.012202,-14.012618,-14.013036,-14.013456,-14.013879,-14.014306,-14.014736,-14.015171,-14.015610,-14.016053,-14.016501,-14.016953,-14.017410,-14.017872,-14.018338,-14.018809,-14.019284,-14.019764,-14.020248,-14.020736,-14.021229,-14.021725,-14.022225,-14.022728,-14.023235,-14.023745,-14.024258,-14.024774,-14.025293,-14.025815,-14.026340,
2122.0,1.766667
2122.000000,2123.766667,2125.533333,2127.300000,2129.066667,2130.833333,2132.600000,2134.366667,2136.133333,2137.900000,2139.666667,2141.433333,2143.200000,2144.966667,2146.733333,2148.500000,2150.266667,2152.033333,2153.800000,2155.566667,2157.333333,2159.100000,2160.866667,2162.633333,2164.400000,2166.166667,2167.933333,2169.700000,2171.466667,2173.233333,2175.000000,
-2.145038,-1.907663,-1.618530,-1.278524,-0.891785,-0.463821,-0.000259,0.494248,1.018603,1.572813,2.157250,2.772476,3.419103,4.097729,4.808853,5.552624,6.328049,7.130420,7.953874,8.792161,9.638796,10.487914,11.336075,12.187869,13.050467,13.932209,14.843016,15.791219,16.777915,17.780024,18.774229,
-14.026261,-14.033740,-14.043397,-14.055559,-14.070436,-14.088106,-14.108613,-14.132004,-14.158367,-14.187786,-14.220302,-14.255791,-14.294046,-14.334739,-14.377177,-14.420511,-14.463692,-14.505120,-14.543032,-14.575640,-14.601224,-14.618035,-14.624146,-14.617020,-14.593809,-14.551140,-14.484112,-14.388113,-14.261106,-14.109924,-13.941847,
2123.0,1.733333
2123.000000,2124.733333,2126.466667,2128.200000,2129.933333,2131.666667,2133.400000,2135.133333,2136.866667,2138.600000,2140.333333,2142.066667,2143.800000,2145.533333,2147.266667,2149.000000,2150.733333,2152.466667,2154.200000,2155.933333,2157.666667,2159.400000,2161.133333,2162.866667,2164.600000,2166.333333,2168.066667,2169.800000,2171.533333,2173.266667,2175.000000,
-2.145038,-1.902932,-1.610985,-1.270049,-0.884166,-0.458591,0.001334,0.491198,1.009910,1.557419,2.133976,2.739871,3.375402,4.040881,4.736639,5.463023,6.220388,7.009133,7.829359,8.680103,9.556954,10.454387,11.366408,12.286508,13.208517,14.127977,15.046084,15.966273,16.894185,17.840934,18.816380,
-14.026261,-14.033899,-14.043667,-14.055885,-14.070750,-14.088340,-14.108698,-14.131867,-14.157923,-14.186941,-14.218952,-14.253833,-14.291386,-14.331307,-14.372990,-14.415691,-14.458492,-14.499993,-14.538597,-14.572502,-14.599374,-14.616702,-14.621863,-14.612041,-14.584365,-14.535974,-14.464091,-14.366514,-14.242979,-14.099424,-13.941847,
2124.0,1.700000
2124.000000,2125.700000,2127.400000,2129.100000,2130.800000,2132.500000,2134.200000,2135.900000,2137.600000,2139.300000,2141.000000,2142.700000,2144.400000,2146.100000,2147.800000,2149.500000,2151.200000,2152.900000,2154.600000,2156.300000,2158.000000,2159.700000,2161.400000,2163.100000,2164.800000,2166.500000,2168.200000,2169.900000,2171.600000,2173.300000,2175.000000,
-2.145038,-1.897517,-1.602035,-1.259408,-0.873573,-0.449557,0.007558,0.493569,1.007374,1.548860,2.118229,2.715773,3.341820,3.996717,4.680851,5.394606,6.138309,6.912097,7.715727,8.547833,9.403564,10.277184,11.163408,12.059371,12.963843,13.878796,14.815605,15.785205,16.787623,17.785739,18.742426,
-14.026261,-14.034081,-14.043988,-14.056292,-14.071183,-14.088737,-14.108993,-14.131991,-14.157801,-14.186488,-14.218076,-14.252447,-14.289411,-14.328677,-14.369667,-14.411678,-14.453843,-14.494869,-14.533290,-14.567471,-14.595368,-14.614768,-14.623285,-14.618110,-14.596186,-14.554022,-14.486887,-14.390435,-14.262898,-14.110996,-13.941847,
2125.0,1.666667
2125.000000,2126.666667,2128.333333,2130.000000,2131.666667,2133.333333,2135.000000,2136.666667,2138.333333,2140.000000,2141.666667,2143.333333,2145.000000,2146.666667,2148.333333,2150.000000,2151.666667,2153.333333,2155.000000,2156.666667,2158.333333,2160.000000,2161.666667,2163.333333,2165.000000,2166.666667,2168.333333,2170.000000,2171.666667,2173.333333,2175.000000,
-1.647839,-1.394181,-1.094424,-0.749334,-0.362742,0.060552,0.515713,0.998746,1.508543,2.044942,2.608099,3.198304,3.815889,4.461211,5.134653,5.836593,6.567355,7.327095,8.115612,8.931683,9.770954,10.628162,11.498076,12.376497,13.260209,14.148302,15.046697,15.962125,16.897241,17.840069,18.778025,
-14.042271,-14.051275,-14.062481,-14.076169,-14.092489,-14.111469,-14.133100,-14.157372,-14.184300,-14.213896,-14.246127,-14.280818,-14.317723,-14.356493,-14.396506,-14.437017,-14.477120,-14.515510,-14.550713,-14.581088,-14.604601,-14.619059,-14.622132,-14.611182,-14.583435,-14.535947,-14.465359,-14.368806,-14.245523,-14.101368,-13.942372,
2126.0,1.633333
2126.000000,2127.633333,2129.266667,2130.900000,2132.533333,2134.166667,2135.800000,2137.433333,2139.066667,2140.700000,2142.333333,2143.966667,2145.600000,2147.233333,2148.866667,2150.500000,2152.133333,2153.766667,2155.400000,2157.033333,2158.666667,2160.300000,2161.933333,2163.566667,2165.200000,2166.833333,2168.466667,2170.100000,2171.733333,2173.366667,2175.000000,
-1.647839,-1.387073,-1.082028,-0.733420,-0.344967,0.078751,0.533131,1.014370,1.521355,2.053873,2.612040,3.196154,3.806578,4.443698,5.107926,5.799644,6.519109,7.266193,8.040350,8.840028,9.660736,10.497356,11.345610,12.204653,13.075554,13.962335,14.876931,15.829623,16.817243,17.793455,18.712652,
-14.042271,-14.051540,-14.062970,-14.076835,-14.093278,-14.112325,-14.133968,-14.158193,-14.185009,-14.214417,-14.246378,-14.280717,-14.317190,-14.355456,-14.394917,-14.434855,-14.474411,-14.512373,-14.547382,-14.577941,-14.602236,-14.618298,-14.623953,-14.616502,-14.592947,-14.549829,-14.482443,-14.386476,-14.260167,-14.109877,-13.942372,
2127.0,1.600000
2127.000000,2128.600000,2130.200000,2131.800000,2133.400000,2135.000000,2136.600000,2138.200000,2139.800000,2141.400000,2143.000000,2144.600000,2146.200000,2147.800000,2149.400000,2151.000000,2152.600000,2154.200000,2155.800000,2157.400000,2159.000000,2160.600000,2162.200000,2163.800000,2165.400000,2167.000000,2168.600000,2170.200000,2171.800000,2173.400000,2175.000000,
-1.647839,-1.379869,-1.066506,-0.703128,-0.288674,0.173754,0.679685,1.224317,1.803137,2.411974,3.047487,3.708724,4.395300,5.106307,5.838555,6.588039,7.350360,8.120649,8.894140,9.666877,10.437451,11.205749,11.973337,12.746007,13.531035,14.336325,15.170375,16.039569,16.942774,17.856304,18.756742,
-14.042271,-14.051765,-14.063503,-14.078038,-14.095778,-14.116900,-14.141482,-14.169521,-14.200836,-14.235172,-14.272211,-14.311501,-14.352505,-14.394540,-14.436531,-14.477268,-14.515485,-14.549871,-14.579117,-14.601954,-14.617255,-14.623857,-14.620345,-14.604503,-14.573768,-14.525229,-14.455196,-14.360387,-14.239650,-14.098414,-13.942372,
2128.0,1.566667
2128.000000,2129.566667,2131.133333,2132.700000,2134.266667,2135.833333,2137.400000,2138.966667,2140.533333,2142.100000,2143.666667,2145.233333,2146.800000,2148.366667,2149.933333,2151.500000,2153.066667,2154.633333,2156.200000,2157.766667,2159.333333,2160.900000,2162.466667,2164.033333,2165.600000,2167.166667,2168.733333,2170.300000,2171.866667,2173.433333,2175.000000,
-1.150584,-0.872162,-0.553023,-0.193761,0.202157,0.630564,1.087301,1.568929,2.074333,2.603222,3.155637,3.731873,4.332309,4.957350,5.607399,6.282807,6.983769,7.710023,8.460900,9.234887,10.028134,10.836309,11.655844,12.486129,13.328122,14.184884,15.064697,15.974244,16.909825,17.835833,18.717538,
-14.060176,-14.071134,-14.084307,-14.099936,-14.118117,-14.138832,-14.162024,-14.187628,-14.215590,-14.245845,-14.278287,-14.312680,-14.348721,-14.386015,-14.423930,-14.461728,-14.498537,-14.533192,-14.564390,-14.590704,-14.610427,-14.621703,-14.622479,-14.610207,-14.582095,-14.535064,-14.465348,-14.369653,-14.246899,-14.102687,-13.942872,
2129.0,1.533333
2129.000000,2130.533333,2132.066667,2133.600000,2135.133333,2136.666667,2138.200000,2139.733333,2141.266667,2142.800000,2144.333333,2145.866667,2147.400000,2148.933333,2150.466667,2152.000000,2153.533333,2155.066667,2156.600000,2158.133333,2159.666667,2161.200000,2162.733333,2164.266667,2165.800000,2167.333333,2168.866667,2170.400000,2171.933333,2173.466667,2175.000000,
-1.150584,-0.862269,-0.532119,-0.156068,0.266594,0.733085,1.239425,1.781341,2.354809,2.956108,3.582227,4.232105,4.905158,5.600373,6.314891,7.045163,7.787295,8.536994,9.290027,10.042761,10.793407,11.541141,12.286363,13.032401,13.784103,14.548220,15.336035,16.157732,17.015496,17.887182,18.750128,
-14.060176,-14.071506,-14.085153,-14.101618,-14.121242,-14.144132,-14.170294,-14.199648,-14.231945,-14.266862,-14.304009,-14.342868,-14.382840,-14.423198,-14.462894,-14.500767,-14.535613,-14.566211,-14.591349,-14.609854,-14.620689,-14.622790,-14.614899,-14.595149,-14.561370,-14.511023,-14.440716,-14.347409,-14.230042,-14.093488,-13.942872,
2130.0,1.500000
2130.000000,2131.500000,2133.000000,2134.500000,2136.000000,2137.500000,2139.000000,2140.500000,2142.000000,2143.500000,2145.000000,2146.500000,2148.000000,2149.500000,2151.000000,2152.500000,2154.000000,2155.500000,2157.000000,2158.500000,2160.000000,2161.500000,2163.000000,2164.500000,2166.000000,2167.500000,2169.000000,2170.500000,2172.000000,2173.500000,2175.000000,
-1.150584,-0.850683,-0.510678,-0.126759,0.301634,0.771863,1.280179,1.822557,2.395212,2.994644,3.618006,4.264200,4.932554,5.621987,6.329699,7.052234,7.785787,8.526134,9.269165,10.011548,10.752274,11.491600,12.231441,12.977606,13.737188,14.517394,15.324506,16.162105,17.026268,17.892309,18.736494,
-14.060176,-14.071986,-14.086089,-14.102969,-14.122949,-14.146125,-14.172495,-14.201973,-14.234307,-14.269171,-14.306173,-14.344794,-14.384433,-14.424375,-14.463615,-14.501049,-14.535534,-14.565923,-14.591068,-14.609841,-14.621160,-14.623877,-14.616587,-14.597150,-14.563128,-14.511877,-14.440413,-14.346244,-14.228749,-14.092663,-13.942872,
2131.0,1.466667
2131.000000,2132.466667,2133.933333,2135.400000,2136.866667,2138.333333,2139.800000,2141.266667,2142.733333,2144.200000,2145.666667,2147.133333,2148.600000,2150.066667,2151.533333,2153.000000,2154.466667,2155.933333,2157.400000,2158.866667,2160.333333,2161.800000,2163.266667,2164.733333,2166.200000,2167.666667,2169.133333,2170.600000,2172.066667,2173.533333,2175.000000,
-0.653233,-0.340988,0.006860,0.389939,0.805201,1.249058,1.717945,2.208907,2.720844,3.253368,3.806429,4.380296,4.975348,5.591992,6.230595,6.891456,7.574699,8.279982,9.006602,9.753220,10.516891,11.294309,12.082651,12.880943,13.689152,14.508281,15.341579,16.191111,17.053056,17.906660,18.732111,
-14.079900,-14.093342,-14.109003,-14.127090,-14.147647,-14.170607,-14.195863,-14.223288,-14.252753,-14.284109,-14.317163,-14.351608,-14.387066,-14.423076,-14.458975,-14.493998,-14.527269,-14.557658,-14.583920,-14.604683,-14.618318,-14.623062,-14.616990,-14.597819,-14.563145,-14.510550,-14.437682,-14.342765,-14.225708,-14.091047,-13.943337,
2132.0,1.433333
2132.000000,2133.433333,2134.866667,2136.300000,2137.733333,2139.166667,2140.600000,2142.033333,2143.466667,2144.900000,2146.333333,2147.766667,2149.200000,2150.633333,2152.066667,2153.500000,2154.933333,2156.366667,2157.800000,2159.233333,2160.666667,2162.100000,2163.533333,2164.966667,2166.400000,2167.833333,2169.266667,2170.700000,2172.133333,2173.566667,2175.000000,
-0.653233,-0.328743,0.032471,0.433764,0.875440,1.355140,1.869543,2.415084,2.988411,3.586421,4.206550,4.847621,5.508810,6.188970,6.885628,7.595785,8.316180,9.043275,9.773618,10.504268,11.233771,11.961425,12.687319,13.413193,14.141673,14.876419,15.623340,16.388088,17.173296,17.972702,18.779392,
-14.079900,-14.093870,-14.110181,-14.129261,-14.151356,-14.176491,-14.204592,-14.235497,-14.268885,-14.304360,-14.341459,-14.379594,-14.418103,-14.456223,-14.492960,-14.527235,-14.557935,-14.583938,-14.604125,-14.617383,-14.622629,-14.618741,-14.604459,-14.578135,-14.537978,-14.482162,-14.408883,-14.316808,-14.205993,-14.080240,-13.943337,
2133.0,1.400000
2133.000000,2134.400000,2135.800000,2137.200000,2138.600000,2140.000000,2141.400000,2142.800000,2144.200000,2145.600000,2147.000000,2148.400000,2149.800000,2151.200000,2152.600000,2154.000000,2155.400000,2156.800000,2158.200000,2159.600000,2161.000000,2162.400000,2163.800000,2165.200000,2166.600000,2168.000000,2169.400000,2170.800000,2172.200000,2173.600000,2175.000000,
-0.653233,-0.316099,0.056116,0.466564,0.915440,1.400515,1.918668,2.466546,3.041004,3.639128,4.258497,4.897911,5.556486,6.233038,6.925187,7.630064,8.344549,9.065246,9.788855,10.512615,11.235298,11.956507,12.676800,13.398749,14.125831,14.862223,15.613264,16.383175,17.171668,17.966143,18.754074,
-14.079900,-14.094440,-14.111303,-14.130898,-14.153450,-14.178975,-14.207388,-14.238520,-14.272045,-14.307563,-14.344608,-14.382590,-14.420845,-14.458616,-14.494940,-14.528772,-14.559041,-14.584670,-14.604580,-14.617693,-14.622935,-14.619182,-14.605151,-14.579144,-14.539305,-14.483738,-14.410574,-14.318427,-14.207328,-14.081045,-13.943337,
2134.0,1.366667
2134.000000,2135.366667,2136.733333,2138.100000,2139.466667,2140.833333,2142.200000,2143.566667,2144.933333,2146.300000,2147.666667,2149.033333,2150.400000,2151.766667,2153.133333,2154.500000,2155.866667,2157.233333,2158.600000,2159.966667,2161.333333,2162.700000,2164.066667,2165.433333,2166.800000,2168.166667,2169.533333,2170.900000,2172.266667,2173.633333,2175.000000,
-0.155746,0.193587,0.573669,0.984378,1.423118,1.886837,2.372499,2.877600,3.401150,3.942799,4.502547,5.080783,5.677977,6.294460,6.930060,7.584206,8.255657,8.941609,9.638732,10.343730,11.053915,11.767382,12.483912,13.207441,13.943433,14.697666,15.475318,16.278304,17.099561,17.908957,18.678150,
-14.101350,-14.117591,-14.136024,-14.156816,-14.179958,-14.205331,-14.232770,-14.262089,-14.293074,-14.325490,-14.359052,-14.393360,-14.427945,-14.462254,-14.495561,-14.527058,-14.555860,-14.580957,-14.601276,-14.615707,-14.623076,-14.622113,-14.611340,-14.588752,-14.552117,-14.499072,-14.427083,-14.334133,-14.219878,-14.088373,-13.943760,
2135.0,1.333333
2135.000000,2136.333333,2137.666667,2139.000000,2140.333333,2141.666667,2143.000000,2144.333333,2145.666667,2147.000000,2148.333333,2149.666667,2151.000000,2152.333333,2153.666667,2155.000000,2156.333333,2157.666667,2159.000000,2160.333333,2161.666667,2163.000000,2164.333333,2165.666667,2167.000000,2168.333333,2169.666667,2171.000000,2172.333333,2173.666667,2175.000000,
-0.155746,0.205432,0.595802,1.015334,1.461600,1.931724,2.422844,2.932589,3.459991,4.004684,4.566633,5.146168,5.743687,6.359436,6.993142,7.644145,8.311198,8.991729,9.682778,10.381595,11.086409,11.796340,12.512092,13.238057,13.979604,14.741248,15.524043,16.325382,17.135542,17.927900,18.678332,
-14.101350,-14.118162,-14.137139,-14.158447,-14.182070,-14.207884,-14.235719,-14.265377,-14.296634,-14.329239,-14.362895,-14.397193,-14.431662,-14.465752,-14.498757,-14.529890,-14.558293,-14.582979,-14.602893,-14.616913,-14.623794,-14.622172,-14.610472,-14.586622,-14.548391,-14.493577,-14.420223,-14.326975,-14.213955,-14.084961,-13.943760,
2136.0,1.300000
2136.000000,2137.300000,2138.600000,2139.900000,2141.200000,2142.500000,2143.800000,2145.100000,2146.400000,2147.700000,2149.000000,2150.300000,2151.600000,2152.900000,2154.200000,2155.500000,2156.800000,2158.100000,2159.400000,2160.700000,2162.000000,2163.300000,2164.600000,2165.900000,2167.200000,2168.500000,2169.800000,2171.100000,2172.400000,2173.700000,2175.000000,
0.341912,0.714102,1.113905,1.541416,1.994432,2.470342,2.966551,3.480923,4.012601,4.561235,5.126637,5.708577,6.306631,6.919871,7.546133,8.182788,8.827121,9.476648,10.129319,10.784098,11.442398,12.106750,12.780436,13.467734,14.172919,14.899255,15.647130,16.413825,17.190656,17.955066,18.686759,
-14.124414,-14.142870,-14.163463,-14.186324,-14.211392,-14.238500,-14.267430,-14.297935,-14.329734,-14.362512,-14.395905,-14.429434,-14.462554,-14.494654,-14.524996,-14.552794,-14.577239,-14.597519,-14.612795,-14.622165,-14.624567,-14.618803,-14.603456,-14.576610,-14.536196,-14.480194,-14.406883,-14.315122,-14.205115,-14.080318,-13.944131,
2137.0,1.266667
2137.000000,2138.266667,2139.533333,2140.800000,2142.066667,2143.333333,2144.600000,2145.866667,2147.133333,2148.400000,2149.666667,2150.933333,2152.200000,2153.466667,2154.733333,2156.000000,2157.266667,2158.533333,2159.800000,2161.066667,2162.333333,2163.600000,2164.866667,2166.133333,2167.400000,2168.666667,2169.933333,2171.200000,2172.466667,2173.733333,2175.000000,
0.341912,0.724338,1.132883,1.567748,2.026908,2.507927,3.008370,3.526213,4.060593,4.611109,5.177512,5.759506,6.356611,6.967887,7.591285,8.224340,8.864533,9.509618,10.157801,10.808305,11.462728,12.123788,12.794957,13.480709,14.185390,14.911995,15.659852,16.424729,17.196071,17.949173,18.662106,
-14.124414,-14.143393,-14.164475,-14.187785,-14.213258,-14.240722,-14.269952,-14.300694,-14.332656,-14.365514,-14.398895,-14.432319,-14.465247,-14.497078,-14.527099,-14.554553,-14.578656,-14.598615,-14.613604,-14.622722,-14.624893,-14.618899,-14.603301,-14.576186,-14.535496,-14.479243,-14.405780,-14.314049,-14.204310,-14.079910,-13.944131,
2138.0,1.233333
2138.000000,2139.233333,2140.466667,2141.700000,2142.933333,2144.166667,2145.400000,2146.633333,2147.866667,2149.100000,2150.333333,2151.566667,2152.800000,2154.033333,2155.266667,2156.500000,2157.733333,2158.966667,2160.200000,2161.433333,2162.666667,2163.900000,2165.133333,2166.366667,2167.600000,2168.833333,2170.066667,2171.300000,2172.533333,2173.766667,2175.000000,
0.839779,1.231357,1.647599,2.088802,2.553113,3.038259,3.541949,4.062266,4.598349,5.149777,5.716291,6.297636,6.893413,7.502814,8.124051,8.754909,9.392985,10.035772,10.680914,11.326587,11.972267,12.618213,13.265526,13.916867,14.575437,15.244364,15.926041,16.621275,17.327226,18.032578,18.726769,
-14.148964,-14.169458,-14.191981,-14.216620,-14.243265,-14.271700,-14.301657,-14.332836,-14.364898,-14.397472,-14.430139,-14.462377,-14.493608,-14.523192,-14.550393,-14.574428,-14.594502,-14.609817,-14.619566,-14.622908,-14.618927,-14.606630,-14.584900,-14.552349,-14.507521,-14.449054,-14.375903,-14.287509,-14.184318,-14.069086,-13.944446,
2139.0,1.200000
2139.000000,2140.200000,2141.400000,2142.600000,2143.800000,2145.000000,2146.200000,2147.400000,2148.600000,2149.800000,2151.000000,2152.200000,2153.400000,2154.600000,2155.800000,2157.000000,2158.200000,2159.400000,2160.600000,2161.800000,2163.000000,2164.200000,2165.400000,2166.600000,2167.800000,2169.000000,2170.200000,2171.400000,2172.600000,2173.800000,2175.000000,
1.337884,1.737357,2.160156,2.606799,3.075727,3.564898,4.072164,4.595572,5.133804,5.685736,6.250135,6.825275,7.409199,7.999807,8.594845,9.192114,9.789723,10.386556,10.982027,11.576218,12.170491,12.767023,13.368927,13.981051,14.608541,15.255617,15.923695,16.611279,17.311778,18.007641,18.683088,
-14.174853,-14.196709,-14.220497,-14.246260,-14.273844,-14.302986,-14.333364,-14.364620,-14.396347,-14.428103,-14.459404,-14.489683,-14.518339,-14.544761,-14.568346,-14.588498,-14.604639,-14.616229,-14.622714,-14.623474,-14.617714,-14.604499,-14.582688,-14.550711,-14.506869,-14.449524,-14.377345,-14.289517,-14.186319,-14.070490,-13.944697,
2140.0,1.166667
2140.000000,2141.166667,2142.333333,2143.500000,2144.666667,2145.833333,2147.000000,2148.166667,2149.333333,2150.500000,2151.666667,2152.833333,2154.000000,2155.166667,2156.333333,2157.500000,2158.666667,2159.833333,2161.000000,2162.166667,2163.333333,2164.500000,2165.666667,2166.833333,2168.000000,2169.166667,2170.333333,2171.500000,2172.666667,2173.833333,2175.000000,
1.337884,1.743954,2.171996,2.622619,3.094430,3.585525,4.093868,4.617571,5.155287,5.705829,6.267918,6.839852,7.419742,8.005608,8.595428,9.187315,9.779803,10.372409,10.965282,11.559294,12.156610,12.759994,13.372509,13.997435,14.637687,15.294988,15.968228,16.653813,17.344315,18.024510,18.681196,
-14.174853,-14.197077,-14.221175,-14.247189,-14.274962,-14.304227,-14.334662,-14.365910,-14.397566,-14.429198,-14.460333,-14.490430,-14.518919,-14.545217,-14.568744,-14.588916,-14.605150,-14.616856,-14.623413,-14.624109,-14.618033,-14.604143,-14.581239,-14.547846,-14.502440,-14.443649,-14.370564,-14.282796,-14.180893,-14.067396,-13.944697,
2141.0,1.133333
2141.000000,2142.133333,2143.266667,2144.400000,2145.533333,2146.666667,2147.800000,2148.933333,2150.066667,2151.200000,2152.333333,2153.466667,2154.600000,2155.733333,2156.866667,2158.000000,2159.133333,2160.266667,2161.400000,2162.533333,2163.666667,2164.800000,2165.933333,2167.066667,2168.200000,2169.333333,2170.466667,2171.600000,2172.733333,2173.866667,2175.000000,
1.836259,2.239723,2.654165,3.081072,3.521070,3.974411,4.441180,4.921393,5.415047,5.922082,6.442299,6.975193,7.520022,8.075729,8.640658,9.212961,9.790874,10.373063,10.958659,11.547616,12.141580,12.743012,13.354835,13.980377,14.622546,15.282725,15.958704,16.645262,17.332818,18.003291,18.641230,
-14.201916,-14.224740,-14.248681,-14.273801,-14.300043,-14.327267,-14.355288,-14.383881,-14.412763,-14.441612,-14.470064,-14.497689,-14.524014,-14.548535,-14.570694,-14.589905,-14.605557,-14.617001,-14.623541,-14.624389,-14.618573,-14.604992,-14.582395,-14.549268,-14.504056,-14.445363,-14.372262,-14.284354,-14.182182,-14.068242,-13.944880,
2142.0,1.100000
2142.000000,2143.100000,2144.200000,2145.300000,2146.400000,2147.500000,2148.600000,2149.700000,2150.800000,2151.900000,2153.000000,2154.100000,2155.200000,2156.300000,2157.400000,2158.500000,2159.600000,2160.700000,2161.800000,2162.900000,2164.000000,2165.100000,2166.200000,2167.300000,2168.400000,2169.500000,2170.600000,2171.700000,2172.800000,2173.900000,2175.000000,
2.334926,2.742797,3.160988,3.590936,4.033248,4.488170,4.955787,5.436113,5.929154,6.434865,6.953081,7.483380,8.025122,8.577370,9.138621,9.707134,10.281111,10.858843,11.438842,12.020094,12.602616,13.187038,13.774578,14.367355,14.967666,15.577364,16.196977,16.825526,17.459440,18.089904,18.709095,
-14.229975,-14.253694,-14.278393,-14.304096,-14.330710,-14.358064,-14.385944,-14.414096,-14.442208,-14.469931,-14.496878,-14.522594,-14.546588,-14.568334,-14.587263,-14.602778,-14.614269,-14.621105,-14.622633,-14.618150,-14.606856,-14.587885,-14.560292,-14.523004,-14.474954,-14.415236,-14.343345,-14.259204,-14.163436,-14.058078,-13.944991,
2143.0,1.066667
2143.000000,2144.066667,2145.133333,2146.200000,2147.266667,2148.333333,2149.400000,2150.466667,2151.533333,2152.600000,2153.666667,2154.733333,2155.800000,2156.866667,2157.933333,2159.000000,2160.066667,2161.133333,2162.200000,2163.266667,2164.333333,2165.400000,2166.466667,2167.533333,2168.600000,2169.666667,2170.733333,2171.800000,2172.866667,2173.933333,2175.000000,
2.334926,2.745783,3.166333,3.597972,4.041299,4.496560,4.963834,5.443117,5.934375,6.437511,6.952301,7.478264,8.014713,8.560698,9.114796,9.675403,10.240935,10.810027,11.381623,11.955238,12.531544,13.111874,13.698101,14.292823,14.898515,15.516604,16.145949,16.783050,17.420906,18.045882,18.646310,
-14.229975,-14.253869,-14.278712,-14.304521,-14.331197,-14.358567,-14.386411,-14.414475,-14.442452,-14.470004,-14.496754,-14.522273,-14.546096,-14.567732,-14.586649,-14.602292,-14.614084,-14.621418,-14.623648,-14.620065,-14.609829,-14.592010,-14.565577,-14.529330,-14.482064,-14.422730,-14.350683,-14.265730,-14.168443,-14.060893,-13.944991,
2144.0,1.033333
2144.000000,2145.033333,2146.066667,2147.100000,2148.133333,2149.166667,2150.200000,2151.233333,2152.266667,2153.300000,2154.333333,2155.366667,2156.400000,2157.433333,2158.466667,2159.500000,2160.533333,2161.566667,2162.600000,2163.633333,2164.666667,2165.700000,2166.733333,2167.766667,2168.800000,2169.833333,2170.866667,2171.900000,2172.933333,2173.966667,2175.000000,
2.833910,3.246360,3.668129,4.100619,4.544426,4.999727,5.466454,5.944350,6.432913,6.931451,7.439036,7.954327,8.475804,9.001907,9.531149,10.062230,10.594250,11.127137,11.661390,12.198128,12.739469,13.287969,13.846301,14.416983,15.001917,15.601586,16.213498,16.832823,17.451781,18.057457,18.639134,
-14.258832,-14.283289,-14.308540,-14.334560,-14.361211,-14.388285,-14.415533,-14.442669,-14.469364,-14.495262,-14.519985,-14.543120,-14.564240,-14.582911,-14.598700,-14.611163,-14.619837,-14.624212,-14.623726,-14.617727,-14.605389,-14.585777,-14.557865,-14.520486,-14.472498,-14.412945,-14.341332,-14.257612,-14.162416,-14.057646,-13.945028,
2145.0,1.000000
2145.000000,2146.000000,2147.000000,2148.000000,2149.000000,2150.000000,2151.000000,2152.000000,2153.000000,2154.000000,2155.000000,2156.000000,2157.000000,2158.000000,2159.000000,2160.000000,2161.000000,2162.000000,2163.000000,2164.000000,2165.000000,2166.000000,2167.000000,2168.000000,2169.000000,2170.000000,2171.000000,2172.000000,2173.000000,2174.000000,2175.000000,
3.333225,3.745567,4.166644,4.597796,5.039588,5.492180,5.955496,6.429284,6.913076,7.406239,7.907935,8.416982,8.932034,9.451685,9.974534,10.499286,11.024888,11.550808,12.076883,12.603368,13.131178,13.661609,14.196241,14.736981,15.285614,15.843291,16.409694,16.983129,17.559931,18.132881,18.695804,
-14.288278,-14.313010,-14.338362,-14.364270,-14.390571,-14.417035,-14.443396,-14.469355,-14.494574,-14.518690,-14.541321,-14.562056,-14.580469,-14.596132,-14.608612,-14.617473,-14.622267,-14.622516,-14.617713,-14.607297,-14.590602,-14.566902,-14.535422,-14.495321,-14.445802,-14.386239,-14.316380,-14.236337,-14.146741,-14.049162,-13.944990,
2146.0,0.966667
2146.000000,2146.966667,2147.933333,2148.900000,2149.866667,2150.833333,2151.800000,2152.766667,2153.733333,2154.700000,2155.666667,2156.633333,2157.600000,2158.566667,2159.533333,2160.500000,2161.466667,2162.433333,2163.400000,2164.366667,2165.333333,2166.300000,2167.266667,2168.233333,2169.200000,2170.166667,2171.133333,2172.100000,2173.066667,2174.033333,2175.000000,
3.832885,4.243989,4.663759,5.093290,5.532789,5.981931,6.440078,6.906348,7.379575,7.858459,8.341651,8.827812,9.315693,9.804235,10.292779,10.780971,11.268814,11.756885,12.246160,12.738027,13.234485,13.737782,14.250162,14.773608,15.309540,15.858231,16.417705,16.984223,17.551958,18.111681,18.655849,
-14.318085,-14.342802,-14.367948,-14.393413,-14.418996,-14.444440,-14.469457,-14.493736,-14.516947,-14.538751,-14.558809,-14.576789,-14.592364,-14.605213,-14.615018,-14.621452,-14.624158,-14.622717,-14.616648,-14.605387,-14.588222,-14.564358,-14.532942,-14.493055,-14.443831,-14.384592,-14.315070,-14.235373,-14.146125,-14.048846,-13.944877,
2147.0,0.933333
2147.000000,2147.933333,2148.866667,2149.800000,2150.733333,2151.666667,2152.600000,2153.533333,2154.466667,2155.400000,2156.333333,2157.266667,2158.200000,2159.133333,2160.066667,2161.000000,2161.933333,2162.866667,2163.800000,2164.733333,2165.666667,2166.600000,2167.533333,2168.466667,2169.400000,2170.333333,2171.266667,2172.200000,2173.133333,2174.066667,2175.000000,
4.332899,4.740728,5.156637,5.581659,6.015985,6.459305,6.911015,7.370298,7.836102,8.307265,8.782586,9.260875,9.741009,10.222007,10.703171,11.184016,11.664293,12.144111,12.623844,13.104152,13.586125,14.071098,14.560573,15.056205,15.559491,16.071383,16.591658,17.119014,17.650690,18.181448,18.706856,
-14.348016,-14.372411,-14.397042,-14.421767,-14.446370,-14.470586,-14.494126,-14.516684,-14.537936,-14.557553,-14.575203,-14.590564,-14.603315,-14.613139,-14.619722,-14.622746,-14.621870,-14.616714,-14.606857,-14.591826,-14.571060,-14.543947,-14.509849,-14.468109,-14.418125,-14.359460,-14.292008,-14.215966,-14.131924,-14.041137,-13.944689,
2148.0,0.900000
2148.000000,2148.900000,2149.800000,2150.700000,2151.600000,2152.500000,2153.400000,2154.300000,2155.200000,2156.100000,2157.000000,2157.900000,2158.800000,2159.700000,2160.600000,2161.500000,2162.400000,2163.300000,2164.200000,2165.100000,2166.000000,2166.900000,2167.800000,2168.700000,2169.600000,2170.500000,2171.400000,2172.300000,2173.200000,2174.100000,2175.000000,
4.833268,5.236553,5.647273,6.065885,6.491934,6.924466,7.362287,7.804136,8.248818,8.695238,9.142467,9.589879,10.037073,10.483877,10.930450,11.377188,11.824728,12.274041,12.726300,13.182814,13.645027,14.114393,14.592251,15.079658,15.577225,16.084769,16.600646,17.122012,17.644584,18.161830,18.668476,
-14.377819,-14.401570,-14.425322,-14.448890,-14.472041,-14.494513,-14.516034,-14.536330,-14.555135,-14.572190,-14.587246,-14.600065,-14.610415,-14.618055,-14.622729,-14.624155,-14.622009,-14.615899,-14.605372,-14.589912,-14.568904,-14.541682,-14.507565,-14.465871,-14.415993,-14.357494,-14.290278,-14.214549,-14.130891,-14.040509,-13.944430,
2149.0,0.866667
2149.000000,2149.866667,2150.733333,2151.600000,2152.466667,2153.333333,2154.200000,2155.066667,2155.933333,2156.800000,2157.666667,2158.533333,2159.400000,2160.266667,2161.133333,2162.000000,2162.866667,2163.733333,2164.600000,2165.466667,2166.333333,2167.200000,2168.066667,2168.933333,2169.800000,2170.666667,2171.533333,2172.400000,2173.266667,2174.133333,2175.000000,
4.833268,5.230268,5.634279,6.046201,6.466164,6.893844,7.328645,7.769793,8.216346,8.667291,9.121603,9.578302,10.036493,10.495431,10.954656,11.413930,11.873266,12.333053,12.793945,13.256841,13.722970,14.193688,14.670320,15.153991,15.645403,16.144433,16.649442,17.157589,17.664703,18.164649,18.652531,
-14.377819,-14.401229,-14.424657,-14.447940,-14.470868,-14.493198,-14.514672,-14.535019,-14.553960,-14.571212,-14.586493,-14.599524,-14.610025,-14.617713,-14.622294,-14.623462,-14.620881,-14.614164,-14.602886,-14.586566,-14.564650,-14.536545,-14.501648,-14.459367,-14.409184,-14.350749,-14.284028,-14.209265,-14.127038,-14.038449,-13.944430,
2150.0,0.833333
2150.000000,2150.833333,2151.666667,2152.500000,2153.333333,2154.166667,2155.000000,2155.833333,2156.666667,2157.500000,2158.333333,2159.166667,2160.000000,2160.833333,2161.666667,2162.500000,2163.333333,2164.166667,2165.000000,2165.833333,2166.666667,2167.500000,2168.333333,2169.166667,2170.000000,2170.833333,2171.666667,2172.500000,2173.333333,2174.166667,2175.000000,
5.333990,5.723404,6.118807,6.520673,6.928752,7.342409,7.760832,8.183181,8.608718,9.036812,9.466977,9.898961,10.332656,10.768049,11.205213,11.644292,12.085504,12.529175,12.975733,13.425743,13.879977,14.339277,14.804419,15.275975,15.754130,16.238366,16.726907,17.217010,17.704914,18.185448,18.654564,
-14.407228,-14.429653,-14.451888,-14.473746,-14.495015,-14.515467,-14.534867,-14.552978,-14.569565,-14.584394,-14.597229,-14.607836,-14.615969,-14.621375,-14.623770,-14.622849,-14.618275,-14.609660,-14.596579,-14.578565,-14.555101,-14.525647,-14.489675,-14.446694,-14.396302,-14.338255,-14.272607,-14.199652,-14.119961,-14.034510,-13.944103,
2151.0,0.800000
2151.000000,2151.800000,2152.600000,2153.400000,2154.200000,2155.000000,2155.800000,2156.600000,2157.400000,2158.200000,2159.000000,2159.800000,2160.600000,2161.400000,2162.200000,2163.000000,2163.800000,2164.600000,2165.400000,2166.200000,2167.000000,2167.800000,2168.600000,2169.400000,2170.200000,2171.000000,2171.800000,2172.600000,2173.400000,2174.200000,2175.000000,
5.835057,6.216080,6.602786,6.995598,7.394208,7.797904,8.205768,8.616814,9.030099,9.444757,9.860051,10.275467,10.690676,11.105546,11.520230,11.935095,12.350733,12.768036,13.188083,13.612094,14.041418,14.477360,14.920981,15.372832,15.832865,16.300153,16.772333,17.246024,17.716926,18.179614,18.629959,
-14.435968,-14.457169,-14.478002,-14.498264,-14.517746,-14.536235,-14.553519,-14.569391,-14.583645,-14.596083,-14.606506,-14.614717,-14.620513,-14.623677,-14.623968,-14.621117,-14.614817,-14.604701,-14.590359,-14.571332,-14.547103,-14.517135,-14.480902,-14.437928,-14.387829,-14.330384,-14.265661,-14.193959,-14.115830,-14.032170,-13.943713,
2152.0,0.766667
2152.000000,2152.766667,2153.533333,2154.300000,2155.066667,2155.833333,2156.600000,2157.366667,2158.133333,2158.900000,2159.666667,2160.433333,2161.200000,2161.966667,2162.733333,2163.500000,2164.266667,2165.033333,2165.800000,2166.566667,2167.333333,2168.100000,2168.866667,2169.633333,2170.400000,2171.166667,2171.933333,2172.700000,2173.466667,2174.233333,2175.000000,
6.336456,6.707848,7.084355,7.466399,7.853739,8.245765,8.641671,9.040586,9.441671,9.844151,10.247359,10.650813,11.054187,11.457316,11.860257,12.263241,12.666672,13.071176,13.477524,13.886600,14.299398,14.716896,15.139933,15.569035,16.004318,16.445261,16.890293,17.337064,17.782478,18.222511,18.654082,
-14.463756,-14.483515,-14.502767,-14.521292,-14.538884,-14.555342,-14.570470,-14.584077,-14.595976,-14.605982,-14.613910,-14.619573,-14.622778,-14.623319,-14.620968,-14.615475,-14.606563,-14.593908,-14.577156,-14.555922,-14.529784,-14.498312,-14.461096,-14.417777,-14.368078,-14.311862,-14.249229,-14.180469,-14.106073,-14.026802,-13.943266,
2153.0,0.733333
2153.000000,2153.733333,2154.466667,2155.200000,2155.933333,2156.666667,2157.400000,2158.133333,2158.866667,2159.600000,2160.333333,2161.066667,2161.800000,2162.533333,2163.266667,2164.000000,2164.733333,2165.466667,2166.200000,2166.933333,2167.666667,2168.400000,2169.133333,2169.866667,2170.600000,2171.333333,2172.066667,2172.800000,2173.533333,2174.266667,2175.000000,
6.838167,7.197918,7.560662,7.926629,8.295677,8.667499,9.041718,9.417965,9.795954,10.175464,10.556326,10.938436,11.321745,11.706265,12.092085,12.479377,12.868418,13.259636,13.653566,14.050814,14.452057,14.857938,15.268948,15.685281,16.106749,16.532614,16.961258,17.390428,17.817310,18.238444,18.651236,
-14.490296,-14.508379,-14.525801,-14.542337,-14.557799,-14.572019,-14.584840,-14.596113,-14.605688,-14.613412,-14.619128,-14.622662,-14.623830,-14.622430,-14.618233,-14.610985,-14.600410,-14.586191,-14.567990,-14.545446,-14.518180,-14.485816,-14.448010,-14.404477,-14.355018,-14.299562,-14.238249,-14.171383,-14.099426,-14.023046,-13.942767,
2154.0,0.700000
2154.000000,2154.700000,2155.400000,2156.100000,2156.800000,2157.500000,2158.200000,2158.900000,2159.600000,2160.300000,2161.000000,2161.700000,2162.400000,2163.100000,2163.800000,2164.500000,2165.200000,2165.900000,2166.600000,2167.300000,2168.000000,2168.700000,2169.400000,2170.100000,2170.800000,2171.500000,2172.200000,2172.900000,2173.600000,2174.300000,2175.000000,
7.340165,7.688525,8.039427,8.392978,8.748934,9.106885,9.466361,9.826907,10.188174,10.549914,10.911994,11.274448,11.637438,12.001247,12.366305,12.733134,13.102324,13.474519,13.850375,14.230514,14.615480,15.005685,15.401329,15.802265,16.207972,16.617434,17.028896,17.440092,17.848353,18.250610,18.644616,
-14.515285,-14.531544,-14.547052,-14.561580,-14.574949,-14.587007,-14.597620,-14.606659,-14.614000,-14.619512,-14.623056,-14.624478,-14.623607,-14.620255,-14.614200,-14.605198,-14.592980,-14.577244,-14.557668,-14.533919,-14.505659,-14.472563,-14.434341,-14.390774,-14.341725,-14.287176,-14.227291,-14.162375,-14.092860,-14.019327,-13.942226,
2155.0,0.666667
2155.000000,2155.666667,2156.333333,2157.000000,2157.666667,2158.333333,2159.000000,2159.666667,2160.333333,2161.000000,2161.666667,2162.333333,2163.000000,2163.666667,2164.333333,2165.000000,2165.666667,2166.333333,2167.000000,2167.666667,2168.333333,2169.000000,2169.666667,2170.333333,2171.000000,2171.666667,2172.333333,2173.000000,2173.666667,2174.333333,2175.000000,
7.842417,8.178590,8.516994,8.857741,9.200623,9.545274,9.891258,10.238142,10.585565,10.933246,11.281004,11.628799,11.976709,12.324934,12.673826,13.023851,13.375572,13.729655,14.086814,14.447754,14.813120,15.183427,15.558953,15.939592,16.324840,16.713706,17.104505,17.495099,17.883027,18.265574,18.640788,
-14.538415,-14.552702,-14.566177,-14.578604,-14.589807,-14.599646,-14.607998,-14.614754,-14.619802,-14.623030,-14.624318,-14.623528,-14.620510,-14.615093,-14.607078,-14.596244,-14.582347,-14.565114,-14.544253,-14.519466,-14.490448,-14.456915,-14.418619,-14.375380,-14.327102,-14.273796,-14.215636,-14.152913,-14.086024,-14.015476,-13.941650,
2156.0,0.633333
2156.000000,2156.633333,2157.266667,2157.900000,2158.533333,2159.166667,2159.800000,2160.433333,2161.066667,2161.700000,2162.333333,2162.966667,2163.600000,2164.233333,2164.866667,2165.500000,2166.133333,2166.766667,2167.400000,2168.033333,2168.666667,2169.300000,2169.933333,2170.566667,2171.200000,2171.833333,2172.466667,2173.100000,2173.733333,2174.366667,2175.000000,
8.344885,8.668057,8.993095,9.320125,9.649011,9.979477,10.311184,10.643786,10.976996,11.310584,11.644399,11.978402,12.312650,12.647295,12.982607,13.318941,13.656726,13.996464,14.338688,14.683918,15.032625,15.385175,15.741759,16.102281,16.466349,16.833196,17.201534,17.569727,17.935885,18.297921,18.654338,
-14.559371,-14.571575,-14.582939,-14.593222,-14.602248,-14.609878,-14.615996,-14.620498,-14.623280,-14.624237,-14.623258,-14.620215,-14.614968,-14.607363,-14.597222,-14.584348,-14.568532,-14.549541,-14.527134,-14.501070,-14.471110,-14.437036,-14.398668,-14.355885,-14.308637,-14.256964,-14.201036,-14.141117,-14.077550,-14.010755,-13.941048,
2157.0,0.600000
2157.000000,2157.600000,2158.200000,2158.800000,2159.400000,2160.000000,2160.600000,2161.200000,2161.800000,2162.400000,2163.000000,2163.600000,2164.200000,2164.800000,2165.400000,2166.000000,2166.600000,2167.200000,2167.800000,2168.400000,2169.000000,2169.600000,2170.200000,2170.800000,2171.400000,2172.000000,2172.600000,2173.200000,2173.800000,2174.400000,2175.000000,
8.847527,9.156028,9.464685,9.773594,10.082859,10.392585,10.702875,11.013832,11.325556,11.638145,11.951712,12.266383,12.582312,12.899685,13.218741,13.539757,13.863043,14.188942,14.517798,14.849923,15.185559,15.524838,15.867725,16.213925,16.562882,16.913728,17.265178,17.615678,17.963511,18.306867,18.644480,
-14.577832,-14.587872,-14.597079,-14.605219,-14.612122,-14.617660,-14.621724,-14.624219,-14.625049,-14.624113,-14.621305,-14.616503,-14.609570,-14.600357,-14.588695,-14.574400,-14.557276,-14.537115,-14.513704,-14.486833,-14.456305,-14.421944,-14.383613,-14.341235,-14.294794,-14.244355,-14.190089,-14.132245,-14.071130,-14.007104,-13.940431,
2158.0,0.566667
2158.000000,2158.566667,2159.133333,2159.700000,2160.266667,2160.833333,2161.400000,2161.966667,2162.533333,2163.100000,2163.666667,2164.233333,2164.800000,2165.366667,2165.933333,2166.500000,2167.066667,2167.633333,2168.200000,2168.766667,2169.333333,2169.900000,2170.466667,2171.033333,2171.600000,2172.166667,2172.733333,2173.300000,2173.866667,2174.433333,2175.000000,
9.350290,9.644447,9.938393,10.232161,10.525837,10.819547,11.113445,11.407708,11.702533,11.998131,12.294724,12.592547,12.891844,13.192866,13.495877,13.801144,14.108932,14.419496,14.733064,15.049810,15.369823,15.693078,16.019397,16.348385,16.679429,17.011675,17.343961,17.674935,18.003157,18.327168,18.645971,
-14.593474,-14.601307,-14.608343,-14.614351,-14.619159,-14.622637,-14.624674,-14.625174,-14.624040,-14.621174,-14.616472,-14.609818,-14.601084,-14.590134,-14.576814,-14.560962,-14.542410,-14.520981,-14.496503,-14.468808,-14.437748,-14.403197,-14.365067,-14.323323,-14.277985,-14.229137,-14.176950,-14.121652,-14.063511,-14.002825,-13.939807,
2159.0,0.533333
2159.000000,2159.533333,2160.066667,2160.600000,2161.133333,2161.666667,2162.200000,2162.733333,2163.266667,2163.800000,2164.333333,2164.866667,2165.400000,2165.933333,2166.466667,2167.000000,2167.533333,2168.066667,2168.600000,2169.133333,2169.666667,2170.200000,2170.733333,2171.266667,2171.800000,2172.333333,2172.866667,2173.400000,2173.933333,2174.466667,2175.000000,
9.853119,10.132486,10.411437,10.689942,10.968045,11.245849,11.523498,11.801173,12.079091,12.357494,12.636652,12.916866,13.198452,13.481742,13.767075,14.054787,14.345188,14.638548,14.935076,15.234902,15.538030,15.844337,16.153537,16.465135,16.778438,17.092550,17.406329,17.718500,18.027744,18.332789,18.632780,
-14.605972,-14.611582,-14.616447,-14.620341,-14.623098,-14.624587,-14.624697,-14.623332,-14.620397,-14.615798,-14.609434,-14.601196,-14.590964,-14.578611,-14.563998,-14.546978,-14.527402,-14.505117,-14.479977,-14.451846,-14.420606,-14.386167,-14.348470,-14.307506,-14.263316,-14.215993,-14.165697,-14.112635,-14.057043,-13.999169,-13.939187,
2160.0,0.500000
2160.000000,2160.500000,2161.000000,2161.500000,2162.000000,2162.500000,2163.000000,2163.500000,2164.000000,2164.500000,2165.000000,2165.500000,2166.000000,2166.500000,2167.000000,2167.500000,2168.000000,2168.500000,2169.000000,2169.500000,2170.000000,2170.500000,2171.000000,2171.500000,2172.000000,2172.500000,2173.000000,2173.500000,2174.000000,2174.500000,2175.000000,
10.355949,10.620197,10.884067,11.147544,11.410688,11.673617,11.936485,12.199483,12.462827,12.726754,12.991519,13.257390,13.524644,13.793559,14.064405,14.337437,14.612878,14.890902,15.171626,15.455087,15.741219,16.029841,16.320646,16.613162,16.906767,17.200696,17.494014,17.785704,18.074742,18.360167,18.641349,
-14.614999,-14.618399,-14.621103,-14.622889,-14.623588,-14.623064,-14.621204,-14.617907,-14.613076,-14.606619,-14.598439,-14.588437,-14.576506,-14.562537,-14.546415,-14.528022,-14.507240,-14.483957,-14.458065,-14.429471,-14.398102,-14.363909,-14.326870,-14.287007,-14.244378,-14.199083,-14.151272,-14.101126,-14.048840,-13.994614,-13.938582,
2161.0,0.466667
2161.000000,2161.466667,2161.933333,2162.400000,2162.866667,2163.333333,2163.800000,2164.266667,2164.733333,2165.200000,2165.666667,2166.133333,2166.600000,2167.066667,2167.533333,2168.000000,2168.466667,2168.933333,2169.400000,2169.866667,2170.333333,2170.800000,2171.266667,2171.733333,2172.200000,2172.666667,2173.133333,2173.600000,2174.066667,2174.533333,2175.000000,
10.858713,11.107381,11.355710,11.603688,11.851372,12.098871,12.346330,12.593924,12.841852,13.090329,13.339581,13.589845,13.841362,14.094367,14.349089,14.605737,14.864491,15.125491,15.388821,15.654496,15.922441,16.192478,16.464320,16.737534,17.011560,17.285715,17.559178,17.831065,18.100497,18.366664,18.629041,
-14.620226,-14.621474,-14.622081,-14.621835,-14.620571,-14.618154,-14.614472,-14.609424,-14.602919,-14.594866,-14.585178,-14.573763,-14.560532,-14.545387,-14.528235,-14.508977,-14.487519,-14.463771,-14.437651,-14.409089,-14.378034,-14.344453,-14.308340,-14.269723,-14.228662,-14.185249,-14.139616,-14.091916,-14.042314,-13.990973,-13.938001,
2162.0,0.433333
2162.000000,2162.433333,2162.866667,2163.300000,2163.733333,2164.166667,2164.600000,2165.033333,2165.466667,2165.900000,2166.333333,2166.766667,2167.200000,2167.633333,2168.066667,2168.500000,2168.933333,2169.366667,2169.800000,2170.233333,2170.666667,2171.100000,2171.533333,2171.966667,2172.400000,2172.833333,2173.266667,2173.700000,2174.133333,2174.566667,2175.000000,
11.863730,12.096505,12.329178,12.561714,12.794086,13.026273,13.258261,13.490039,13.721605,13.952960,14.184113,14.415079,14.645884,14.876560,15.107152,15.337715,15.568316,15.799034,16.029964,16.261211,16.492894,16.725145,16.958101,17.191911,17.426727,17.662697,17.899965,18.138663,18.378901,18.620761,18.864287,
-14.617979,-14.614934,-14.611146,-14.606386,-14.600484,-14.593314,-14.584785,-14.574829,-14.563393,-14.550440,-14.535938,-14.519867,-14.502211,-14.482957,-14.462103,-14.439648,-14.415600,-14.389975,-14.362795,-14.334093,-14.303913,-14.272308,-14.239342,-14.205092,-14.169643,-14.133087,-14.095523,-14.057047,-14.017748,-13.977702,-13.936953,
2163.0,0.400000
2163.000000,2163.400000,2163.800000,2164.200000,2164.600000,2165.000000,2165.400000,2165.800000,2166.200000,2166.600000,2167.000000,2167.400000,2167.800000,2168.200000,2168.600000,2169.000000,2169.400000,2169.800000,2170.200000,2170.600000,2171.000000,2171.400000,2171.800000,2172.200000,2172.600000,2173.000000,2173.400000,2173.800000,2174.200000,2174.600000,2175.000000,
12.365815,12.582096,12.798258,13.014264,13.230091,13.445721,13.661147,13.876368,14.091387,14.306215,14.520868,14.735369,14.949746,15.164035,15.378280,15.592532,15.806850,16.021303,16.235967,16.450927,16.666277,16.882116,17.098549,17.315684,17.533634,17.752505,17.972400,18.193413,18.415622,18.639085,18.863832,
-14.609861,-14.604911,-14.599283,-14.592762,-14.585189,-14.576447,-14.566451,-14.555140,-14.542471,-14.528413,-14.512948,-14.496063,-14.477756,-14.458027,-14.436884,-14.414341,-14.390416,-14.365136,-14.338531,-14.310641,-14.281513,-14.251199,-14.219761,-14.187268,-14.153792,-14.119411,-14.084204,-14.048249,-14.011613,-13.974354,-13.936504,
2164.0,0.366667
2164.000000,2164.366667,2164.733333,2165.100000,2165.466667,2165.833333,2166.200000,2166.566667,2166.933333,2167.300000,2167.666667,2168.033333,2168.400000,2168.766667,2169.133333,2169.500000,2169.866667,2170.233333,2170.600000,2170.966667,2171.333333,2171.700000,2172.066667,2172.433333,2172.800000,2173.166667,2173.533333,2173.900000,2174.266667,2174.633333,2175.000000,
12.867495,13.066965,13.266313,13.465506,13.664523,13.863354,14.061997,14.260458,14.458747,14.656882,14.854884,15.052781,15.250603,15.448388,15.646175,15.844011,16.041946,16.240035,16.438338,16.636919,16.835844,17.035184,17.235011,17.435397,17.636414,17.838130,18.040609,18.243908,18.448073,18.653137,18.859119,
-14.596657,-14.590013,-14.582762,-14.574709,-14.565707,-14.555649,-14.544457,-14.532078,-14.518474,-14.503622,-14.487510,-14.470136,-14.451503,-14.431621,-14.410507,-14.388180,-14.364667,-14.339999,-14.314212,-14.287346,-14.259447,-14.230566,-14.200758,-14.170082,-14.138599,-14.106374,-14.073470,-14.039945,-14.005853,-13.971235,-13.936116,
2165.0,0.333333
2165.000000,2165.333333,2165.666667,2166.000000,2166.333333,2166.666667,2167.000000,2167.333333,2167.666667,2168.000000,2168.333333,2168.666667,2169.000000,2169.333333,2169.666667,2170.000000,2170.333333,2170.666667,2171.000000,2171.333333,2171.666667,2172.000000,2172.333333,2172.666667,2173.000000,2173.333333,2173.666667,2174.000000,2174.333333,2174.666667,2175.000000,
13.368671,13.551031,13.733290,13.915421,14.097411,14.279255,14.460956,14.642524,14.823974,15.005326,15.186602,15.367829,15.549037,15.730258,15.911526,16.092878,16.274353,16.455990,16.637832,16.819920,17.002297,17.185006,17.368089,17.551585,17.735534,17.919971,18.104926,18.290426,18.476491,18.663135,18.850365,
-14.578056,-14.569971,-14.561358,-14.552042,-14.541892,-14.530812,-14.518731,-14.505600,-14.491388,-14.476076,-14.459656,-14.442131,-14.423507,-14.403800,-14.383029,-14.361219,-14.338397,-14.314597,-14.289853,-14.264206,-14.237698,-14.210375,-14.182285,-14.153478,-14.124004,-14.093915,-14.063261,-14.032087,-14.000433,-13.968331,-13.935798,
2166.0,0.300000
2166.000000,2166.300000,2166.600000,2166.900000,2167.200000,2167.500000,2167.800000,2168.100000,2168.400000,2168.700000,2169.000000,2169.300000,2169.600000,2169.900000,2170.200000,2170.500000,2170.800000,2171.100000,2171.400000,2171.700000,2172.000000,2172.300000,2172.600000,2172.900000,2173.200000,2173.500000,2173.800000,2174.100000,2174.400000,2174.700000,2175.000000,
13.869239,14.034223,14.199150,14.364007,14.528789,14.693499,14.858142,15.022729,15.187275,15.351797,15.516312,15.680842,15.845409,16.010035,16.174743,16.339556,16.504499,16.669593,16.834862,17.000326,17.166007,17.331921,17.498086,17.664517,17.831226,17.998221,18.165511,18.333100,18.500990,18.669181,18.837673,
-14.553757,-14.544523,-14.534844,-14.524570,-14.513584,-14.501801,-14.489157,-14.475609,-14.461128,-14.445697,-14.429312,-14.411973,-14.393691,-14.374479,-14.354359,-14.333353,-14.311490,-14.288799,-14.265314,-14.241071,-14.216108,-14.190464,-14.164180,-14.137297,-14.109856,-14.081899,-14.053464,-14.024586,-13.995294,-13.965613,-13.935555,
2167.0,0.266667
2167.000000,2167.266667,2167.533333,2167.800000,2168.066667,2168.333333,2168.600000,2168.866667,2169.133333,2169.400000,2169.666667,2169.933333,2170.200000,2170.466667,2170.733333,2171.000000,2171.266667,2171.533333,2171.800000,2172.066667,2172.333333,2172.600000,2172.866667,2173.133333,2173.400000,2173.666667,2173.933333,2174.200000,2174.466667,2174.733333,2175.000000,
14.369090,14.516473,14.663860,14.811254,14.958662,15.106093,15.253554,15.401055,15.548606,15.696217,15.843897,15.991656,16.139504,16.287449,16.435499,16.583662,16.731943,16.880347,17.028877,17.177535,17.326321,17.475234,17.624270,17.773424,17.922690,18.072060,18.221526,18.371077,18.520706,18.670406,18.820170,
-14.523462,-14.513412,-14.503000,-14.492098,-14.480608,-14.468456,-14.455586,-14.441957,-14.427543,-14.412328,-14.396306,-14.379478,-14.361851,-14.343439,-14.324257,-14.304327,-14.283674,-14.262322,-14.240302,-14.217643,-14.194379,-14.170540,-14.146162,-14.121277,-14.095918,-14.070117,-14.043904,-14.017306,-13.990345,-13.963038,-13.935394,
2168.0,0.233333
2168.000000,2168.233333,2168.466667,2168.700000,2168.933333,2169.166667,2169.400000,2169.633333,2169.866667,2170.100000,2170.333333,2170.566667,2170.800000,2171.033333,2171.266667,2171.500000,2171.733333,2171.966667,2172.200000,2172.433333,2172.666667,2172.900000,2173.133333,2173.366667,2173.600000,2173.833333,2174.066667,2174.300000,2174.533333,2174.766667,2175.000000,
14.868111,14.997688,15.127326,15.257047,15.386869,15.516806,15.646866,15.777057,15.907384,16.037848,16.168449,16.299185,16.430052,16.561043,16.692152,16.823368,16.954683,17.086083,17.217555,17.349085,17.480656,17.612252,17.743855,17.875447,18.007008,18.138520,18.269966,18.401329,18.532595,18.663753,18.794797,
-14.486888,-14.476390,-14.465607,-14.454436,-14.442795,-14.430620,-14.417863,-14.404487,-14.390469,-14.375791,-14.360446,-14.344433,-14.327755,-14.310423,-14.292448,-14.273846,-14.254637,-14.234842,-14.214484,-14.193587,-14.172177,-14.150280,-14.127922,-14.105130,-14.081929,-14.058342,-14.034394,-14.010102,-13.985486,-13.960555,-13.935318,
2169.0,0.200000
2169.000000,2169.200000,2169.400000,2169.600000,2169.800000,2170.000000,2170.200000,2170.400000,2170.600000,2170.800000,2171.000000,2171.200000,2171.400000,2171.600000,2171.800000,2172.000000,2172.200000,2172.400000,2172.600000,2172.800000,2173.000000,2173.200000,2173.400000,2173.600000,2173.800000,2174.000000,2174.200000,2174.400000,2174.600000,2174.800000,2175.000000,
15.366182,15.477733,15.589382,15.701161,15.813096,15.925205,16.037497,16.149979,16.262650,16.375507,16.488542,16.601745,16.715101,16.828593,16.942204,17.055913,17.169698,17.283536,17.397401,17.511268,17.625112,17.738906,17.852624,17.966240,18.079730,18.193069,18.306236,18.419212,18.531981,18.644531,18.756856,
-14.443759,-14.433223,-14.422470,-14.411418,-14.400003,-14.388169,-14.375877,-14.363095,-14.349799,-14.335973,-14.321608,-14.306699,-14.291248,-14.275259,-14.258740,-14.241702,-14.224158,-14.206124,-14.187617,-14.168655,-14.149256,-14.129440,-14.109228,-14.088638,-14.067689,-14.046400,-14.024786,-14.002862,-13.980639,-13.958127,-13.935330,
2201.0,0.933333
2201.000000,2201.933333,2202.866667,2203.800000,2204.733333,2205.666667,2206.600000,2207.533333,2208.466667,2209.400000,2210.333333,2211.266667,2212.200000,2213.133333,2214.066667,2215.000000,2215.933333,2216.866667,2217.800000,2218.733333,2219.666667,2220.600000,2221.533333,2222.466667,2223.400000,2224.333333,2225.266667,2226.200000,2227.133333,2228.066667,2229.000000,
30.824098,31.092906,31.357698,31.618405,31.875409,32.129207,32.380317,32.629188,32.876076,33.121138,33.364478,33.606180,33.846313,34.084950,34.322175,34.558067,34.792685,35.026039,35.258111,35.488854,35.718191,35.946091,36.172673,36.398370,36.624033,36.851218,37.082774,37.322425,37.574730,37.845407,38.138849,
-5.143579,-4.734109,-4.319819,-3.899338,-3.471666,-3.036154,-2.592398,-2.140231,-1.679828,-1.211528,-0.735724,-0.252786,0.236959,0.733265,1.236035,1.745250,2.260936,2.783137,3.311833,3.846810,4.387463,4.932808,5.481338,6.030646,6.577875,7.119980,7.653901,8.177072,8.688150,9.188270,9.678957,
2202.0,0.900000
2202.000000,2202.900000,2203.800000,2204.700000,2205.600000,2206.500000,2207.400000,2208.300000,2209.200000,2210.100000,2211.000000,2211.900000,2212.800000,2213.700000,2214.600000,2215.500000,2216.400000,2217.300000,2218.200000,2219.100000,2220.000000,2220.900000,2221.800000,2222.700000,2223.600000,2224.500000,2225.400000,2226.300000,2227.200000,2228.100000,2229.000000,
31.103354,31.355512,31.603066,31.845749,32.083853,32.317964,32.548805,32.777140,33.003682,33.229090,33.453941,33.678673,33.903622,34.129040,34.355057,34.581725,34.809015,35.036793,35.264863,35.492992,35.720911,35.948403,36.175407,36.402188,36.629392,36.858247,37.091007,37.330619,37.580650,37.845492,38.128483,
-4.719034,-4.322497,-3.923782,-3.522077,-3.116615,-2.706603,-2.291240,-1.869732,-1.441308,-1.005237,-0.560866,-0.107681,0.354732,0.826699,1.308425,1.800009,2.301424,2.812437,3.332617,3.861252,4.397158,4.938789,5.484192,6.030801,6.575780,7.116258,7.649544,8.173462,8.686906,9.190809,9.686429,
2203.0,0.866667
2203.000000,2203.866667,2204.733333,2205.600000,2206.466667,2207.333333,2208.200000,2209.066667,2209.933333,2210.800000,2211.666667,2212.533333,2213.400000,2214.266667,2215.133333,2216.000000,2216.866667,2217.733333,2218.600000,2219.466667,2220.333333,2221.200000,2222.066667,2222.933333,2223.800000,2224.666667,2225.533333,2226.400000,2227.266667,2228.133333,2229.000000,
31.376816,31.616049,31.853657,32.089240,32.322551,32.553486,32.782034,33.008254,33.232298,33.454368,33.674710,33.893615,34.111396,34.328362,34.544802,34.760968,34.977038,35.193065,35.409022,35.624830,35.840359,36.055520,36.270383,36.485341,36.701156,36.919137,37.141529,37.371187,37.611483,37.866406,38.138948,
-4.289204,-3.900614,-3.505619,-3.103645,-2.694785,-2.279379,-1.857853,-1.430610,-0.997891,-0.559819,-0.116381,0.332623,0.787512,1.248689,1.716637,2.191828,2.674619,3.165109,3.663148,4.168256,4.679417,5.195218,5.713845,6.232921,6.749836,7.261977,7.766972,8.262951,8.749004,9.226002,9.695082,
2204.0,0.833333
2204.000000,2204.833333,2205.666667,2206.500000,2207.333333,2208.166667,2209.000000,2209.833333,2210.666667,2211.500000,2212.333333,2213.166667,2214.000000,2214.833333,2215.666667,2216.500000,2217.333333,2218.166667,2219.000000,2219.833333,2220.666667,2221.500000,2222.333333,2223.166667,2224.000000,2224.833333,2225.666667,2226.500000,2227.333333,2228.166667,2229.000000,
31.644652,31.870435,32.095742,32.320417,32.544323,32.767325,32.989291,33.210087,33.429575,33.647624,33.864132,34.079052,34.292381,34.504166,34.714525,34.923611,35.131575,35.338543,35.544619,35.749893,35.954434,36.158369,36.361980,36.565857,36.770927,36.978610,37.191133,37.411240,37.642079,37.887227,38.149320,
-3.854481,-3.476453,-3.090959,-2.697028,-2.294504,-1.883687,-1.465123,-1.039481,-0.607472,-0.169792,0.272945,0.720305,1.171999,1.627906,2.088159,2.553001,3.022690,3.497407,3.977181,4.461769,4.950430,5.442050,5.935136,6.427673,6.917428,7.402176,7.879926,8.349143,8.809126,9.260674,9.704798,
2205.0,0.800000
2205.000000,2205.800000,2206.600000,2207.400000,2208.200000,2209.000000,2209.800000,2210.600000,2211.400000,2212.200000,2213.000000,2213.800000,2214.600000,2215.400000,2216.200000,2217.000000,2217.800000,2218.600000,2219.400000,2220.200000,2221.000000,2221.800000,2222.600000,2223.400000,2224.200000,2225.000000,2225.800000,2226.600000,2227.400000,2228.200000,2229.000000,
31.907039,32.119052,32.329789,32.539041,32.746755,32.952998,33.157919,33.361716,33.564643,33.766967,33.968954,34.170828,34.372781,34.574955,34.777415,34.980169,35.183168,35.386290,35.589382,35.792289,35.994886,36.197135,36.399173,36.601447,36.804729,37.010227,37.219840,37.435909,37.661103,37.898424,38.150068,
-3.415260,-3.050144,-2.680271,-2.304926,-1.923844,-1.536922,-1.144121,-0.745383,-0.340548,0.070603,0.488322,0.912874,1.344510,1.783438,2.229766,2.683500,3.144493,3.612355,4.086476,4.565977,5.049577,5.535708,6.022532,6.507877,6.989477,7.465175,7.933167,8.392145,8.841599,9.282368,9.715446,
2206.0,0.766667
2206.000000,2206.766667,2207.533333,2208.300000,2209.066667,2209.833333,2210.600000,2211.366667,2212.133333,2212.900000,2213.666667,2214.433333,2215.200000,2215.966667,2216.733333,2217.500000,2218.266667,2219.033333,2219.800000,2220.566667,2221.333333,2222.100000,2222.866667,2223.633333,2224.400000,2225.166667,2225.933333,2226.700000,2227.466667,2228.233333,2229.000000,
32.164160,32.364486,32.564524,32.764240,32.963627,33.162699,33.361470,33.559955,33.758159,33.956074,34.153684,34.350950,34.547829,34.744268,34.940218,35.135627,35.330444,35.524620,35.718121,35.910941,36.103132,36.294842,36.486387,36.678370,36.871680,37.067582,37.267913,37.474861,37.690853,37.918505,38.159699,
-2.971929,-2.617183,-2.256652,-1.889349,-1.514878,-1.133173,-0.744360,-0.348659,0.053671,0.462359,0.877135,1.297753,1.723985,2.155631,2.592525,3.034495,3.481318,3.932663,4.388056,4.846817,5.307926,5.770112,6.231874,6.691427,7.146908,7.596563,8.038956,8.473081,8.898595,9.316247,9.726889,
2207.0,0.733333
2207.000000,2207.733333,2208.466667,2209.200000,2209.933333,2210.666667,2211.400000,2212.133333,2212.866667,2213.600000,2214.333333,2215.066667,2215.800000,2216.533333,2217.266667,2218.000000,2218.733333,2219.466667,2220.200000,2220.933333,2221.666667,2222.400000,2223.133333,2223.866667,2224.600000,2225.333333,2226.066667,2226.800000,2227.533333,2228.266667,2229.000000,
32.416208,32.605023,32.793594,32.981924,33.170056,33.358057,33.546004,33.733978,33.922055,34.110299,34.298760,34.487458,34.676388,34.865512,35.054741,35.243958,35.433012,35.621726,35.809924,35.997466,36.184295,36.370473,36.556258,36.742229,36.929260,37.118588,37.311968,37.511453,37.719273,37.937738,38.168481,
-2.524877,-2.181648,-1.833454,-1.479320,-1.118754,-0.751532,-0.377581,0.003093,0.390465,0.784494,1.185131,1.592315,2.005960,2.425924,2.851971,3.283759,3.720805,4.162404,4.607664,5.055491,5.504507,5.953166,6.399805,6.842672,7.280072,7.710515,8.132932,8.546694,8.951744,9.348898,9.738984,
2208.0,0.700000
2208.000000,2208.700000,2209.400000,2210.100000,2210.800000,2211.500000,2212.200000,2212.900000,2213.600000,2214.300000,2215.000000,2215.700000,2216.400000,2217.100000,2217.800000,2218.500000,2219.200000,2219.900000,2220.600000,2221.300000,2222.000000,2222.700000,2223.400000,2224.100000,2224.800000,2225.500000,2226.200000,2226.900000,2227.600000,2228.300000,2229.000000,
32.663381,32.841465,33.019408,33.197221,33.374944,33.552627,33.730331,33.908117,34.086040,34.264151,34.442488,34.621070,34.799901,34.978967,35.158228,35.337629,35.517107,35.696593,35.876036,36.055421,36.234808,36.414352,36.594347,36.775304,36.957943,37.143227,37.332459,37.527141,37.728882,37.939323,38.159612,
-2.074484,-1.742540,-1.406179,-1.064499,-0.717029,-0.363545,-0.003972,0.361692,0.733418,1.111162,1.494866,1.884468,2.279883,2.680985,3.087584,3.499409,3.916087,4.337081,4.761716,5.189160,5.618367,6.048152,6.477223,6.904193,7.327696,7.746508,8.159705,8.566694,8.967322,9.362099,9.751582,
2209.0,0.666667
2209.000000,2209.666667,2210.333333,2211.000000,2211.666667,2212.333333,2213.000000,2213.666667,2214.333333,2215.000000,2215.666667,2216.333333,2217.000000,2217.666667,2218.333333,2219.000000,2219.666667,2220.333333,2221.000000,2221.666667,2222.333333,2223.000000,2223.666667,2224.333333,2225.000000,2225.666667,2226.333333,2227.000000,2227.666667,2228.333333,2229.000000,
32.905885,33.073848,33.241756,33.409624,33.577484,33.745375,33.913340,34.081422,34.249660,34.418090,34.586740,34.755629,34.924768,35.094163,35.263810,35.433704,35.603848,35.774256,35.944969,36.116069,36.287708,36.460112,36.633611,36.808682,36.985936,37.166132,37.350218,37.539239,37.734272,37.936352,38.146186,
-1.621126,-1.300480,-0.975899,-0.646552,-0.311996,0.027978,0.373441,0.724383,1.080759,1.442501,1.809526,2.181745,2.559050,2.941308,3.328340,3.719920,4.115755,4.515454,4.918543,5.324452,5.732490,6.141885,6.551807,6.961378,7.369732,7.776092,8.179850,8.580589,8.978141,9.372704,9.764529,
2210.0,0.633333
2210.000000,2210.633333,2211.266667,2211.900000,2212.533333,2213.166667,2213.800000,2214.433333,2215.066667,2215.700000,2216.333333,2216.966667,2217.600000,2218.233333,2218.866667,2219.500000,2220.133333,2220.766667,2221.400000,2222.033333,2222.666667,2223.300000,2223.933333,2224.566667,2225.200000,2225.833333,2226.466667,2227.100000,2227.733333,2228.366667,2229.000000,
33.143929,33.302295,33.460660,33.619043,33.777471,33.935973,34.094581,34.253327,34.412241,34.571355,34.730696,34.890293,35.050172,35.210363,35.370901,35.531828,35.693202,35.855103,36.017638,36.180954,36.345250,36.510784,36.677880,36.846953,37.018494,37.193067,37.371326,37.553959,37.741637,37.934966,38.134341,
-1.165167,-0.855929,-0.543215,-0.226268,0.095320,0.421743,0.753064,1.089265,1.430290,1.776061,2.126485,2.481465,2.840893,3.204650,3.572597,3.944569,4.320368,4.699746,5.082412,5.468024,5.856177,6.246423,6.638276,7.031225,7.424756,7.818390,8.211722,8.604434,8.996331,9.387396,9.777672,
2211.0,0.600000
2211.000000,2211.600000,2212.200000,2212.800000,2213.400000,2214.000000,2214.600000,2215.200000,2215.800000,2216.400000,2217.000000,2217.600000,2218.200000,2218.800000,2219.400000,2220.000000,2220.600000,2221.200000,2221.800000,2222.400000,2223.000000,2223.600000,2224.200000,2224.800000,2225.400000,2226.000000,2226.600000,2227.200000,2227.800000,2228.400000,2229.000000,
33.377729,33.526967,33.676231,33.825542,33.974922,34.124398,34.273998,34.423751,34.573688,34.723844,34.874255,35.024965,35.176022,35.327481,35.479412,35.631897,35.785035,35.938951,36.093795,36.249743,36.407015,36.565863,36.726577,36.889492,37.054978,37.223427,37.395256,37.570874,37.750657,37.934911,38.123824,
-0.706967,-0.409272,-0.108550,0.195880,0.504391,0.817163,1.134255,1.455650,1.781295,2.111113,2.445018,2.782926,3.124750,3.470406,3.819805,4.172857,4.529458,4.889492,5.252824,5.619296,5.988722,6.360891,6.735566,7.112481,7.491356,7.871902,8.253835,8.636887,9.020835,9.405520,9.790857,
2212.0,0.566667
2212.000000,2212.566667,2213.133333,2213.700000,2214.266667,2214.833333,2215.400000,2215.966667,2216.533333,2217.100000,2217.666667,2218.233333,2218.800000,2219.366667,2219.933333,2220.500000,2221.066667,2221.633333,2222.200000,2222.766667,2223.333333,2223.900000,2224.466667,2225.033333,2225.600000,2226.166667,2226.733333,2227.300000,2227.866667,2228.433333,2229.000000,
33.607503,33.748015,33.888555,34.029145,34.169808,34.310575,34.451475,34.592545,34.733825,34.875361,35.017204,35.159417,35.302068,35.445241,35.589032,35.733551,35.878927,36.025308,36.172861,36.321772,36.472249,36.624516,36.778811,36.935383,37.094485,37.256361,37.421240,37.589323,37.760774,37.935697,38.114144,
-0.246871,0.039073,0.327601,0.619313,0.914550,1.213483,1.516177,1.822627,2.132797,2.446630,2.764064,3.085046,3.409526,3.737467,4.068841,4.403632,4.741829,5.083423,5.428406,5.776762,6.128461,6.483457,6.841676,7.203012,7.567325,7.934440,8.304138,8.676173,9.050298,9.426270,9.803929,
2213.0,0.533333
2213.000000,2213.533333,2214.066667,2214.600000,2215.133333,2215.666667,2216.200000,2216.733333,2217.266667,2217.800000,2218.333333,2218.866667,2219.400000,2219.933333,2220.466667,2221.000000,2221.533333,2222.066667,2222.600000,2223.133333,2223.666667,2224.200000,2224.733333,2225.266667,2225.800000,2226.333333,2226.866667,2227.400000,2227.933333,2228.466667,2229.000000,
33.833474,33.965606,34.097752,34.229934,34.362182,34.494534,34.627030,34.759720,34.892659,35.025909,35.159541,35.293635,35.428284,35.563588,35.699665,35.836642,35.974660,36.113874,36.254449,36.396556,36.540377,36.686089,36.833870,36.983882,37.136272,37.291161,37.448634,37.608742,37.771500,37.936882,38.104859,
0.214786,0.488723,0.764800,1.043541,1.325258,1.610122,1.898213,2.189553,2.484138,2.781947,3.082961,3.387169,3.694572,4.005187,4.319051,4.636217,4.956752,5.280734,5.608248,5.939377,6.274195,6.612756,6.955087,7.301170,7.650943,8.004288,8.361014,8.720887,9.083641,9.448991,9.816739,
2214.0,0.500000
2214.000000,2214.500000,2215.000000,2215.500000,2216.000000,2216.500000,2217.000000,2217.500000,2218.000000,2218.500000,2219.000000,2219.500000,2220.000000,2220.500000,2221.000000,2221.500000,2222.000000,2222.500000,2223.000000,2223.500000,2224.000000,2224.500000,2225.000000,2225.500000,2226.000000,2226.500000,2227.000000,2227.500000,2228.000000,2228.500000,2229.000000,
34.055868,34.179922,34.303970,34.428039,34.552166,34.676399,34.800797,34.925424,35.050353,35.175665,35.301449,35.427803,35.554835,35.682661,35.811405,35.941203,36.072192,36.204519,36.338330,36.473771,36.610979,36.750082,36.891190,37.034386,37.179727,37.327236,37.476891,37.628639,37.782400,37.938071,38.095573,
0.677683,0.939321,1.202667,1.468171,1.736120,2.006692,2.279993,2.556086,2.835012,3.116801,3.401485,3.689109,3.979731,4.273425,4.570289,4.870435,5.173992,5.481100,5.791907,6.106553,6.425171,6.747868,7.074719,7.405745,7.740914,8.080130,8.423214,8.769930,9.120006,9.473146,9.829141,
2215.0,0.466667
2215.000000,2215.466667,2215.933333,2216.400000,2216.866667,2217.333333,2217.800000,2218.266667,2218.733333,2219.200000,2219.666667,2220.133333,2220.600000,2221.066667,2221.533333,2222.000000,2222.466667,2222.933333,2223.400000,2223.866667,2224.333333,2224.800000,2225.266667,2225.733333,2226.200000,2226.666667,2227.133333,2227.600000,2228.066667,2228.533333,2229.000000,
34.274913,34.391125,34.507322,34.623535,34.739813,34.856216,34.972818,35.089701,35.206953,35.324672,35.442963,35.561934,35.681703,35.802391,35.924122,36.047024,36.171225,36.296848,36.424012,36.552825,36.683377,36.815742,36.949967,37.086067,37.224024,37.363785,37.505257,37.648317,37.792827,37.938644,38.085668,
1.141513,1.390482,1.640755,1.892711,2.146617,2.402666,2.660997,2.921721,3.184932,3.450721,3.719180,3.990412,4.264535,4.541679,4.821993,5.105640,5.392791,5.683629,5.978333,6.277074,6.580007,6.887256,7.198906,7.514987,7.835469,8.160254,8.489163,8.821961,9.158378,9.498123,9.840994,
2216.0,0.433333
2216.000000,2216.433333,2216.866667,2217.300000,2217.733333,2218.166667,2218.600000,2219.033333,2219.466667,2219.900000,2220.333333,2220.766667,2221.200000,2221.633333,2222.066667,2222.500000,2222.933333,2223.366667,2223.800000,2224.233333,2224.666667,2225.100000,2225.533333,2225.966667,2226.400000,2226.833333,2227.266667,2227.700000,2228.133333,2228.566667,2229.000000,
34.490838,34.599375,34.707910,34.816483,34.925154,35.033997,35.143098,35.252551,35.362458,35.472924,35.584060,35.695983,35.808806,35.922648,36.037622,36.153842,36.271411,36.390425,36.510968,36.633105,36.756882,36.882319,37.009409,37.138110,37.268347,37.400016,37.532974,37.667059,37.802106,37.937952,38.074494,
1.605983,1.841822,2.078609,2.316663,2.556237,2.797538,3.040744,3.286015,3.533502,3.783357,4.035731,4.290788,4.548698,4.809642,5.073811,5.341404,5.612622,5.887668,6.166733,6.449996,6.737607,7.029685,7.326304,7.627480,7.933169,8.243264,8.557580,8.875886,9.197919,9.523409,9.852167,
2217.0,0.400000
2217.000000,2217.400000,2217.800000,2218.200000,2218.600000,2219.000000,2219.400000,2219.800000,2220.200000,2220.600000,2221.000000,2221.400000,2221.800000,2222.200000,2222.600000,2223.000000,2223.400000,2223.800000,2224.200000,2224.600000,2225.000000,2225.400000,2225.800000,2226.200000,2226.600000,2227.000000,2227.400000,2227.800000,2228.200000,2228.600000,2229.000000,
34.703872,34.804845,34.905861,35.006976,35.108263,35.209805,35.311696,35.414035,35.516925,35.620475,35.724791,35.829981,35.936152,36.043403,36.151831,36.261522,36.372553,36.484986,36.598865,36.714216,36.831041,36.949314,37.068984,37.189967,37.312150,37.435394,37.559531,37.684385,37.809779,37.935554,38.061609,
2.070819,2.293007,2.515868,2.739674,2.964669,3.191077,3.419108,3.648968,3.880858,4.114983,4.351546,4.590760,4.832838,5.077998,5.326461,5.578446,5.834167,6.093830,6.357622,6.625710,6.898226,7.175267,7.456884,7.743069,8.033759,8.328833,8.628105,8.931349,9.238320,9.548770,9.862535,
2218.0,0.366667
2218.000000,2218.366667,2218.733333,2219.100000,2219.466667,2219.833333,2220.200000,2220.566667,2220.933333,2221.300000,2221.666667,2222.033333,2222.400000,2222.766667,2223.133333,2223.500000,2223.866667,2224.233333,2224.600000,2224.966667,2225.333333,2225.700000,2226.066667,2226.433333,2226.800000,2227.166667,2227.533333,2227.900000,2228.266667,2228.633333,2229.000000,
35.122190,35.214826,35.307543,35.400384,35.493394,35.586621,35.680113,35.773919,35.868091,35.962680,36.057741,36.153329,36.249501,36.346316,36.443831,36.542109,36.641208,36.741189,36.842114,36.944039,37.047021,37.151115,37.256369,37.362828,37.470530,37.579508,37.689785,37.801379,37.914298,38.028546,38.144122,
3.000574,3.209136,3.418524,3.629002,3.840762,4.053943,4.268643,4.484928,4.702843,4.922411,5.143647,5.366550,5.591117,5.817335,6.045188,6.274653,6.505706,6.738316,6.972448,7.208062,7.445110,7.683541,7.923297,8.164310,8.406509,8.649819,8.894160,9.139455,9.385631,9.632628,9.880409,
2219.0,0.333333
2219.000000,2219.333333,2219.666667,2220.000000,2220.333333,2220.666667,2221.000000,2221.333333,2221.666667,2222.000000,2222.333333,2222.666667,2223.000000,2223.333333,2223.666667,2224.000000,2224.333333,2224.666667,2225.000000,2225.333333,2225.666667,2226.000000,2226.333333,2226.666667,2227.000000,2227.333333,2227.666667,2228.000000,2228.333333,2228.666667,2229.000000,
35.327933,35.413205,35.498597,35.584165,35.669966,35.756052,35.842479,35.929298,36.016561,36.104318,36.192619,36.281514,36.371048,36.461269,36.552219,36.643939,36.736469,36.829841,36.924087,37.019232,37.115297,37.212296,37.310236,37.409120,37.508941,37.609688,37.711344,37.813886,37.917294,38.021544,38.126623,
3.465032,3.658636,3.852875,4.047974,4.244112,4.441433,4.640056,4.840073,5.041564,5.244592,5.449210,5.655461,5.863381,6.073000,6.284339,6.497415,6.712237,6.928806,7.147115,7.367150,7.588887,7.812290,8.037314,8.263904,8.491993,8.721508,8.952368,9.184490,9.417796,9.652220,9.887720,
2220.0,0.300000
2220.000000,2220.300000,2220.600000,2220.900000,2221.200000,2221.500000,2221.800000,2222.100000,2222.400000,2222.700000,2223.000000,2223.300000,2223.600000,2223.900000,2224.200000,2224.500000,2224.800000,2225.100000,2225.400000,2225.700000,2226.000000,2226.300000,2226.600000,2226.900000,2227.200000,2227.500000,2227.800000,2228.100000,2228.400000,2228.700000,2229.000000,
35.531700,35.609566,35.687617,35.765931,35.844574,35.923608,36.003085,36.083056,36.163564,36.244650,36.326350,36.408695,36.491715,36.575434,36.659872,36.745045,36.830964,36.917634,37.005056,37.093224,37.182127,37.271748,37.362063,37.453041,37.544650,37.636849,37.729598,37.822854,37.916579,38.010741,38.105319,
3.928936,4.106964,4.285539,4.464871,4.645138,4.826492,5.009066,5.192974,5.378315,5.565176,5.753634,5.943756,6.135600,6.329216,6.524645,6.721919,6.921062,7.122088,7.325001,7.529793,7.736447,7.944932,8.155206,8.367216,8.580896,8.796174,9.012970,9.231203,9.450798,9.671689,9.893837,
2221.0,0.266667
2221.000000,2221.266667,2221.533333,2221.800000,2222.066667,2222.333333,2222.600000,2222.866667,2223.133333,2223.400000,2223.666667,2223.933333,2224.200000,2224.466667,2224.733333,2225.000000,2225.266667,2225.533333,2225.800000,2226.066667,2226.333333,2226.600000,2226.866667,2227.133333,2227.400000,2227.666667,2227.933333,2228.200000,2228.466667,2228.733333,2229.000000,
35.733718,35.804068,35.874679,35.945649,36.017058,36.088970,36.161439,36.234506,36.308204,36.382557,36.457582,36.533291,36.609688,36.686771,36.764534,36.842966,36.922047,37.001757,37.082067,37.162944,37.244350,37.326243,37.408576,37.491299,37.574360,37.657705,37.741281,37.825037,37.908930,37.992924,38.076999,
4.392104,4.553877,4.716211,4.879326,5.043412,5.208636,5.375140,5.543048,5.712471,5.883501,6.056221,6.230702,6.407003,6.585175,6.765255,6.947273,7.131249,7.317191,7.505097,7.694953,7.886735,8.080409,8.275928,8.473236,8.672269,8.872956,9.075221,9.278989,9.484192,9.690772,9.898695,
2222.0,0.233333
2222.000000,2222.233333,2222.466667,2222.700000,2222.933333,2223.166667,2223.400000,2223.633333,2223.866667,2224.100000,2224.333333,2224.566667,2224.800000,2225.033333,2225.266667,2225.500000,2225.733333,2225.966667,2226.200000,2226.433333,2226.666667,2226.900000,2227.133333,2227.366667,2227.600000,2227.833333,2228.066667,2228.300000,2228.533333,2228.766667,2229.000000,
36.133385,36.195734,36.258198,36.320824,36.383653,36.446719,36.510054,36.573684,36.637635,36.701927,36.766579,36.831607,36.897028,36.962854,37.029096,37.095766,37.162872,37.230422,37.298423,37.366880,37.435798,37.505180,37.575029,37.645345,37.716130,37.787383,37.859102,37.931287,38.003936,38.077046,38.150617,
5.315613,5.460274,5.605236,5.750606,5.896470,6.042896,6.189934,6.337623,6.485988,6.635045,6.784804,6.935264,7.086423,7.238270,7.390793,7.543974,7.697794,7.852230,8.007259,8.162856,8.318993,8.475645,8.632783,8.790380,8.948411,9.106849,9.265672,9.424858,9.584390,9.744256,9.904447,
2223.0,0.200000
2223.000000,2223.200000,2223.400000,2223.600000,2223.800000,2224.000000,2224.200000,2224.400000,2224.600000,2224.800000,2225.000000,2225.200000,2225.400000,2225.600000,2225.800000,2226.000000,2226.200000,2226.400000,2226.600000,2226.800000,2227.000000,2227.200000,2227.400000,2227.600000,2227.800000,2228.000000,2228.200000,2228.400000,2228.600000,2228.800000,2229.000000,
36.331468,36.385976,36.440642,36.495525,36.550673,36.606124,36.661909,36.718052,36.774568,36.831470,36.888765,36.946455,37.004540,37.063015,37.121874,37.181107,37.240703,37.300650,37.360933,37.421536,37.482442,37.543636,37.605098,37.666811,37.728758,37.790923,37.853289,37.915844,37.978575,38.041473,38.104535,
5.775698,5.902435,6.029513,6.157064,6.285194,6.413993,6.543533,6.673872,6.805052,6.937108,7.070064,7.203934,7.338726,7.474440,7.611073,7.748614,7.887050,8.026361,8.166527,8.307524,8.449324,8.591901,8.735224,8.879264,9.023989,9.169372,9.315383,9.461999,9.609197,9.756963,9.905286,
2230.0,0.633333
2230.000000,2230.633333,2231.266667,2231.900000,2232.533333,2233.166667,2233.800000,2234.433333,2235.066667,2235.700000,2236.333333,2236.966667,2237.600000,2238.233333,2238.866667,2239.500000,2240.133333,2240.766667,2241.400000,2242.033333,2242.666667,2243.300000,2243.933333,2244.566667,2245.200000,2245.833333,2246.466667,2247.100000,2247.733333,2248.366667,2249.000000,
38.493603,38.701053,38.910915,39.123687,39.339617,39.558798,39.781225,40.006839,40.235554,40.467277,40.701914,40.939393,41.179663,41.422706,41.668548,41.917263,42.168980,42.423898,42.682283,42.944466,43.210857,43.481921,43.758155,44.040076,44.328186,44.622923,44.924617,45.233482,45.549599,45.872865,46.203152,
10.748610,11.211131,11.676025,12.143783,12.614650,13.088717,13.565983,14.046393,14.529866,15.016308,15.505626,15.997734,16.492559,16.990042,17.490148,17.992865,18.498208,19.006231,19.517022,20.030707,20.547457,21.067470,21.590951,22.118096,22.649064,23.183944,23.722698,24.265190,24.811176,25.360287,25.912232,
2231.0,0.600000
2231.000000,2231.600000,2232.200000,2232.800000,2233.400000,2234.000000,2234.600000,2235.200000,2235.800000,2236.400000,2237.000000,2237.600000,2238.200000,2238.800000,2239.400000,2240.000000,2240.600000,2241.200000,2241.800000,2242.400000,2243.000000,2243.600000,2244.200000,2244.800000,2245.400000,2246.000000,2246.600000,2247.200000,2247.800000,2248.400000,2249.000000,
38.693061,38.894616,39.098267,39.304467,39.513448,39.725308,39.940058,40.157667,40.378085,40.601260,40.827153,41.055753,41.287081,41.521196,41.758209,41.998281,42.241621,42.488499,42.739232,42.994170,43.253703,43.518223,43.788097,44.063635,44.345059,44.632457,44.925717,45.224567,45.528590,45.837205,46.149967,
11.193475,11.639819,12.088189,12.539004,12.992462,13.448628,13.907482,14.368957,14.832970,15.299433,15.768270,16.239431,16.712900,17.188700,17.666911,18.147668,18.631169,19.117695,19.607592,20.101275,20.599235,21.102005,21.610124,22.124112,22.644419,23.171356,23.705013,24.245279,24.791836,25.344103,25.901602,
2232.0,0.566667
2232.000000,2232.566667,2233.133333,2233.700000,2234.266667,2234.833333,2235.400000,2235.966667,2236.533333,2237.100000,2237.666667,2238.233333,2238.800000,2239.366667,2239.933333,2240.500000,2241.066667,2241.633333,2242.200000,2242.766667,2243.333333,2243.900000,2244.466667,2245.033333,2245.600000,2246.166667,2246.733333,2247.300000,2247.866667,2248.433333,2249.000000,
39.095387,39.291874,39.490269,39.690984,39.894228,40.100076,40.308520,40.519501,40.732940,40.948747,41.166841,41.387160,41.609666,41.834356,42.061270,42.290497,42.522170,42.756489,42.993702,43.234106,43.478048,43.725905,43.978062,44.234898,44.496764,44.763953,45.036668,45.315027,45.599056,45.888671,46.183780,
12.080975,12.509714,12.940276,13.373054,13.808244,14.245913,14.686043,15.128565,15.573378,16.020369,16.469420,16.920416,17.373259,17.827864,18.284177,18.742173,19.201863,19.663303,20.126590,20.591858,21.059280,21.529047,22.001351,22.476367,22.954231,23.435021,23.918722,24.405239,24.894409,25.385992,25.879799,
2233.0,0.533333
2233.000000,2233.533333,2234.066667,2234.600000,2235.133333,2235.666667,2236.200000,2236.733333,2237.266667,2237.800000,2238.333333,2238.866667,2239.400000,2239.933333,2240.466667,2241.000000,2241.533333,2242.066667,2242.600000,2243.133333,2243.666667,2244.200000,2244.733333,2245.266667,2245.800000,2246.333333,2246.866667,2247.400000,2247.933333,2248.466667,2249.000000,
39.502960,39.693754,39.886217,40.080703,40.277378,40.476284,40.677384,40.880591,41.085792,41.292869,41.501707,41.712212,41.924315,42.137982,42.353227,42.570113,42.788753,43.009327,43.232068,43.457266,43.685266,43.916459,44.151263,44.390123,44.633483,44.881773,45.135387,45.394662,45.659870,45.931179,46.208671,
12.966542,13.376734,13.788584,14.202438,14.618452,15.036652,15.456977,15.879309,16.303494,16.729356,17.156709,17.585366,18.015148,18.445887,18.877438,19.309679,19.742512,20.175874,20.609727,21.044058,21.478877,21.914211,22.350092,22.786553,23.223620,23.661308,24.099610,24.538505,24.977955,25.417914,25.858345,
2234.0,0.500000
2234.000000,2234.500000,2235.000000,2235.500000,2236.000000,2236.500000,2237.000000,2237.500000,2238.000000,2238.500000,2239.000000,2239.500000,2240.000000,2240.500000,2241.000000,2241.500000,2242.000000,2242.500000,2243.000000,2243.500000,2244.000000,2244.500000,2245.000000,2245.500000,2246.000000,2246.500000,2247.000000,2247.500000,2248.000000,2248.500000,2249.000000,
39.708941,39.892116,40.076582,40.262650,40.450493,40.640196,40.831785,41.025251,41.220571,41.417718,41.616672,41.817434,42.020025,42.224495,42.430931,42.639451,42.850207,43.063388,43.279210,43.497906,43.719724,43.944912,44.173701,44.406291,44.642839,44.883444,45.128126,45.376836,45.629471,45.885870,46.145906,
13.409021,13.800077,14.192352,14.586114,14.981489,15.378515,15.777165,16.177376,16.579067,16.982150,17.386544,17.792182,18.199024,18.607054,19.016300,19.426826,19.838733,20.252170,20.667320,21.084390,21.503614,21.925229,22.349459,22.776502,23.206508,23.639567,24.075675,24.514755,24.956664,25.401189,25.848165,
2235.0,0.466667
2235.000000,2235.466667,2235.933333,2236.400000,2236.866667,2237.333333,2237.800000,2238.266667,2238.733333,2239.200000,2239.666667,2240.133333,2240.600000,2241.066667,2241.533333,2242.000000,2242.466667,2242.933333,2243.400000,2243.866667,2244.333333,2244.800000,2245.266667,2245.733333,2246.200000,2246.666667,2247.133333,2247.600000,2248.066667,2248.533333,2249.000000,
40.125665,40.301722,40.478765,40.657035,40.836668,41.017730,41.200240,41.384190,41.569560,41.756330,41.944486,42.134032,42.324993,42.517419,42.711390,42.907017,43.104438,43.303824,43.505370,43.709290,43.915814,44.125181,44.337626,44.553372,44.772625,44.995559,45.222305,45.452957,45.687564,45.926130,46.168641,
14.294256,14.664849,15.036416,15.409164,15.783184,16.158486,16.535024,16.912719,17.291475,17.671188,18.051754,18.433084,18.815104,19.197760,19.581022,19.964885,20.349366,20.734508,21.120372,21.507030,21.894567,22.283070,22.672619,23.063280,23.455101,23.848107,24.242286,24.637602,25.033997,25.431396,25.829740,
2236.0,0.433333
2236.000000,2236.433333,2236.866667,2237.300000,2237.733333,2238.166667,2238.600000,2239.033333,2239.466667,2239.900000,2240.333333,2240.766667,2241.200000,2241.633333,2242.066667,2242.500000,2242.933333,2243.366667,2243.800000,2244.233333,2244.666667,2245.100000,2245.533333,2245.966667,2246.400000,2246.833333,2247.266667,2247.700000,2248.133333,2248.566667,2249.000000,
40.549135,40.717076,40.885439,41.054344,41.223878,41.394103,41.565069,41.736820,41.909404,42.082875,42.257298,42.432755,42.609343,42.787177,42.966393,43.147146,43.329606,43.513962,43.700413,43.889168,44.080440,44.274440,44.471372,44.671426,44.874773,45.081559,45.291896,45.505868,45.723525,45.944882,46.169937,
15.181045,15.529902,15.878936,16.228179,16.577640,16.927317,17.277199,17.627278,17.977548,18.328011,18.678679,19.029574,19.380733,19.732202,20.084039,20.436313,20.789099,21.142477,21.496532,21.851343,22.206984,22.563520,22.921003,23.279465,23.638921,23.999364,24.360767,24.723085,25.086263,25.450241,25.814976,
2237.0,0.400000
2237.000000,2237.400000,2237.800000,2238.200000,2238.600000,2239.000000,2239.400000,2239.800000,2240.200000,2240.600000,2241.000000,2241.400000,2241.800000,2242.200000,2242.600000,2243.000000,2243.400000,2243.800000,2244.200000,2244.600000,2245.000000,2245.400000,2245.800000,2246.200000,2246.600000,2247.000000,2247.400000,2247.800000,2248.200000,2248.600000,2249.000000,
40.979703,41.138796,41.297970,41.457273,41.616763,41.776499,41.936548,42.096985,42.257890,42.419352,42.581470,42.744352,42.908115,43.072890,43.238817,43.406049,43.574748,43.745086,43.917246,44.091416,44.267789,44.446561,44.627928,44.812080,44.999199,45.189453,45.382993,45.579946,45.780415,45.984467,46.192137,
16.070736,16.397204,16.723502,17.049588,17.375441,17.701053,18.026430,18.351581,18.676524,19.001279,19.325869,19.650316,19.974644,20.298875,20.623028,20.947122,21.271172,21.595189,21.919181,22.243154,22.567110,22.891047,23.214963,23.538855,23.862717,24.186544,24.510333,24.834080,25.157785,25.481449,25.805072,
2238.0,0.366667
2238.000000,2238.366667,2238.733333,2239.100000,2239.466667,2239.833333,2240.200000,2240.566667,2240.933333,2241.300000,2241.666667,2242.033333,2242.400000,2242.766667,2243.133333,2243.500000,2243.866667,2244.233333,2244.600000,2244.966667,2245.333333,2245.700000,2246.066667,2246.433333,2246.800000,2247.166667,2247.533333,2247.900000,2248.266667,2248.633333,2249.000000,
41.417595,41.567134,41.716670,41.866221,42.015813,42.165483,42.315276,42.465243,42.615446,42.765953,42.916844,43.068206,43.220138,43.372751,43.526167,43.680520,43.835958,43.992640,44.150741,44.310443,44.471943,44.635445,44.801159,44.969301,45.140085,45.313720,45.490403,45.670315,45.853609,46.040399,46.230753,
16.964506,17.267963,17.571392,17.874757,18.178008,18.481086,18.783926,19.086458,19.388606,19.690292,19.991434,20.291951,20.591758,20.890772,21.188911,21.486097,21.782254,22.077313,22.371210,22.663891,22.955316,23.245452,23.534284,23.821813,24.108053,24.393038,24.676814,24.959442,25.240983,25.521502,25.801040,
2239.0,0.333333
2239.000000,2239.333333,2239.666667,2240.000000,2240.333333,2240.666667,2241.000000,2241.333333,2241.666667,2242.000000,2242.333333,2242.666667,2243.000000,2243.333333,2243.666667,2244.000000,2244.333333,2244.666667,2245.000000,2245.333333,2245.666667,2246.000000,2246.333333,2246.666667,2247.000000,2247.333333,2247.666667,2248.000000,2248.333333,2248.666667,2249.000000,
41.639327,41.777954,41.916650,42.055468,42.194471,42.333728,42.473317,42.613320,42.753822,42.894914,43.036688,43.179241,43.322671,43.467076,43.612556,43.759212,43.907143,44.056446,44.207216,44.359544,44.513513,44.669202,44.826681,44.986010,45.147239,45.310407,45.475540,45.642653,45.811753,45.982838,46.155902,
17.413210,17.692812,17.972256,18.251503,18.530536,18.809354,19.087964,19.366389,19.644654,19.922794,20.200845,20.478849,20.756849,21.034888,21.313012,21.591265,21.869690,22.148331,22.427225,22.706409,22.985914,23.265766,23.545988,23.826594,24.107590,24.388980,24.670755,24.952907,25.235420,25.518277,25.801469,
2240.0,0.300000
2240.000000,2240.300000,2240.600000,2240.900000,2241.200000,2241.500000,2241.800000,2242.100000,2242.400000,2242.700000,2243.000000,2243.300000,2243.600000,2243.900000,2244.200000,2244.500000,2244.800000,2245.100000,2245.400000,2245.700000,2246.000000,2246.300000,2246.600000,2246.900000,2247.200000,2247.500000,2247.800000,2248.100000,2248.400000,2248.700000,2249.000000,
42.088385,42.215920,42.343494,42.471142,42.598909,42.726845,42.855008,42.983460,43.112266,43.241498,43.371228,43.501531,43.632486,43.764173,43.896674,44.030072,44.164452,44.299897,44.436492,44.574320,44.713465,44.854005,44.996018,45.139575,45.284745,45.431589,45.580159,45.730502,45.882653,46.036636,46.192463,
18.314616,18.569195,18.823659,19.077961,19.332061,19.585923,19.839515,20.092808,20.345776,20.598396,20.850647,21.102511,21.353970,21.605011,21.855622,22.105793,22.355516,22.604788,22.853607,23.101975,23.349897,23.597380,23.844435,24.091076,24.337321,24.583187,24.828695,25.073865,25.318715,25.563262,25.807514,
2241.0,0.266667
2241.000000,2241.266667,2241.533333,2241.800000,2242.066667,2242.333333,2242.600000,2242.866667,2243.133333,2243.400000,2243.666667,2243.933333,2244.200000,2244.466667,2244.733333,2245.000000,2245.266667,2245.533333,2245.800000,2246.066667,2246.333333,2246.600000,2246.866667,2247.133333,2247.400000,2247.666667,2247.933333,2248.200000,2248.466667,2248.733333,2249.000000,
42.544875,42.660570,42.776272,42.892001,43.007786,43.123664,43.239678,43.355876,43.472311,43.589040,43.706124,43.823627,43.941613,44.060153,44.179315,44.299173,44.419799,44.541269,44.663658,44.787040,44.911492,45.037088,45.163899,45.291997,45.421449,45.552316,45.684656,45.818518,45.953943,46.090959,46.229583,
19.221448,19.450009,19.678388,19.906507,20.134297,20.361693,20.588634,20.815067,21.040940,21.266207,21.490827,21.714759,21.937970,22.160428,22.382107,22.602986,22.823046,23.042276,23.260668,23.478221,23.694938,23.910831,24.125914,24.340207,24.553736,24.766531,24.978622,25.190042,25.400821,25.610983,25.820546,
2242.0,0.233333
2242.000000,2242.233333,2242.466667,2242.700000,2242.933333,2243.166667,2243.400000,2243.633333,2243.866667,2244.100000,2244.333333,2244.566667,2244.800000,2245.033333,2245.266667,2245.500000,2245.733333,2245.966667,2246.200000,2246.433333,2246.666667,2246.900000,2247.133333,2247.366667,2247.600000,2247.833333,2248.066667,2248.300000,2248.533333,2248.766667,2249.000000,
43.008714,43.111915,43.215105,43.318295,43.421505,43.524760,43.628095,43.731547,43.835159,43.938978,44.043055,44.147443,44.252197,44.357376,44.463039,44.569248,44.676065,44.783553,44.891777,45.000799,45.110684,45.221494,45.333290,45.446132,45.560075,45.675171,45.791470,45.909011,46.027828,46.147948,46.269382,
20.133225,20.334849,20.536182,20.737105,20.937517,21.137329,21.336464,21.534855,21.732445,21.929184,22.125030,22.319946,22.513903,22.706879,22.898855,23.089820,23.279767,23.468695,23.656609,23.843519,24.029440,24.214391,24.398397,24.581487,24.763691,24.945045,25.125582,25.305336,25.484339,25.662614,25.840175,
2243.0,0.200000
2243.000000,2243.200000,2243.400000,2243.600000,2243.800000,2244.000000,2244.200000,2244.400000,2244.600000,2244.800000,2245.000000,2245.200000,2245.400000,2245.600000,2245.800000,2246.000000,2246.200000,2246.400000,2246.600000,2246.800000,2247.000000,2247.200000,2247.400000,2247.600000,2247.800000,2248.000000,2248.200000,2248.400000,2248.600000,2248.800000,2249.000000,
43.479788,43.569919,43.660040,43.750159,43.840291,43.930456,44.020679,44.110991,44.201424,44.292017,44.382809,44.473841,44.565160,44.656810,44.748839,44.841295,44.934226,45.027684,45.121717,45.216373,45.311703,45.407753,45.504570,45.602198,45.700679,45.800050,45.900347,46.001599,46.103831,46.207060,46.311296,
21.048634,21.222493,21.395969,21.568911,21.741193,21.912707,22.083365,22.253092,22.421829,22.589528,22.756151,22.921671,23.086069,23.249333,23.411459,23.572448,23.732309,23.891055,24.048703,24.205276,24.360800,24.515303,24.668819,24.821380,24.973022,25.123780,25.273688,25.422777,25.571075,25.718602,25.865371,
