87.0,0.500000
87.000000,87.500000,88.000000,88.500000,89.000000,89.500000,90.000000,90.500000,91.000000,91.500000,92.000000,92.500000,93.000000,93.500000,94.000000,94.500000,95.000000,95.500000,96.000000,96.500000,97.000000,97.500000,98.000000,98.500000,99.000000,99.500000,100.000000,100.500000,101.000000,101.500000,102.000000,
6.838167,7.262360,7.684618,8.104472,8.521655,8.936045,9.347618,9.756420,10.162549,10.566135,10.967335,11.366321,11.763280,12.158406,12.551898,12.943951,13.334758,13.724493,14.113312,14.501336,14.888642,15.275251,15.661119,16.046112,16.430013,16.812520,17.193230,17.571686,17.947411,18.319947,18.688990,
-14.490296,-14.511650,-14.531942,-14.550812,-14.567973,-14.583181,-14.596230,-14.606931,-14.615113,-14.620610,-14.623265,-14.622924,-14.619436,-14.612656,-14.602443,-14.588668,-14.571213,-14.549977,-14.524879,-14.495867,-14.462923,-14.426064,-14.385350,-14.340894,-14.292853,-14.241432,-14.186882,-14.129480,-14.069503,-14.007210,-13.942767,
88.0,0.466667
88.000000,88.466667,88.933333,89.400000,89.866667,90.333333,90.800000,91.266667,91.733333,92.200000,92.666667,93.133333,93.600000,94.066667,94.533333,95.000000,95.466667,95.933333,96.400000,96.866667,97.333333,97.800000,98.266667,98.733333,99.200000,99.666667,100.133333,100.600000,101.066667,101.533333,102.000000,
7.842417,8.235271,8.626569,9.015893,9.402981,9.787676,10.169901,10.549633,10.926888,11.301711,11.674165,12.044328,12.412288,12.778142,13.141993,13.503951,13.864128,14.222641,14.579607,14.935143,15.289363,15.642373,15.994270,16.345136,16.695037,17.044018,17.392102,17.739292,18.085575,18.430925,18.775319,
-14.538415,-14.555127,-14.570666,-14.584655,-14.596798,-14.606864,-14.614667,-14.620048,-14.622874,-14.623026,-14.620397,-14.614892,-14.606423,-14.594911,-14.580289,-14.562500,-14.541503,-14.517273,-14.489807,-14.459121,-14.425263,-14.388306,-14.348353,-14.305540,-14.260032,-14.212019,-14.161713,-14.109332,-14.055086,-13.999154,-13.941650,
89.0,0.433333
89.000000,89.433333,89.866667,90.300000,90.733333,91.166667,91.600000,92.033333,92.466667,92.900000,93.333333,93.766667,94.200000,94.633333,95.066667,95.500000,95.933333,96.366667,96.800000,97.233333,97.666667,98.100000,98.533333,98.966667,99.400000,99.833333,100.266667,100.700000,101.133333,101.566667,102.000000,
8.847527,9.209206,9.569622,9.928396,10.285261,10.640030,10.992578,11.342821,11.690709,12.036214,12.379328,12.720058,13.058424,13.394459,13.728210,14.059736,14.389116,14.716445,15.041838,15.365435,15.687400,16.007925,16.327230,16.645564,16.963204,17.280450,17.597619,17.915033,18.232989,18.551746,18.871463,
-14.577832,-14.589505,-14.599949,-14.608774,-14.615691,-14.620481,-14.622981,-14.623066,-14.620642,-14.615635,-14.607991,-14.597670,-14.584642,-14.568894,-14.550421,-14.529234,-14.505357,-14.478829,-14.449707,-14.418064,-14.383992,-14.347603,-14.309026,-14.268406,-14.225904,-14.181688,-14.135928,-14.088792,-14.040426,-13.990949,-13.940431,
90.0,0.400000
90.000000,90.400000,90.800000,91.200000,91.600000,92.000000,92.400000,92.800000,93.200000,93.600000,94.000000,94.400000,94.800000,95.200000,95.600000,96.000000,96.400000,96.800000,97.200000,97.600000,98.000000,98.400000,98.800000,99.200000,99.600000,100.000000,100.400000,100.800000,101.200000,101.600000,102.000000,
9.350290,9.680974,10.010608,10.338915,10.665729,10.990967,11.314606,11.636670,11.957210,12.276303,12.594036,12.910505,13.225804,13.540029,13.853265,14.165587,14.477058,14.787721,15.097600,15.406701,15.715002,16.022460,16.329007,16.634553,16.938987,17.242183,17.544003,17.844307,18.142963,18.439862,18.734936,
-14.593474,-14.602222,-14.609917,-14.616209,-14.620831,-14.623577,-14.624285,-14.622830,-14.619112,-14.613049,-14.604579,-14.593649,-14.580221,-14.564265,-14.545763,-14.524706,-14.501100,-14.474961,-14.446321,-14.415226,-14.381740,-14.345945,-14.307936,-14.267829,-14.225754,-14.181851,-14.136267,-14.089150,-14.040633,-13.990830,-13.939807,
91.0,0.366667
91.000000,91.366667,91.733333,92.100000,92.466667,92.833333,93.200000,93.566667,93.933333,94.300000,94.666667,95.033333,95.400000,95.766667,96.133333,96.500000,96.866667,97.233333,97.600000,97.966667,98.333333,98.700000,99.066667,99.433333,99.800000,100.166667,100.533333,100.900000,101.266667,101.633333,102.000000,
10.355949,10.656122,10.955381,11.253452,11.550145,11.845336,12.138951,12.430954,12.721339,13.010122,13.297336,13.583028,13.867253,14.150075,14.431564,14.711792,14.990838,15.268779,15.545697,15.821672,16.096785,16.371118,16.644749,16.917756,17.190211,17.462186,17.733745,18.004947,18.275841,18.546465,18.816839,
-14.614999,-14.618743,-14.621469,-14.622844,-14.622620,-14.620612,-14.616685,-14.610743,-14.602718,-14.592567,-14.580265,-14.565801,-14.549177,-14.530408,-14.509515,-14.486531,-14.461497,-14.434464,-14.405491,-14.374647,-14.342010,-14.307667,-14.271711,-14.234247,-14.195382,-14.155225,-14.113888,-14.071473,-14.028074,-13.983762,-13.938582,
92.0,0.333333
92.000000,92.333333,92.666667,93.000000,93.333333,93.666667,94.000000,94.333333,94.666667,95.000000,95.333333,95.666667,96.000000,96.333333,96.666667,97.000000,97.333333,97.666667,98.000000,98.333333,98.666667,99.000000,99.333333,99.666667,100.000000,100.333333,100.666667,101.000000,101.333333,101.666667,102.000000,
11.361334,11.631272,11.900094,12.167463,12.433147,12.696998,12.958934,13.218925,13.476979,13.733137,13.987464,14.240046,14.490981,14.740383,14.988376,15.235090,15.480665,15.725247,15.968988,16.212045,16.454578,16.696753,16.938733,17.180686,17.422774,17.665155,17.907977,18.151373,18.395458,18.640318,18.886002,
-14.621327,-14.620263,-14.618301,-14.615149,-14.610588,-14.604460,-14.596653,-14.587092,-14.575733,-14.562552,-14.547547,-14.530729,-14.512120,-14.491755,-14.469676,-14.445932,-14.420578,-14.393676,-14.365294,-14.335503,-14.304378,-14.272000,-14.238450,-14.203812,-14.168172,-14.131611,-14.094209,-14.056038,-14.017161,-13.977624,-13.937455,
93.0,0.300000
93.000000,93.300000,93.600000,93.900000,94.200000,94.500000,94.800000,95.100000,95.400000,95.700000,96.000000,96.300000,96.600000,96.900000,97.200000,97.500000,97.800000,98.100000,98.400000,98.700000,99.000000,99.300000,99.600000,99.900000,100.200000,100.500000,100.800000,101.100000,101.400000,101.700000,102.000000,
11.863730,12.104503,12.344842,12.584607,12.823701,13.062055,13.299626,13.536390,13.772338,14.007474,14.241807,14.475356,14.708140,14.940182,15.171505,15.402131,15.632082,15.861376,16.090027,16.318049,16.545450,16.772234,16.998404,17.223959,17.448893,17.673202,17.896877,18.119910,18.342293,18.564020,18.785086,
-14.617979,-14.614843,-14.610948,-14.606034,-14.599904,-14.592410,-14.583441,-14.572922,-14.560802,-14.547050,-14.531656,-14.514621,-14.495959,-14.475695,-14.453861,-14.430497,-14.405650,-14.379372,-14.351719,-14.322754,-14.292542,-14.261151,-14.228652,-14.195117,-14.160618,-14.125226,-14.089009,-14.052027,-14.014334,-13.975968,-13.936953,
94.0,0.266667
94.000000,94.266667,94.533333,94.800000,95.066667,95.333333,95.600000,95.866667,96.133333,96.400000,96.666667,96.933333,97.200000,97.466667,97.733333,98.000000,98.266667,98.533333,98.800000,99.066667,99.333333,99.600000,99.866667,100.133333,100.400000,100.666667,100.933333,101.200000,101.466667,101.733333,102.000000,
12.867495,13.079179,13.290303,13.500682,13.710178,13.918695,14.126168,14.332561,14.537863,14.742079,14.945231,15.147356,15.348499,15.548718,15.748075,15.946641,16.144493,16.341710,16.538377,16.734579,16.930406,17.125946,17.321289,17.516520,17.711726,17.906986,18.102374,18.297956,18.493785,18.689903,18.886331,
-14.596657,-14.589630,-14.582002,-14.573566,-14.564165,-14.553679,-14.542023,-14.529138,-14.514989,-14.499558,-14.482844,-14.464856,-14.445616,-14.425152,-14.403501,-14.380704,-14.356808,-14.331861,-14.305917,-14.279030,-14.251255,-14.222648,-14.193264,-14.163160,-14.132386,-14.100994,-14.069027,-14.036528,-14.003529,-13.970054,-13.936116,
95.0,0.233333
95.000000,95.233333,95.466667,95.700000,95.933333,96.166667,96.400000,96.633333,96.866667,97.100000,97.333333,97.566667,97.800000,98.033333,98.266667,98.500000,98.733333,98.966667,99.200000,99.433333,99.666667,99.900000,100.133333,100.366667,100.600000,100.833333,101.066667,101.300000,101.533333,101.766667,102.000000,
13.368671,13.552243,13.735700,13.918999,14.102106,14.284992,14.467632,14.650008,14.832102,15.013900,15.195391,15.376561,15.557400,15.737897,15.918040,16.097816,16.277210,16.456208,16.634792,16.812942,16.990639,17.167859,17.344579,17.520773,17.696415,17.871479,18.045939,18.219773,18.392959,18.565482,18.737332,
-14.578056,-14.569953,-14.561371,-14.552136,-14.542111,-14.531188,-14.519285,-14.506340,-14.492312,-14.477174,-14.460912,-14.443522,-14.425012,-14.405396,-14.384695,-14.362935,-14.340150,-14.316373,-14.291643,-14.266002,-14.239491,-14.212155,-14.184039,-14.155186,-14.125639,-14.095439,-14.064624,-14.033229,-14.001280,-13.968799,-13.935798,
96.0,0.200000
96.000000,96.200000,96.400000,96.600000,96.800000,97.000000,97.200000,97.400000,97.600000,97.800000,98.000000,98.200000,98.400000,98.600000,98.800000,99.000000,99.200000,99.400000,99.600000,99.800000,100.000000,100.200000,100.400000,100.600000,100.800000,101.000000,101.200000,101.400000,101.600000,101.800000,102.000000,
14.369090,14.524718,14.680104,14.835162,14.989826,15.144047,15.297790,15.451032,15.603761,15.755975,15.907679,16.058886,16.209612,16.359881,16.509718,16.659153,16.808218,16.956947,17.105374,17.253537,17.401470,17.549209,17.696789,17.844244,17.991606,18.138903,18.286161,18.433404,18.580648,18.727908,18.875189,
-14.523462,-14.512881,-14.501983,-14.490653,-14.478794,-14.466333,-14.453212,-14.439387,-14.424827,-14.409512,-14.393432,-14.376585,-14.358973,-14.340607,-14.321501,-14.301675,-14.281150,-14.259950,-14.238103,-14.215635,-14.192577,-14.168956,-14.144803,-14.120145,-14.095010,-14.069423,-14.043408,-14.016983,-13.990165,-13.962967,-13.935394,
103.0,1.600000
103.000000,104.600000,106.200000,107.800000,109.400000,111.000000,112.600000,114.200000,115.800000,117.400000,119.000000,120.600000,122.200000,123.800000,125.400000,127.000000,128.600000,130.200000,131.800000,133.400000,135.000000,136.600000,138.200000,139.800000,141.400000,143.000000,144.600000,146.200000,147.800000,149.400000,151.000000,
19.870218,21.024113,22.172564,23.307637,24.421024,25.505252,26.553548,27.560619,28.525320,29.448101,30.330502,31.176035,31.988891,32.773500,33.534415,34.276398,35.004783,35.726561,36.449084,37.179217,37.921877,38.680935,39.458791,40.254060,41.064707,41.890366,42.736787,43.612520,44.529187,45.505685,46.558194,
-13.687949,-13.292667,-12.822161,-12.265740,-11.617688,-10.877477,-10.046347,-9.126159,-8.119048,-7.027210,-5.852801,-4.597750,-3.264287,-1.855848,-0.379518,1.156372,2.743062,4.371620,6.033151,7.719051,9.421631,11.133709,12.848849,14.562556,16.271372,17.973307,19.670152,21.364753,23.059658,24.755367,26.451785,
104.0,1.566667
104.000000,105.566667,107.133333,108.700000,110.266667,111.833333,113.400000,114.966667,116.533333,118.100000,119.666667,121.233333,122.800000,124.366667,125.933333,127.500000,129.066667,130.633333,132.200000,133.766667,135.333333,136.900000,138.466667,140.033333,141.600000,143.166667,144.733333,146.300000,147.866667,149.433333,151.000000,
20.336210,21.455627,22.567671,23.664777,24.739240,25.784408,26.794393,27.764713,28.694675,29.585058,30.437619,31.255792,32.043582,32.805151,33.544607,34.266199,34.974687,35.676340,36.377877,37.085969,37.806669,38.545513,39.306989,40.092710,40.903712,41.742049,42.613623,43.524823,44.479759,45.474697,46.504929,
-13.542260,-13.127318,-12.639632,-12.069536,-11.412282,-10.667827,-9.837734,-8.924059,-7.928817,-6.853989,-5.701481,-4.472984,-3.170490,-1.797165,-0.359680,1.134095,2.675912,4.257505,5.870861,7.508799,9.166579,10.840360,12.526784,14.223133,15.927422,17.639388,19.363583,21.105445,22.868439,24.648788,26.441895,
105.0,1.533333
105.000000,106.533333,108.066667,109.600000,111.133333,112.666667,114.200000,115.733333,117.266667,118.800000,120.333333,121.866667,123.400000,124.933333,126.466667,128.000000,129.533333,131.066667,132.600000,134.133333,135.666667,137.200000,138.733333,140.266667,141.800000,143.333333,144.866667,146.400000,147.933333,149.466667,151.000000,
21.252450,22.326048,23.387931,24.431639,25.451328,26.443227,27.404381,28.332339,29.225448,30.082578,30.903460,31.690034,32.445203,33.172721,33.878077,34.567375,35.246949,35.923234,36.602591,37.291040,37.993591,38.714666,39.457824,40.224478,41.015714,41.833738,42.684638,43.574951,44.508764,45.481935,46.489342,
-13.217500,-12.755459,-12.223771,-11.613272,-10.919197,-10.139983,-9.275456,-8.326650,-7.297050,-6.191022,-5.013287,-3.768798,-2.462568,-1.099554,0.315518,1.777869,3.282315,4.822444,6.391613,7.983670,9.594255,11.219734,12.856995,14.503859,16.158997,17.822871,19.500762,21.198754,22.920657,24.662271,26.418479,
106.0,1.500000
106.000000,107.500000,109.000000,110.500000,112.000000,113.500000,115.000000,116.500000,118.000000,119.500000,121.000000,122.500000,124.000000,125.500000,127.000000,128.500000,130.000000,131.500000,133.000000,134.500000,136.000000,137.500000,139.000000,140.500000,142.000000,143.500000,145.000000,146.500000,148.000000,149.500000,151.000000,
21.702284,22.743641,23.771574,24.779943,25.763452,26.719057,27.644680,28.539016,29.402201,30.234970,31.038476,31.814596,32.565605,33.294318,34.004832,34.701801,35.390354,36.076533,36.766483,37.465761,38.177969,38.905815,39.651155,40.414079,41.194589,41.994179,42.819087,43.676841,44.574258,45.514631,46.499605,
-13.038221,-12.557552,-12.010226,-11.388101,-10.687268,-9.906384,-9.045083,-8.103494,-7.082315,-5.982638,-4.806219,-3.556494,-2.237695,-0.854875,0.585169,2.075010,3.607010,5.173496,6.766860,8.379742,10.005475,11.637907,13.271794,14.904216,16.533607,18.160305,19.789256,21.426367,23.075964,24.736459,26.405214,
107.0,1.466667
107.000000,108.466667,109.933333,111.400000,112.866667,114.333333,115.800000,117.266667,118.733333,120.200000,121.666667,123.133333,124.600000,126.066667,127.533333,129.000000,130.466667,131.933333,133.400000,134.866667,136.333333,137.800000,139.266667,140.733333,142.200000,143.666667,145.133333,146.600000,148.066667,149.533333,151.000000,
22.584439,23.581090,24.561192,25.519126,26.450442,27.353020,28.225735,29.068205,29.881322,30.666504,31.425507,32.160594,32.874330,33.569700,34.250671,34.921637,35.587320,36.253034,36.924092,37.605230,38.299405,39.008824,39.735175,40.479292,41.242217,42.026475,42.838957,43.687208,44.576431,45.503967,46.465877,
-12.645551,-12.119146,-11.529395,-10.869262,-10.135855,-9.328512,-8.447402,-7.493039,-6.466154,-5.367729,-4.199295,-2.963830,-1.665036,-0.307387,1.102981,2.559306,4.054573,5.581602,7.133226,8.702483,10.283024,11.869059,13.455899,15.041677,16.626212,18.211678,19.805808,21.417260,23.051970,24.706589,26.376309,
108.0,1.433333
108.000000,109.433333,110.866667,112.300000,113.733333,115.166667,116.600000,118.033333,119.466667,120.900000,122.333333,123.766667,125.200000,126.633333,128.066667,129.500000,130.933333,132.366667,133.800000,135.233333,136.666667,138.100000,139.533333,140.966667,142.400000,143.833333,145.266667,146.700000,148.133333,149.566667,151.000000,
23.442137,24.393931,25.326653,26.235266,27.116184,27.968131,28.790824,29.584667,30.351162,31.092256,31.810162,32.507445,33.186887,33.851587,34.505383,35.152421,35.797057,36.443954,37.097695,37.762298,38.440160,39.133043,39.842409,40.569453,41.315745,42.084265,42.881879,43.715756,44.590083,45.499729,46.438521,
-12.207298,-11.637219,-11.007610,-10.312374,-9.549411,-8.718520,-7.820199,-6.855165,-5.824104,-4.727845,-3.567687,-2.346202,-1.066632,0.267040,1.649248,3.073809,4.534255,6.023878,7.535952,9.063948,10.601942,12.144607,13.687813,15.230459,16.773250,18.319331,19.877425,21.457053,23.064556,24.695865,26.345338,
109.0,1.400000
109.000000,110.400000,111.800000,113.200000,114.600000,116.000000,117.400000,118.800000,120.200000,121.600000,123.000000,124.400000,125.800000,127.200000,128.600000,130.000000,131.400000,132.800000,134.200000,135.600000,137.000000,138.400000,139.800000,141.200000,142.600000,144.000000,145.400000,146.800000,148.200000,149.600000,151.000000,
23.861451,24.785014,25.690702,26.575776,27.438618,28.278220,29.093849,29.884971,30.651372,31.393090,32.110588,32.805346,33.479415,34.135527,34.777867,35.411214,36.040652,36.671589,37.309284,37.958224,38.620757,39.298394,39.992312,40.703520,41.433415,42.184732,42.963787,43.777242,44.629198,45.515790,46.432121,
-11.971140,-11.384787,-10.739890,-10.027868,-9.244222,-8.387482,-7.457554,-6.455409,-5.383812,-4.246395,-3.047571,-1.793216,-0.489728,0.856398,2.238908,3.651794,5.089537,6.547842,8.022822,9.510596,11.006875,12.507531,14.009311,15.511405,17.014541,18.521566,20.040122,21.578509,23.142192,24.727531,26.329514,
110.0,1.366667
110.000000,111.366667,112.733333,114.100000,115.466667,116.833333,118.200000,119.566667,120.933333,122.300000,123.666667,125.033333,126.400000,127.766667,129.133333,130.500000,131.866667,133.233333,134.600000,135.966667,137.333333,138.700000,140.066667,141.433333,142.800000,144.166667,145.533333,146.900000,148.266667,149.633333,151.000000,
24.680405,25.560228,26.420464,27.258712,28.073944,28.865880,29.634560,30.380206,31.103264,31.804363,32.484472,33.145343,33.789190,34.418783,35.038065,35.651451,36.263560,36.879145,37.502756,38.138209,38.787376,39.451377,40.131081,40.827367,41.541540,42.276149,43.036969,43.830146,44.659684,45.522936,46.416239,
-11.465121,-10.838695,-10.157818,-9.414769,-8.605720,-7.729562,-6.786436,-5.777422,-4.705115,-3.572862,-2.384706,-1.145975,0.137531,1.459915,2.815469,4.198700,5.604552,7.029049,8.468594,9.919629,11.378339,12.841091,14.305070,15.769662,17.235625,18.705544,20.185996,21.684072,23.204397,24.743837,26.298079,
111.0,1.333333
111.000000,112.333333,113.666667,115.000000,116.333333,117.666667,119.000000,120.333333,121.666667,123.000000,124.333333,125.666667,127.000000,128.333333,129.666667,131.000000,132.333333,133.666667,135.000000,136.333333,137.666667,139.000000,140.333333,141.666667,143.000000,144.333333,145.666667,147.000000,148.333333,149.666667,151.000000,
25.472490,26.308966,27.124773,27.917856,28.687726,29.434721,30.159522,30.862971,31.546044,32.209847,32.855745,33.485704,34.102059,34.707589,35.306005,35.901380,36.497901,37.099728,37.710761,38.334190,38.971408,39.623101,40.289723,40.971760,41.670122,42.386922,43.127317,43.897069,44.700642,45.538152,46.408565,
-10.914938,-10.251462,-9.537773,-8.766883,-7.935475,-7.042665,-6.088703,-5.074683,-4.003003,-2.876727,-1.699548,-0.476309,0.787718,2.087163,3.416808,4.771630,6.147011,7.539319,8.945285,10.361715,11.785257,13.212737,14.641630,16.071129,17.501503,18.934424,20.374523,21.826861,23.294771,24.776163,26.268091,
112.0,1.300000
112.000000,113.300000,114.600000,115.900000,117.200000,118.500000,119.800000,121.100000,122.400000,123.700000,125.000000,126.300000,127.600000,128.900000,130.200000,131.500000,132.800000,134.100000,135.400000,136.700000,138.000000,139.300000,140.600000,141.900000,143.200000,144.500000,145.800000,147.100000,148.400000,149.700000,151.000000,
25.858275,26.677195,27.483592,28.273093,29.042027,29.787800,30.508516,31.203190,31.872730,32.518942,33.144299,33.752270,34.346739,34.931774,35.511553,36.090246,36.671884,37.260120,37.858242,38.468880,39.093161,39.731656,40.384866,41.053641,41.739318,42.444254,43.173234,43.931277,44.721637,45.542321,46.390485,
-10.623667,-9.937240,-9.192357,-8.383976,-7.512015,-6.579502,-5.590645,-4.549896,-3.461224,-2.328361,-1.154859,0.056021,1.301062,2.576895,3.879658,5.205368,6.550178,7.910749,9.283943,10.666680,12.055841,13.448559,14.842712,16.238057,17.635501,19.037354,20.448758,21.875153,23.319990,24.780759,26.254055,
113.0,1.266667
113.000000,114.266667,115.533333,116.800000,118.066667,119.333333,120.600000,121.866667,123.133333,124.400000,125.666667,126.933333,128.200000,129.466667,130.733333,132.000000,133.266667,134.533333,135.800000,137.066667,138.333333,139.600000,140.866667,142.133333,143.400000,144.666667,145.933333,147.200000,148.466667,149.733333,151.000000,
26.609091,27.384306,28.144049,28.884014,29.601221,30.294711,30.964543,31.611603,32.238083,32.846712,33.440419,34.022148,34.594890,35.161744,35.726073,36.291307,36.860806,37.437659,38.024661,38.624040,39.236732,39.863208,40.503923,41.159746,41.832016,42.522963,43.236850,43.978095,44.749516,45.549301,46.374892,
-10.009732,-9.292889,-8.524923,-7.702584,-6.826703,-5.899390,-4.923187,-3.900545,-2.833244,-1.722961,-0.571754,0.617143,1.839983,3.092752,4.371208,5.671118,6.988505,8.320103,9.662947,11.014215,12.371176,13.731378,15.093063,16.456139,17.821534,19.191374,20.570114,21.962419,23.371202,24.794265,26.228642,
114.0,1.233333
114.000000,115.233333,116.466667,117.700000,118.933333,120.166667,121.400000,122.633333,123.866667,125.100000,126.333333,127.566667,128.800000,130.033333,131.266667,132.500000,133.733333,134.966667,136.200000,137.433333,138.666667,139.900000,141.133333,142.366667,143.600000,144.833333,146.066667,147.300000,148.533333,149.766667,151.000000,
27.332095,28.060478,28.767964,29.453246,30.116860,30.760216,31.385081,31.993352,32.586914,33.167679,33.737652,34.299054,34.854232,35.405668,35.956082,36.508231,37.064738,37.627814,38.199435,38.781330,39.374789,39.981015,40.601418,41.238055,41.893359,42.570158,43.271989,44.001877,44.760729,45.544121,46.347383,
-9.355479,-8.617841,-7.840982,-7.019417,-6.150697,-5.234185,-4.270133,-3.259447,-2.203936,-1.105922,0.031761,1.205374,2.410771,3.643575,4.899187,6.172984,7.460500,8.757725,10.061068,11.367623,12.675978,13.985609,15.296958,16.612247,17.934580,19.267719,20.616356,21.984754,23.375053,24.783962,26.207624,
115.0,1.200000
115.000000,116.200000,117.400000,118.600000,119.800000,121.000000,122.200000,123.400000,124.600000,125.800000,127.000000,128.200000,129.400000,130.600000,131.800000,133.000000,134.200000,135.400000,136.600000,137.800000,139.000000,140.200000,141.400000,142.600000,143.800000,145.000000,146.200000,147.400000,148.600000,149.800000,151.000000,
27.683169,28.393162,29.087153,29.761927,30.415734,31.048472,31.660881,32.254361,32.831250,33.394279,33.946321,34.490231,35.028857,35.565062,36.101730,36.641703,37.187674,37.741973,38.306646,38.883333,39.472852,40.075765,40.692765,41.325161,41.974665,42.643483,43.334746,44.051201,44.793606,45.557708,46.339051,
-9.013883,-8.260258,-7.462886,-6.618930,-5.729205,-4.795620,-3.820456,-2.805921,-1.753641,-0.665138,0.457780,1.612420,2.795669,4.004176,5.234342,6.482548,7.745359,9.019870,10.303444,11.593657,12.888389,14.185912,15.485268,16.787193,18.093425,19.406739,20.731723,22.072930,23.433006,24.809444,26.199026,
116.0,1.166667
116.000000,117.166667,118.333333,119.500000,120.666667,121.833333,123.000000,124.166667,125.333333,126.500000,127.666667,128.833333,130.000000,131.166667,132.333333,133.500000,134.666667,135.833333,137.000000,138.166667,139.333333,140.500000,141.666667,142.833333,144.000000,145.166667,146.333333,147.500000,148.666667,149.833333,151.000000,
28.364590,29.035995,29.693252,30.334340,30.958488,31.565837,32.157001,32.732933,33.295037,33.844990,34.384769,34.916859,35.443987,35.969008,36.494877,37.024453,37.560235,38.103853,38.656458,39.218796,39.790997,40.373094,40.965467,41.569525,42.187337,42.821694,43.476677,44.156365,44.863548,45.597556,46.356963,
-8.303211,-7.526182,-6.706884,-5.841228,-4.928874,-3.971445,-2.971497,-1.932120,-0.856913,0.250332,1.385797,2.545797,3.726779,4.925403,6.138772,7.364161,8.598850,9.839971,11.084699,12.330469,13.575377,14.818107,16.058267,17.297352,18.537836,19.782929,21.036836,22.303520,23.585293,24.880294,26.186030,
117.0,1.133333
117.000000,118.133333,119.266667,120.400000,121.533333,122.666667,123.800000,124.933333,126.066667,127.200000,128.333333,129.466667,130.600000,131.733333,132.866667,134.000000,135.133333,136.266667,137.400000,138.533333,139.666667,140.800000,141.933333,143.066667,144.200000,145.333333,146.466667,147.600000,148.733333,149.866667,151.000000,
29.018707,29.648146,30.259084,30.850764,31.424277,31.981543,32.524831,33.056518,33.578902,34.094244,34.604782,35.112728,35.620261,36.129499,36.642431,37.160899,37.686480,38.220204,38.762816,39.314849,39.876563,40.448272,41.030695,41.625573,42.235198,42.862298,43.510199,44.181817,44.878386,45.597104,46.334830,
-7.558026,-6.769454,-5.951283,-5.099100,-4.210909,-3.286106,-2.324819,-1.327714,-0.296151,0.768088,1.862807,2.985121,4.131809,5.299433,6.484329,7.682771,8.891093,10.105855,11.323878,12.542455,13.759859,14.975128,16.188344,17.401578,18.617924,19.841195,21.076068,22.326829,23.595852,24.880863,26.178934,
118.0,1.100000
118.000000,119.100000,120.200000,121.300000,122.400000,123.500000,124.600000,125.700000,126.800000,127.900000,129.000000,130.100000,131.200000,132.300000,133.400000,134.500000,135.600000,136.700000,137.800000,138.900000,140.000000,141.100000,142.200000,143.300000,144.400000,145.500000,146.600000,147.700000,148.800000,149.900000,151.000000,
29.646107,30.243287,30.826676,31.394514,31.946433,32.483153,33.005952,33.516477,34.016779,34.509098,34.995776,35.479217,35.961841,36.446039,36.934118,37.428251,37.930358,38.441821,38.963708,39.496793,40.041406,40.597794,41.166428,41.748443,42.345382,42.959167,43.592319,44.247100,44.924510,45.622512,46.338794,
-6.781065,-5.971598,-5.129532,-4.252641,-3.341705,-2.398574,-1.425558,-0.425079,0.600598,1.649263,2.718705,3.806633,4.910782,6.029006,7.159468,8.300491,9.450513,10.608109,11.771941,12.940768,14.113508,15.289337,16.467948,17.650116,18.837261,20.031380,21.235348,22.451877,23.682391,24.925107,26.177848,
119.0,1.066667
119.000000,120.066667,121.133333,122.200000,123.266667,124.333333,125.400000,126.466667,127.533333,128.600000,129.666667,130.733333,131.800000,132.866667,133.933333,135.000000,136.066667,137.133333,138.200000,139.266667,140.333333,141.400000,142.466667,143.533333,144.600000,145.666667,146.733333,147.800000,148.866667,149.933333,151.000000,
30.247578,30.810663,31.361141,31.897644,32.420142,32.929575,33.427383,33.915326,34.395480,34.870060,35.341323,35.811498,36.282754,36.757135,37.236421,37.722168,38.215608,38.717374,39.227810,39.747116,40.275413,40.812957,41.360441,41.919537,42.492438,43.081713,43.690357,44.321014,44.975003,45.650578,46.345625,
-5.975238,-5.154909,-4.305368,-3.424498,-2.512937,-1.572323,-0.604729,0.387661,1.402806,2.438712,3.493365,4.564648,5.650410,6.748516,7.856902,8.973531,10.096366,11.223336,12.352478,13.482138,14.611350,15.739734,16.867731,17.997301,19.131186,20.272613,21.425274,22.592429,23.775751,24.973285,26.182602,
120.0,1.033333
120.000000,121.033333,122.066667,123.100000,124.133333,125.166667,126.200000,127.233333,128.266667,129.300000,130.333333,131.366667,132.400000,133.433333,134.466667,135.500000,136.533333,137.566667,138.600000,139.633333,140.666667,141.700000,142.733333,143.766667,144.800000,145.833333,146.866667,147.900000,148.933333,149.966667,151.000000,
30.824098,31.353023,31.868436,32.369804,32.858045,33.334676,33.801493,34.260390,34.713234,35.161893,35.608256,36.054271,36.501883,36.952982,37.409302,37.872452,38.343860,38.824636,39.315726,39.817975,40.332143,40.859010,41.399502,41.954887,42.526549,43.115833,43.723857,44.351177,44.997140,45.658598,46.332588,
-5.143579,-4.319989,-3.474842,-2.605476,-1.711336,-0.793164,0.147638,1.109298,2.089765,3.086911,4.098691,5.123348,6.159309,7.205182,8.259839,9.322320,10.391817,11.467739,12.549663,13.637364,14.730955,15.830802,16.937576,18.052465,19.176924,20.312576,21.461192,22.624171,23.801826,24.992080,26.192770,
121.0,1.000000
121.000000,122.000000,123.000000,124.000000,125.000000,126.000000,127.000000,128.000000,129.000000,130.000000,131.000000,132.000000,133.000000,134.000000,135.000000,136.000000,137.000000,138.000000,139.000000,140.000000,141.000000,142.000000,143.000000,144.000000,145.000000,146.000000,147.000000,148.000000,149.000000,150.000000,151.000000,
31.103354,31.613643,32.111327,32.596175,33.069419,33.532914,33.988785,34.439184,34.886081,35.331332,35.776694,36.223785,36.674119,37.129083,37.589854,38.057438,38.532632,39.015869,39.507431,40.007572,40.516639,41.035155,41.563986,42.104682,42.659088,43.229093,43.816409,44.422170,45.046250,45.685944,46.338581,
-4.719034,-3.899078,-3.059397,-2.196890,-1.310268,-0.399372,0.535306,1.492769,2.471416,3.469326,4.484399,5.514388,6.557011,7.610043,8.671437,9.739256,10.811670,11.887001,12.963772,14.040860,15.117819,16.194758,17.272484,18.353002,19.438915,20.533125,21.638684,22.758152,23.892711,25.040592,26.199687,
122.0,0.966667
122.000000,122.966667,123.933333,124.900000,125.866667,126.833333,127.800000,128.766667,129.733333,130.700000,131.666667,132.633333,133.600000,134.566667,135.533333,136.500000,137.466667,138.433333,139.400000,140.366667,141.333333,142.300000,143.266667,144.233333,145.200000,146.166667,147.133333,148.100000,149.066667,150.033333,151.000000,
31.644652,32.127678,32.601747,33.066039,33.520752,33.966743,34.405233,34.837689,35.265820,35.691447,36.116427,36.542590,36.971701,37.405395,37.845047,38.291847,38.746786,39.210556,39.683703,40.166720,40.660105,41.164446,41.680531,42.209566,42.752896,43.311787,43.887181,44.479427,45.087745,45.709157,46.340910,
-3.854481,-3.029349,-2.182830,-1.313628,-0.422735,0.487921,1.416039,2.359324,3.315878,4.284053,5.262429,6.249891,7.245490,8.248382,9.257814,10.273085,11.293541,12.318581,13.347690,14.380504,15.416953,16.457259,17.502077,18.552835,19.611363,20.679718,21.760107,22.854332,23.963050,25.084489,26.216687,
123.0,0.933333
123.000000,123.933333,124.866667,125.800000,126.733333,127.666667,128.600000,129.533333,130.466667,131.400000,132.333333,133.266667,134.200000,135.133333,136.066667,137.000000,137.933333,138.866667,139.800000,140.733333,141.666667,142.600000,143.533333,144.466667,145.400000,146.333333,147.266667,148.200000,149.133333,150.066667,151.000000,
32.164160,32.619834,33.068088,33.508383,33.941080,34.367103,34.787685,35.204256,35.618409,36.031796,36.446058,36.862738,37.283271,37.708920,38.140642,38.579187,39.025112,39.478705,39.940162,40.409721,40.887813,41.375076,41.872441,42.381371,42.903511,43.440439,43.993375,44.562952,45.148734,45.748259,46.359195,
-2.971929,-2.149405,-1.308017,-0.446501,0.434347,1.332866,2.247031,3.174799,4.114444,5.064445,6.023454,6.990353,7.964137,8.943844,9.928514,10.917191,11.908936,12.902842,13.898130,14.894300,15.891408,16.889963,17.891039,18.896618,19.909115,20.931087,21.965009,23.012824,24.075268,25.150665,26.237124,
124.0,0.900000
124.000000,124.900000,125.800000,126.700000,127.600000,128.500000,129.400000,130.300000,131.200000,132.100000,133.000000,133.900000,134.800000,135.700000,136.600000,137.500000,138.400000,139.300000,140.200000,141.100000,142.000000,142.900000,143.800000,144.700000,145.600000,146.500000,147.400000,148.300000,149.200000,150.100000,151.000000,
32.663381,33.093719,33.518226,33.936615,34.349357,34.757382,35.161864,35.564111,35.965510,36.367452,36.771265,37.178113,37.589025,38.004852,38.426168,38.853390,39.286842,39.726775,40.173471,40.627350,41.089147,41.559814,42.040522,42.532748,43.038023,43.557711,44.092715,44.643382,45.209199,45.788123,46.378263,
-2.074484,-1.257910,-0.424661,0.426493,1.294923,2.179175,3.077423,3.987774,4.908538,5.838162,6.775200,7.718342,8.666354,9.618045,10.572260,11.527928,12.484152,13.440367,14.396316,15.352145,16.308671,17.267136,18.229139,19.196704,20.171992,21.157056,22.153564,23.162627,24.184418,25.217392,26.259956,
125.0,0.866667
125.000000,125.866667,126.733333,127.600000,128.466667,129.333333,130.200000,131.066667,131.933333,132.800000,133.666667,134.533333,135.400000,136.266667,137.133333,138.000000,138.866667,139.733333,140.600000,141.466667,142.333333,143.200000,144.066667,144.933333,145.800000,146.666667,147.533333,148.400000,149.266667,150.133333,151.000000,
33.143929,33.550810,33.953365,34.351518,34.745807,35.137133,35.526591,35.915368,36.304686,36.695743,37.089656,37.487366,37.889668,38.297187,38.710278,39.129149,39.553914,39.984617,40.421327,40.864248,41.313876,41.770937,42.236420,42.711697,43.198285,43.697653,44.211015,44.739180,45.282249,45.839047,46.408368,
-1.165167,-0.357906,0.463950,1.301570,2.154463,3.021378,3.900708,4.790764,5.690019,6.597056,7.510556,8.429325,9.352237,10.278205,11.206170,12.135132,13.064220,13.992793,14.920445,15.847088,16.773161,17.699479,18.627214,19.558020,20.493750,21.436240,22.387101,23.347513,24.317868,25.297110,26.284068,
126.0,0.833333
126.000000,126.833333,127.666667,128.500000,129.333333,130.166667,131.000000,131.833333,132.666667,133.500000,134.333333,135.166667,136.000000,136.833333,137.666667,138.500000,139.333333,140.166667,141.000000,141.833333,142.666667,143.500000,144.333333,145.166667,146.000000,146.833333,147.666667,148.500000,149.333333,150.166667,151.000000,
33.607503,33.992870,34.375476,34.755407,35.133180,35.509556,35.885418,36.261690,36.639264,37.018983,37.401593,37.787676,38.177697,38.572019,38.970882,39.374480,39.783023,40.196810,40.616247,41.041902,41.474626,41.915449,42.365549,42.826268,43.298927,43.784636,44.284035,44.797269,45.323811,45.862034,46.410471,
-0.246871,0.548166,1.356178,2.178233,3.013865,3.861856,4.720606,5.588387,6.463535,7.344446,8.229595,9.117576,10.007097,10.897016,11.786426,12.674641,13.561249,14.446277,15.330079,16.213357,17.097289,17.983349,18.873226,19.768817,20.672026,21.584569,22.507707,23.442184,24.387978,25.343787,26.308320,
127.0,0.800000
127.000000,127.800000,128.600000,129.400000,130.200000,131.000000,131.800000,132.600000,133.400000,134.200000,135.000000,135.800000,136.600000,137.400000,138.200000,139.000000,139.800000,140.600000,141.400000,142.200000,143.000000,143.800000,144.600000,145.400000,146.200000,147.000000,147.800000,148.600000,149.400000,150.200000,151.000000,
34.055868,34.420100,34.781200,35.139368,35.495320,35.850034,36.204612,36.560181,36.917802,37.278463,37.643050,38.012283,38.386757,38.766949,39.153175,39.545663,39.944590,40.350108,40.762396,41.181721,41.608537,42.043427,42.487109,42.940466,43.404389,43.879607,44.366479,44.864969,45.374498,45.893623,46.421073,
0.677683,1.454430,2.238503,3.030857,3.831643,4.640578,5.457147,6.280725,7.110671,7.946339,8.787102,9.632363,10.481555,11.334136,12.189601,13.047488,13.907401,14.769058,15.632300,16.497162,17.363982,18.233341,19.106063,19.983306,20.866353,21.756447,22.654613,23.561527,24.477281,25.400954,26.331594,
128.0,0.766667
128.000000,128.766667,129.533333,130.300000,131.066667,131.833333,132.600000,133.366667,134.133333,134.900000,135.666667,136.433333,137.200000,137.966667,138.733333,139.500000,140.266667,141.033333,141.800000,142.566667,143.333333,144.100000,144.866667,145.633333,146.400000,147.166667,147.933333,148.700000,149.466667,150.233333,151.000000,
34.490838,34.838016,35.184965,35.531959,35.879395,36.227727,36.577437,36.929000,37.282858,37.639423,37.999067,38.362105,38.728824,39.099488,39.474355,39.853690,40.237793,40.627023,41.021813,41.422695,41.830360,42.245609,42.669323,43.102474,43.545990,44.000606,44.466668,44.944134,45.432462,45.930355,46.436683,
1.605983,2.367463,3.138685,3.920421,4.712199,5.512898,6.321062,7.135121,7.953567,8.774992,9.598135,10.421992,11.245759,12.068854,12.890984,13.712071,14.532221,15.351764,16.171201,16.991209,17.812689,18.636706,19.464470,20.297365,21.136791,21.984015,22.839982,23.705244,24.579776,25.462624,26.352840,
129.0,0.733333
129.000000,129.733333,130.466667,131.200000,131.933333,132.666667,133.400000,134.133333,134.866667,135.600000,136.333333,137.066667,137.800000,138.533333,139.266667,140.000000,140.733333,141.466667,142.200000,142.933333,143.666667,144.400000,145.133333,145.866667,146.600000,147.333333,148.066667,148.800000,149.533333,150.266667,151.000000,
35.122190,35.449088,35.776108,36.103629,36.432112,36.762032,37.093856,37.428005,37.764816,38.104561,38.447449,38.793611,39.143143,39.496132,39.852686,40.212955,40.577173,40.945715,41.319081,41.697914,42.083057,42.475472,42.876187,43.286268,43.706709,44.138300,44.581443,45.036177,45.502107,45.978209,46.463584,
3.000574,3.740359,4.485504,5.236564,5.993404,6.755484,7.522031,8.292147,9.064886,9.839299,10.614490,11.389673,12.164183,12.937509,13.709381,14.479727,15.248696,16.016732,16.784503,17.552895,18.323060,19.096306,19.874024,20.657647,21.448528,22.247799,23.056181,23.873982,24.700997,25.536264,26.378884,
130.0,0.700000
130.000000,130.700000,131.400000,132.100000,132.800000,133.500000,134.200000,134.900000,135.600000,136.300000,137.000000,137.700000,138.400000,139.100000,139.800000,140.500000,141.200000,141.900000,142.600000,143.300000,144.000000,144.700000,145.400000,146.100000,146.800000,147.500000,148.200000,148.900000,149.600000,150.300000,151.000000,
35.531700,35.843848,36.156972,36.471507,36.787853,37.106366,37.427358,37.751091,38.077756,38.407490,38.740387,39.076493,39.415835,39.758450,40.104407,40.453833,40.806933,41.164049,41.525637,41.892282,42.264742,42.643875,43.030601,43.425869,43.830563,44.245382,44.670685,45.106512,45.552518,46.007828,46.471674,
3.928936,4.645324,5.366157,6.091909,6.822475,7.557399,8.296022,9.037573,9.781241,10.526216,11.271728,12.017105,12.761778,13.505312,14.247470,14.988189,15.727590,16.466046,17.204126,17.942594,18.682445,19.424826,20.170978,20.922208,21.679773,22.444747,23.217850,23.999435,24.789389,25.586917,26.391261,
131.0,0.666667
131.000000,131.666667,132.333333,133.000000,133.666667,134.333333,135.000000,135.666667,136.333333,137.000000,137.666667,138.333333,139.000000,139.666667,140.333333,141.000000,141.666667,142.333333,143.000000,143.666667,144.333333,145.000000,145.666667,146.333333,147.000000,147.666667,148.333333,149.000000,149.666667,150.333333,151.000000,
35.934207,36.232568,36.532519,36.834531,37.138952,37.446037,37.755977,38.068905,38.384898,38.703998,39.026219,39.351557,39.680012,40.011608,40.346419,40.684581,41.026310,41.371944,41.721920,42.076778,42.437186,42.803883,43.177638,43.559213,43.949293,44.348396,44.756749,45.174312,45.600753,46.035350,46.477485,
4.854376,5.545243,6.239721,6.938212,7.640632,8.346608,9.055592,9.766942,10.479986,11.194056,11.908524,12.622851,13.336592,14.049420,14.761179,15.471862,16.181619,16.890806,17.599938,18.309682,19.020883,19.734489,20.451510,21.172980,21.899872,22.633001,23.372884,24.119748,24.873465,25.633412,26.399008,
132.0,0.633333
132.000000,132.633333,133.266667,133.900000,134.533333,135.166667,135.800000,136.433333,137.066667,137.700000,138.333333,138.966667,139.600000,140.233333,140.866667,141.500000,142.133333,142.766667,143.400000,144.033333,144.666667,145.300000,145.933333,146.566667,147.200000,147.833333,148.466667,149.100000,149.733333,150.366667,151.000000,
36.331468,36.616817,36.904136,37.193916,37.486465,37.781964,38.080517,38.382166,38.686912,38.994731,39.305591,39.619466,39.936348,40.256268,40.579318,40.905658,41.235519,41.569243,41.907252,42.250044,42.598206,42.952364,43.313140,43.681116,44.056779,44.440453,44.832197,45.231844,45.638997,46.052977,46.473229,
5.775698,6.439169,7.105518,7.775076,8.447782,9.123334,9.801285,10.481114,11.162273,11.844224,12.526469,13.208592,13.890259,14.571247,15.251479,15.931011,16.610036,17.288919,17.968159,18.648380,19.330341,20.014877,20.702857,21.395149,22.092548,22.795698,23.504983,24.220538,24.942208,25.669461,26.401811,
133.0,0.600000
133.000000,133.600000,134.200000,134.800000,135.400000,136.000000,136.600000,137.200000,137.800000,138.400000,139.000000,139.600000,140.200000,140.800000,141.400000,142.000000,142.600000,143.200000,143.800000,144.400000,145.000000,145.600000,146.200000,146.800000,147.400000,148.000000,148.600000,149.200000,149.800000,150.400000,151.000000,
36.921203,37.194207,37.469008,37.745972,38.025271,38.306960,38.591021,38.877402,39.166044,39.456892,39.749916,40.045124,40.342570,40.642364,40.944691,41.249808,41.558048,41.869840,42.185686,42.506152,42.831867,43.163485,43.501644,43.846926,44.199818,44.560653,44.929527,45.306335,45.690775,46.082316,46.480521,
7.148194,7.781703,8.416138,9.051444,9.687386,10.323645,10.959858,11.595665,12.230753,12.864860,13.497794,14.129461,14.759857,15.389072,16.017321,16.644919,17.272287,17.899972,18.528611,19.158924,19.791711,20.427806,21.068035,21.713173,22.363899,23.020720,23.683882,24.353396,25.029032,25.710257,26.396616,
134.0,0.566667
134.000000,134.566667,135.133333,135.700000,136.266667,136.833333,137.400000,137.966667,138.533333,139.100000,139.666667,140.233333,140.800000,141.366667,141.933333,142.500000,143.066667,143.633333,144.200000,144.766667,145.333333,145.900000,146.466667,147.033333,147.600000,148.166667,148.733333,149.300000,149.866667,150.433333,151.000000,
37.312570,37.573914,37.837015,38.102236,38.369753,38.639621,38.911826,39.186317,39.463039,39.741946,40.023017,40.306274,40.591788,40.879681,41.170148,41.463445,41.759894,42.059889,42.363878,42.672347,42.985816,43.304802,43.629788,43.961181,44.299292,44.644287,44.996130,45.354618,45.719402,46.089981,46.465961,
8.056258,8.659179,9.262608,9.866472,10.470589,11.074721,11.678607,12.282000,12.884688,13.486511,14.087365,14.687234,15.286176,15.884333,16.481953,17.079366,17.676995,18.275357,18.875045,19.476709,20.081053,20.688794,21.300626,21.917183,22.538999,23.166457,23.799713,24.438728,25.083270,25.732884,26.387186,
135.0,0.533333
135.000000,135.533333,136.066667,136.600000,137.133333,137.666667,138.200000,138.733333,139.266667,139.800000,140.333333,140.866667,141.400000,141.933333,142.466667,143.000000,143.533333,144.066667,144.600000,145.133333,145.666667,146.200000,146.733333,147.266667,147.800000,148.333333,148.866667,149.400000,149.933333,150.466667,151.000000,
37.704221,37.953751,38.204513,38.456853,38.711010,38.967152,39.225405,39.485866,39.748621,40.013753,40.281353,40.551530,40.824412,41.100153,41.378942,41.661000,41.946579,42.235964,42.529464,42.827398,43.130089,43.437840,43.750913,44.069497,44.393697,44.723507,45.058767,45.399207,45.744463,46.094090,46.447758,
8.958739,9.529378,10.099437,10.668819,11.237505,11.805529,12.372964,12.939906,13.506472,14.072797,14.639030,15.205344,15.771931,16.339008,16.906830,17.475679,18.045876,18.617783,19.191795,19.768334,20.347843,20.930771,21.517541,22.108530,22.704044,23.304282,23.909288,24.518979,25.133140,25.751418,26.373527,
136.0,0.500000
136.000000,136.500000,137.000000,137.500000,138.000000,138.500000,139.000000,139.500000,140.000000,140.500000,141.000000,141.500000,142.000000,142.500000,143.000000,143.500000,144.000000,144.500000,145.000000,145.500000,146.000000,146.500000,147.000000,147.500000,148.000000,148.500000,149.000000,149.500000,150.000000,150.500000,151.000000,
38.295125,38.534370,38.774642,39.016202,39.259205,39.503744,39.749870,39.997611,40.246994,40.498048,40.750817,41.005374,41.261818,41.520282,41.780941,42.044009,42.309735,42.578413,42.850361,43.125925,43.405461,43.689329,43.977868,44.271383,44.570129,44.874294,45.183967,45.499162,45.819813,46.145775,46.476925,
10.302818,10.840246,11.376864,11.912472,12.446962,12.980284,13.512438,14.043458,14.573411,15.102388,15.630504,16.157898,16.684735,17.211200,17.737508,18.263896,18.790624,19.317975,19.846247,20.375748,20.906790,21.439676,21.974685,22.512060,23.051992,23.594609,24.139945,24.687962,25.238547,25.791519,26.346730,
137.0,0.466667
137.000000,137.466667,137.933333,138.400000,138.866667,139.333333,139.800000,140.266667,140.733333,141.200000,141.666667,142.133333,142.600000,143.066667,143.533333,144.000000,144.466667,144.933333,145.400000,145.866667,146.333333,146.800000,147.266667,147.733333,148.200000,148.666667,149.133333,149.600000,150.066667,150.533333,151.000000,
38.693061,38.920507,39.148746,39.378005,39.608447,39.840189,40.073321,40.307920,40.544060,40.781821,41.021295,41.262594,41.505850,41.751218,41.998882,42.249048,42.501943,42.757812,43.016916,43.279513,43.545859,43.816191,44.090715,44.369591,44.652926,44.940762,45.233060,45.529717,45.830584,46.135468,46.444228,
11.193475,11.697464,12.200623,12.702760,13.203779,13.703657,14.202423,14.700150,15.196943,15.692936,16.188289,16.683186,17.177832,17.672454,18.167303,18.662646,19.158766,19.655963,20.154540,20.654804,21.157052,21.661563,22.168586,22.678323,23.190922,23.706466,24.224949,24.746298,25.270384,25.797017,26.326056,
138.0,0.433333
138.000000,138.433333,138.866667,139.300000,139.733333,140.166667,140.600000,141.033333,141.466667,141.900000,142.333333,142.766667,143.200000,143.633333,144.066667,144.500000,144.933333,145.366667,145.800000,146.233333,146.666667,147.100000,147.533333,147.966667,148.400000,148.833333,149.266667,149.700000,150.133333,150.566667,151.000000,
39.298470,39.515046,39.732264,39.950303,40.169284,40.389283,40.610354,40.832534,41.055854,41.280348,41.506058,41.733040,41.961365,42.191126,42.422442,42.655453,42.890327,43.127257,43.366463,43.608183,43.852680,44.100227,44.351108,44.605610,44.864012,45.126583,45.393562,45.665159,45.941543,46.222826,46.509067,
12.523918,12.993453,13.462623,13.931318,14.399459,14.866989,15.333865,15.800056,16.265536,16.730283,17.194277,17.657499,18.119926,18.581538,19.042312,19.502222,19.961248,20.419366,20.876557,21.332808,21.788109,22.242460,22.695870,23.148360,23.599960,24.050713,24.500672,24.949895,25.398443,25.846370,26.293711,
139.0,0.400000
139.000000,139.400000,139.800000,140.200000,140.600000,141.000000,141.400000,141.800000,142.200000,142.600000,143.000000,143.400000,143.800000,144.200000,144.600000,145.000000,145.400000,145.800000,146.200000,146.600000,147.000000,147.400000,147.800000,148.200000,148.600000,149.000000,149.400000,149.800000,150.200000,150.600000,151.000000,
39.708941,39.912342,40.115950,40.319871,40.524215,40.729095,40.934629,41.140939,41.348152,41.556400,41.765824,41.976571,42.188796,42.402661,42.618335,42.835996,43.055822,43.277999,43.502707,43.730127,43.960428,44.193771,44.430296,44.670123,44.913344,45.160025,45.410194,45.663855,45.920986,46.181545,46.445496,
13.409021,13.843521,14.277112,14.709584,15.140839,15.570858,15.999682,16.427397,16.854115,17.279972,17.705117,18.129707,18.553904,18.977870,19.401768,19.825757,20.249990,20.674616,21.099773,21.525592,21.952187,22.379661,22.808098,23.237560,23.668088,24.099701,24.532389,24.966123,25.400860,25.836542,26.273127,
140.0,0.366667
140.000000,140.366667,140.733333,141.100000,141.466667,141.833333,142.200000,142.566667,142.933333,143.300000,143.666667,144.033333,144.400000,144.766667,145.133333,145.500000,145.866667,146.233333,146.600000,146.966667,147.333333,147.700000,148.066667,148.433333,148.800000,149.166667,149.533333,149.900000,150.266667,150.633333,151.000000,
40.125665,40.315391,40.505285,40.695451,40.886006,41.077074,41.268788,41.461283,41.654702,41.849189,42.044891,42.241960,42.440546,42.640800,42.842871,43.046905,43.253044,43.461420,43.672158,43.885366,44.101137,44.319547,44.540648,44.764466,44.991002,45.220234,45.452112,45.686566,45.923520,46.162893,46.404633,
14.294256,14.693707,15.092397,15.490158,15.886917,16.282678,16.677499,17.071481,17.464756,17.857476,18.249813,18.641945,19.034056,19.426335,19.818968,20.212135,20.606013,21.000768,21.396552,21.793506,22.191749,22.591383,22.992485,23.395105,23.799267,24.204969,24.612177,25.020838,25.430887,25.842250,26.254874,
141.0,0.333333
141.000000,141.333333,141.666667,142.000000,142.333333,142.666667,143.000000,143.333333,143.666667,144.000000,144.333333,144.666667,145.000000,145.333333,145.666667,146.000000,146.333333,146.666667,147.000000,147.333333,147.666667,148.000000,148.333333,148.666667,149.000000,149.333333,149.666667,150.000000,150.333333,150.666667,151.000000,
40.763515,40.939646,41.115751,41.291865,41.468046,41.644372,41.820938,41.997847,42.175215,42.353166,42.531828,42.711337,42.891831,43.073452,43.256343,43.440649,43.626516,43.814087,44.003502,44.194899,44.388409,44.584157,44.782259,44.982820,45.185933,45.391677,45.600116,45.811299,46.025261,46.242019,46.461581,
15.625449,15.989070,16.352096,16.714355,17.075734,17.436170,17.795634,18.154124,18.511661,18.868277,19.224019,19.578938,19.933089,20.286531,20.639322,20.991521,21.343183,21.694362,22.045110,22.395475,22.745502,23.095233,23.444708,23.793961,24.143024,24.491925,24.840687,25.189331,25.537870,25.886315,26.234671,
142.0,0.300000
142.000000,142.300000,142.600000,142.900000,143.200000,143.500000,143.800000,144.100000,144.400000,144.700000,145.000000,145.300000,145.600000,145.900000,146.200000,146.500000,146.800000,147.100000,147.400000,147.700000,148.000000,148.300000,148.600000,148.900000,149.200000,149.500000,149.800000,150.100000,150.400000,150.700000,151.000000,
41.197724,41.358592,41.519531,41.680603,41.841882,42.003455,42.165413,42.327857,42.490891,42.654623,42.819163,42.984622,43.151110,43.318737,43.487612,43.657836,43.829511,44.002729,44.177576,44.354133,44.532466,44.712637,44.894691,45.078666,45.264586,45.452463,45.642299,45.834088,46.027815,46.223464,46.421024,
16.517048,16.845042,17.172581,17.499539,17.825841,18.151452,18.476369,18.800615,19.124232,19.447277,19.769820,20.091939,20.413715,20.735236,21.056588,21.377856,21.699125,22.020474,22.341977,22.663701,22.985705,23.308041,23.630750,23.953863,24.277402,24.601377,24.925792,25.250638,25.575907,25.901583,26.227656,
143.0,0.266667
143.000000,143.266667,143.533333,143.800000,144.066667,144.333333,144.600000,144.866667,145.133333,145.400000,145.666667,145.933333,146.200000,146.466667,146.733333,147.000000,147.266667,147.533333,147.800000,148.066667,148.333333,148.600000,148.866667,149.133333,149.400000,149.666667,149.933333,150.200000,150.466667,150.733333,151.000000,
41.862924,42.008359,42.153741,42.299083,42.444416,42.589789,42.735264,42.880914,43.026820,43.173073,43.319767,43.467003,43.614882,43.763512,43.912999,44.063450,44.214973,44.367674,44.521658,44.677027,44.833878,44.992306,45.152400,45.314240,45.477904,45.643459,45.810962,45.980462,46.151997,46.325593,46.501263,
17.863233,18.154978,18.446250,18.736881,19.026743,19.315735,19.603783,19.890831,20.176842,20.461792,20.745670,21.028472,21.310205,21.590879,21.870513,22.149128,22.426750,22.703408,22.979135,23.253965,23.527935,23.801083,24.073451,24.345078,24.616007,24.886278,25.155930,25.425000,25.693519,25.961512,26.228992,
144.0,0.233333
144.000000,144.233333,144.466667,144.700000,144.933333,145.166667,145.400000,145.633333,145.866667,146.100000,146.333333,146.566667,146.800000,147.033333,147.266667,147.500000,147.733333,147.966667,148.200000,148.433333,148.666667,148.900000,149.133333,149.366667,149.600000,149.833333,150.066667,150.300000,150.533333,150.766667,151.000000,
42.315705,42.444564,42.573536,42.702681,42.832061,42.961737,43.091773,43.222231,43.353175,43.484668,43.616772,43.749548,43.883057,44.017357,44.152506,44.288558,44.425565,44.563577,44.702640,44.842796,44.984085,45.126541,45.270195,45.415074,45.561198,45.708585,45.857249,46.007197,46.158436,46.310968,46.464793,
18.767367,19.023079,19.278496,19.533519,19.788070,20.042094,20.295554,20.548424,20.800695,21.052364,21.303438,21.553932,21.803864,22.053258,22.302141,22.550541,22.798489,23.046018,23.293158,23.539942,23.786399,24.032561,24.278453,24.524103,24.769534,25.014766,25.259818,25.504703,25.749433,25.994016,26.238455,
145.0,0.200000
145.000000,145.200000,145.400000,145.600000,145.800000,146.000000,146.200000,146.400000,146.600000,146.800000,147.000000,147.200000,147.400000,147.600000,147.800000,148.000000,148.200000,148.400000,148.600000,148.800000,149.000000,149.200000,149.400000,149.600000,149.800000,150.000000,150.200000,150.400000,150.600000,150.800000,151.000000,
43.008714,43.120878,43.233077,43.345338,43.457695,43.570187,43.682854,43.795744,43.908906,44.022390,44.136249,44.250538,44.365313,44.480630,44.596546,44.713118,44.830401,44.948453,45.067327,45.187077,45.307754,45.429409,45.552087,45.675833,45.800688,45.926688,46.053864,46.182245,46.311852,46.442700,46.574796,
20.133225,20.352231,20.570776,20.788683,21.005806,21.222028,21.437251,21.651400,21.864416,22.076255,22.286887,22.496293,22.704464,22.911402,23.117113,23.321612,23.524921,23.727064,23.928072,24.127978,24.326819,24.524635,24.721464,24.917349,25.112331,25.306448,25.499738,25.692235,25.883968,26.074956,26.265212,
