1119.0,2.200000
1119.000000,1121.200000,1123.400000,1125.600000,1127.800000,1130.000000,1132.200000,1134.400000,1136.600000,1138.800000,1141.000000,1143.200000,1145.400000,1147.600000,1149.800000,1152.000000,1154.200000,1156.400000,1158.600000,1160.800000,1163.000000,1165.200000,1167.400000,1169.600000,1171.800000,1174.000000,1176.200000,1178.400000,1180.600000,1182.800000,1185.000000,
-17.335318,-15.978079,-14.579726,-13.134875,-11.639793,-10.093061,-8.494170,-6.844305,-5.151241,-3.424321,-1.673248,0.092274,1.862921,3.631062,5.396156,7.159291,8.921669,10.683355,12.444163,14.203942,15.962938,17.721419,19.479354,21.235369,22.987108,24.729218,26.444087,28.117221,29.760175,31.496506,33.447643,
-13.872719,-13.957613,-14.038039,-14.113382,-14.183358,-14.248589,-14.309921,-14.368278,-14.424709,-14.480308,-14.536231,-14.593873,-14.654697,-14.720228,-14.792189,-14.872354,-14.962502,-15.064399,-15.179808,-15.310489,-15.458191,-15.624665,-15.811689,-16.021145,-16.255018,-16.515646,-16.806807,-17.132075,-17.492655,-17.879507,-18.283369,
1120.0,2.166667
1120.000000,1122.166667,1124.333333,1126.500000,1128.666667,1130.833333,1133.000000,1135.166667,1137.333333,1139.500000,1141.666667,1143.833333,1146.000000,1148.166667,1150.333333,1152.500000,1154.666667,1156.833333,1159.000000,1161.166667,1163.333333,1165.500000,1167.666667,1169.833333,1172.000000,1174.166667,1176.333333,1178.500000,1180.666667,1182.833333,1185.000000,
-16.850003,-15.502237,-14.114567,-12.681769,-11.200259,-9.668679,-8.086564,-6.455106,-4.781810,-3.075711,-1.346200,0.397342,2.145907,3.892135,5.635428,7.376778,9.117307,10.857135,12.596150,14.334242,16.071543,17.808149,19.543753,21.276334,23.003177,24.720249,26.418497,28.092166,29.754864,31.501071,33.422724,
-13.904647,-13.985934,-14.062980,-14.135243,-14.202506,-14.265398,-14.324763,-14.381520,-14.436709,-14.491407,-14.546751,-14.604087,-14.664821,-14.730421,-14.802545,-14.882900,-14.973199,-15.075153,-15.190466,-15.320837,-15.467934,-15.633422,-15.818975,-16.026312,-16.257289,-16.514315,-16.802057,-17.125099,-17.485401,-17.873603,-18.279977,
1121.0,2.133333
1121.000000,1123.133333,1125.266667,1127.400000,1129.533333,1131.666667,1133.800000,1135.933333,1138.066667,1140.200000,1142.333333,1144.466667,1146.600000,1148.733333,1150.866667,1153.000000,1155.133333,1157.266667,1159.400000,1161.533333,1163.666667,1165.800000,1167.933333,1170.066667,1172.200000,1174.333333,1176.466667,1178.600000,1180.733333,1182.866667,1185.000000,
-16.363933,-15.025637,-13.648626,-12.227837,-10.759828,-9.243302,-7.677840,-6.064642,-4.410947,-2.725490,-1.017352,0.704399,2.431073,4.155585,5.877336,7.597266,9.316415,11.034713,12.751806,14.467263,16.180579,17.891614,19.601846,21.319313,23.051805,24.799491,26.530212,28.211138,29.838918,31.536899,33.429061,
-13.935464,-14.013304,-14.087127,-14.156464,-14.221156,-14.281842,-14.339363,-14.394632,-14.448675,-14.502554,-14.557385,-14.614466,-14.675150,-14.740851,-14.813175,-14.893774,-14.984302,-15.086368,-15.201564,-15.331450,-15.477469,-15.641138,-15.824406,-16.031000,-16.264925,-16.529600,-16.825648,-17.152666,-17.508656,-17.885824,-18.276757,
1122.0,2.100000
1122.000000,1124.100000,1126.200000,1128.300000,1130.400000,1132.500000,1134.600000,1136.700000,1138.800000,1140.900000,1143.000000,1145.100000,1147.200000,1149.300000,1151.400000,1153.500000,1155.600000,1157.700000,1159.800000,1161.900000,1164.000000,1166.100000,1168.200000,1170.300000,1172.400000,1174.500000,1176.600000,1178.700000,1180.800000,1182.900000,1185.000000,
-15.877122,-14.548561,-13.182456,-11.773897,-10.319587,-8.818288,-7.269627,-5.674811,-4.040820,-2.376089,-0.689393,1.010513,2.715247,4.417985,6.118077,7.816367,9.513817,11.210387,12.905774,14.599585,16.291288,17.980667,19.668961,21.363217,23.070487,24.792047,26.504871,28.185492,29.832897,31.540919,33.403584,
-13.965210,-14.039746,-14.110489,-14.177037,-14.239293,-14.297897,-14.353687,-14.407569,-14.460553,-14.513685,-14.568059,-14.624926,-14.685588,-14.751403,-14.823918,-14.904722,-14.995404,-15.097516,-15.212592,-15.342133,-15.487530,-15.650239,-15.832116,-16.036634,-16.267566,-16.528338,-16.820615,-17.145192,-17.500977,-17.879801,-18.273705,
1123.0,2.066667
1123.000000,1125.066667,1127.133333,1129.200000,1131.266667,1133.333333,1135.400000,1137.466667,1139.533333,1141.600000,1143.666667,1145.733333,1147.800000,1149.866667,1151.933333,1154.000000,1156.066667,1158.133333,1160.200000,1162.266667,1164.333333,1166.400000,1168.466667,1170.533333,1172.600000,1174.666667,1176.733333,1178.800000,1180.866667,1182.933333,1185.000000,
-14.901343,-13.582642,-12.227567,-10.831361,-9.390867,-7.904905,-6.373148,-4.796808,-3.182607,-1.538682,0.126496,1.804477,3.487184,5.168032,6.846262,8.522562,10.197792,11.872075,13.545374,15.217732,16.889683,18.561732,20.233798,21.903375,23.566627,25.216646,26.835125,28.407573,29.946643,31.573460,33.406682,
-14.021650,-14.090509,-14.156005,-14.217851,-14.276046,-14.331264,-14.384355,-14.436239,-14.487932,-14.540485,-14.594984,-14.652641,-14.714706,-14.782484,-14.857451,-14.941127,-15.035039,-15.140706,-15.259643,-15.393367,-15.543397,-15.711272,-15.898601,-16.107268,-16.339219,-16.596372,-16.880474,-17.192808,-17.532932,-17.893711,-18.268098,
1124.0,2.033333
1124.000000,1126.033333,1128.066667,1130.100000,1132.133333,1134.166667,1136.200000,1138.233333,1140.266667,1142.300000,1144.333333,1146.366667,1148.400000,1150.433333,1152.466667,1154.500000,1156.533333,1158.566667,1160.600000,1162.633333,1164.666667,1166.700000,1168.733333,1170.766667,1172.800000,1174.833333,1176.866667,1178.900000,1180.933333,1182.966667,1185.000000,
-14.412408,-13.103968,-11.760286,-10.376751,-8.950342,-7.479943,-5.965273,-4.407551,-2.813248,-1.190210,0.453388,2.109401,3.770045,5.428986,7.085419,8.739947,10.393364,12.045847,13.697425,15.348156,16.998365,18.648291,20.297571,21.943477,23.582314,25.208831,26.812401,28.386138,29.943743,31.578907,33.382616,
-14.048423,-14.114391,-14.177216,-14.236674,-14.292812,-14.346306,-14.397997,-14.448793,-14.499692,-14.551723,-14.605947,-14.663530,-14.725673,-14.793630,-14.868818,-14.952698,-15.046740,-15.152409,-15.271170,-15.404480,-15.553779,-15.720515,-15.906200,-16.112585,-16.341522,-16.595038,-16.875763,-17.185985,-17.526004,-17.888360,-18.265535,
1125.0,2.000000
1125.000000,1127.000000,1129.000000,1131.000000,1133.000000,1135.000000,1137.000000,1139.000000,1141.000000,1143.000000,1145.000000,1147.000000,1149.000000,1151.000000,1153.000000,1155.000000,1157.000000,1159.000000,1161.000000,1163.000000,1165.000000,1167.000000,1169.000000,1171.000000,1173.000000,1175.000000,1177.000000,1179.000000,1181.000000,1183.000000,1185.000000,
-13.922797,-12.624833,-11.292739,-9.922049,-8.509874,-7.055161,-5.557677,-4.018647,-2.444298,-0.842186,0.779806,2.413829,4.052391,5.689402,7.324018,8.956762,10.588368,12.219055,13.848906,15.477978,17.106348,18.733956,20.360190,21.982343,23.597142,25.201146,26.790803,28.366080,29.941150,31.583469,33.357660,
-14.074286,-14.137498,-14.197789,-14.254989,-14.309193,-14.361075,-14.411467,-14.461265,-14.511446,-14.563016,-14.617011,-14.674551,-14.736792,-14.804934,-14.880341,-14.964415,-15.058570,-15.164222,-15.282781,-15.415648,-15.564176,-15.729720,-15.913695,-16.117742,-16.343651,-16.593580,-16.871016,-17.179212,-17.519174,-17.883135,-18.263129,
1126.0,1.966667
1126.000000,1127.966667,1129.933333,1131.900000,1133.866667,1135.833333,1137.800000,1139.766667,1141.733333,1143.700000,1145.666667,1147.633333,1149.600000,1151.566667,1153.533333,1155.500000,1157.466667,1159.433333,1161.400000,1163.366667,1165.333333,1167.300000,1169.266667,1171.233333,1173.200000,1175.166667,1177.133333,1179.100000,1181.066667,1183.033333,1185.000000,
-13.432527,-12.145315,-10.825065,-9.467455,-8.069726,-6.630884,-5.150747,-3.630546,-2.076267,-0.495183,1.105113,2.717062,4.333460,5.948457,7.561176,9.172066,10.781802,12.390636,13.998691,15.605995,17.212345,18.817365,20.420226,22.018491,23.609597,25.192077,26.768916,28.346249,29.938151,31.586782,33.331449,
-14.099277,-14.159867,-14.217754,-14.272821,-14.325208,-14.375586,-14.424777,-14.473660,-14.523194,-14.574359,-14.628165,-14.685688,-14.748037,-14.816364,-14.891978,-14.976227,-15.070469,-15.176070,-15.294390,-15.426766,-15.574463,-15.738739,-15.920911,-16.122534,-16.345366,-16.591726,-16.865942,-17.172212,-17.512223,-17.877912,-18.260876,
1127.0,1.933333
1127.000000,1128.933333,1130.866667,1132.800000,1134.733333,1136.666667,1138.600000,1140.533333,1142.466667,1144.400000,1146.333333,1148.266667,1150.200000,1152.133333,1154.066667,1156.000000,1157.933333,1159.866667,1161.800000,1163.733333,1165.666667,1167.600000,1169.533333,1171.466667,1173.400000,1175.333333,1177.266667,1179.200000,1181.133333,1183.066667,1185.000000,
-12.450070,-11.173780,-9.865538,-8.521165,-7.138026,-5.715190,-4.252524,-2.751263,-1.217156,0.342802,1.921306,3.511087,5.105224,6.698090,8.288734,9.877471,11.464865,13.051143,14.636474,16.221118,17.805745,19.390889,20.976144,22.557594,24.129792,25.684881,27.207194,28.685674,30.134900,31.664022,33.379199,
-14.146805,-14.203017,-14.256941,-14.308560,-14.358087,-14.406217,-14.453777,-14.501651,-14.550790,-14.602169,-14.656780,-14.715663,-14.779882,-14.850541,-14.928893,-15.016225,-15.113837,-15.223017,-15.345058,-15.481261,-15.632974,-15.801576,-15.988528,-16.195579,-16.424477,-16.676667,-16.952441,-17.251479,-17.572247,-17.909127,-18.256816,
1128.0,1.900000
1128.000000,1129.900000,1131.800000,1133.700000,1135.600000,1137.500000,1139.400000,1141.300000,1143.200000,1145.100000,1147.000000,1148.900000,1150.800000,1152.700000,1154.600000,1156.500000,1158.400000,1160.300000,1162.200000,1164.100000,1166.000000,1167.900000,1169.800000,1171.700000,1173.600000,1175.500000,1177.400000,1179.300000,1181.200000,1183.100000,1185.000000,
-11.957917,-10.692880,-9.396946,-8.066070,-6.697743,-5.291098,-3.846048,-2.363835,-0.849977,0.688806,2.245490,3.813088,5.384953,6.955690,8.524319,10.091090,11.656512,13.220849,14.784305,16.347109,17.909630,19.472055,21.033740,22.591064,24.139336,25.672780,27.182554,28.664031,30.131674,31.668375,33.354015,
-14.169422,-14.223396,-14.275292,-14.325141,-14.373191,-14.420131,-14.466776,-14.513990,-14.562703,-14.613860,-14.668426,-14.727397,-14.791794,-14.862676,-14.941242,-15.028729,-15.126382,-15.235444,-15.357156,-15.492766,-15.643532,-15.810742,-15.995762,-16.200239,-16.425875,-16.674279,-16.946672,-17.243776,-17.564820,-17.903832,-18.255002,
1129.0,1.866667
1129.000000,1130.866667,1132.733333,1134.600000,1136.466667,1138.333333,1140.200000,1142.066667,1143.933333,1145.800000,1147.666667,1149.533333,1151.400000,1153.266667,1155.133333,1157.000000,1158.866667,1160.733333,1162.600000,1164.466667,1166.333333,1168.200000,1170.066667,1171.933333,1173.800000,1175.666667,1177.533333,1179.400000,1181.266667,1183.133333,1185.000000,
-11.465168,-10.211685,-8.928339,-7.611222,-6.257945,-4.867701,-3.440455,-1.977455,-0.483989,1.033491,2.568237,4.113541,5.663027,7.211525,8.758036,10.302749,11.846121,13.388432,14.929899,16.470692,18.010859,19.550240,21.088018,22.621126,24.145921,25.658856,27.157322,28.642356,30.127708,31.671048,33.327147,
-14.191327,-14.243186,-14.293174,-14.341366,-14.388044,-14.433889,-14.479700,-14.526326,-14.574668,-14.625646,-14.680193,-14.739266,-14.803841,-14.874934,-14.953694,-15.041306,-15.138965,-15.247866,-15.369201,-15.504157,-15.653903,-15.819627,-16.002602,-16.204405,-16.426725,-16.671366,-16.940461,-17.235752,-17.557201,-17.898495,-18.253329,
1130.0,1.833333
1130.000000,1131.833333,1133.666667,1135.500000,1137.333333,1139.166667,1141.000000,1142.833333,1144.666667,1146.500000,1148.333333,1150.166667,1152.000000,1153.833333,1155.666667,1157.500000,1159.333333,1161.166667,1163.000000,1164.833333,1166.666667,1168.500000,1170.333333,1172.166667,1174.000000,1175.833333,1177.666667,1179.500000,1181.333333,1183.166667,1185.000000,
-10.477950,-9.236266,-7.965747,-6.662616,-5.324602,-3.950963,-2.541710,-1.098095,0.374814,1.870836,3.383494,4.906350,6.433290,7.959342,9.483429,11.005611,12.526256,14.045714,15.564358,17.082676,18.601533,20.121526,21.641874,23.157001,24.659366,26.139004,27.578973,28.968063,30.323124,31.758547,33.385127,
-14.233164,-14.281606,-14.328578,-14.374237,-14.418926,-14.463343,-14.508288,-14.554606,-14.603186,-14.654933,-14.710760,-14.771587,-14.838349,-14.912017,-14.993682,-15.084470,-15.185517,-15.297955,-15.422926,-15.561604,-15.715281,-15.885297,-16.073053,-16.280136,-16.508003,-16.757453,-17.026989,-17.314338,-17.616669,-17.929857,-18.250388,
1131.0,1.800000
1131.000000,1132.800000,1134.600000,1136.400000,1138.200000,1140.000000,1141.800000,1143.600000,1145.400000,1147.200000,1149.000000,1150.800000,1152.600000,1154.400000,1156.200000,1158.000000,1159.800000,1161.600000,1163.400000,1165.200000,1167.000000,1168.800000,1170.600000,1172.400000,1174.200000,1176.000000,1177.800000,1179.600000,1181.400000,1183.200000,1185.000000,
-9.983512,-8.753977,-7.496604,-6.207745,-4.885246,-3.528427,-2.137347,-0.713263,0.738976,2.213447,3.703942,5.204292,6.708641,8.212235,9.713986,11.213903,12.712312,14.209572,15.706063,17.202194,18.698472,20.195109,21.691140,23.181653,24.660311,26.119570,27.548938,28.943008,30.317725,31.761246,33.358274,
-14.253175,-14.299855,-14.345264,-14.389594,-14.433215,-14.476813,-14.521173,-14.567117,-14.615507,-14.667220,-14.723134,-14.784132,-14.851107,-14.924988,-15.006818,-15.097675,-15.198646,-15.310820,-15.435291,-15.573177,-15.725679,-15.894037,-16.079558,-16.283747,-16.508047,-16.753468,-17.019531,-17.305101,-17.608167,-17.924202,-18.249113,
1132.0,1.766667
1132.000000,1133.766667,1135.533333,1137.300000,1139.066667,1140.833333,1142.600000,1144.366667,1146.133333,1147.900000,1149.666667,1151.433333,1153.200000,1154.966667,1156.733333,1158.500000,1160.266667,1162.033333,1163.800000,1165.566667,1167.333333,1169.100000,1170.866667,1172.633333,1174.400000,1176.166667,1177.933333,1179.700000,1181.466667,1183.233333,1185.000000,
-9.488543,-8.271515,-7.027626,-5.753358,-4.446670,-3.106942,-1.734283,-0.329951,1.101414,2.554146,4.022301,5.499974,6.981568,8.462541,9.941799,11.419309,12.895348,14.370261,15.844393,17.318052,18.791390,20.264260,21.735613,23.201475,24.657006,26.097212,27.517408,28.917164,30.310888,31.761572,33.329045,
-14.272633,-14.317664,-14.361617,-14.404719,-14.447361,-14.490220,-14.534061,-14.579685,-14.627927,-14.679630,-14.735642,-14.796808,-14.863982,-14.938049,-15.020009,-15.110891,-15.211737,-15.323588,-15.447489,-15.584500,-15.735724,-15.902299,-16.085440,-16.286607,-16.507266,-16.748681,-17.011374,-17.295321,-17.599307,-17.918408,-18.247964,
1133.0,1.733333
1133.000000,1134.733333,1136.466667,1138.200000,1139.933333,1141.666667,1143.400000,1145.133333,1146.866667,1148.600000,1150.333333,1152.066667,1153.800000,1155.533333,1157.266667,1159.000000,1160.733333,1162.466667,1164.200000,1165.933333,1167.666667,1169.400000,1171.133333,1172.866667,1174.600000,1176.333333,1178.066667,1179.800000,1181.533333,1183.266667,1185.000000,
-8.497076,-7.291651,-6.059203,-4.797184,-3.505516,-2.188342,-0.850822,0.502554,1.870651,3.253375,4.650937,6.063565,7.491199,8.932756,10.383850,11.839358,13.294868,14.749208,16.202231,17.654148,19.105402,20.556176,22.005510,23.448711,24.879899,26.292768,27.680720,29.042003,30.392142,31.802312,33.340242,
-14.310056,-14.352607,-14.394507,-14.436027,-14.477544,-14.519563,-14.562644,-14.607425,-14.654749,-14.705528,-14.760723,-14.821384,-14.888574,-14.963308,-15.046431,-15.138740,-15.241055,-15.354311,-15.479487,-15.617604,-15.769781,-15.937180,-16.121021,-16.322684,-16.543480,-16.784332,-17.044864,-17.324079,-17.620121,-17.928722,-18.246031,
1134.0,1.700000
1134.000000,1135.700000,1137.400000,1139.100000,1140.800000,1142.500000,1144.200000,1145.900000,1147.600000,1149.300000,1151.000000,1152.700000,1154.400000,1156.100000,1157.800000,1159.500000,1161.200000,1162.900000,1164.600000,1166.300000,1168.000000,1169.700000,1171.400000,1173.100000,1174.800000,1176.500000,1178.200000,1179.900000,1181.600000,1183.300000,1185.000000,
-8.000611,-6.809787,-5.594011,-4.350015,-3.075977,-1.771401,-0.436486,0.927504,2.316340,3.724853,5.147611,6.579213,8.014543,9.449442,10.882761,12.314331,13.744347,15.173281,16.601681,18.030068,19.458815,20.887835,22.315613,23.736179,25.142074,26.525166,27.876486,29.192824,30.491623,31.855741,33.364107,
-14.328099,-14.369273,-14.409931,-14.450395,-14.491120,-14.532778,-14.576109,-14.621882,-14.670884,-14.723907,-14.781738,-14.845149,-14.914916,-14.991841,-15.076822,-15.170786,-15.274674,-15.389443,-15.516062,-15.655544,-15.809029,-15.977701,-16.162769,-16.365482,-16.586923,-16.827560,-17.085901,-17.359759,-17.646496,-17.942621,-18.245239,
1135.0,1.666667
1135.000000,1136.666667,1138.333333,1140.000000,1141.666667,1143.333333,1145.000000,1146.666667,1148.333333,1150.000000,1151.666667,1153.333333,1155.000000,1156.666667,1158.333333,1160.000000,1161.666667,1163.333333,1165.000000,1166.666667,1168.333333,1170.000000,1171.666667,1173.333333,1175.000000,1176.666667,1178.333333,1180.000000,1181.666667,1183.333333,1185.000000,
-7.006298,-5.827983,-4.624617,-3.394059,-2.136462,-0.855467,0.444423,1.759280,3.087980,4.430306,5.786310,7.156044,8.539300,9.934973,11.339198,12.747487,14.156009,15.563780,16.970756,18.377234,19.783722,21.190295,22.595352,23.992044,25.371763,26.725196,28.042399,29.319899,30.576806,31.902266,33.381075,
-14.363049,-14.402366,-14.441577,-14.481031,-14.521152,-14.562444,-14.605456,-14.650800,-14.699265,-14.751704,-14.809010,-14.872150,-14.942101,-15.019791,-15.105980,-15.201386,-15.306747,-15.422920,-15.550815,-15.691412,-15.845868,-16.015388,-16.201168,-16.404318,-16.625693,-16.865376,-17.121080,-17.389774,-17.668297,-17.953757,-18.243988,
1136.0,1.633333
1136.000000,1137.633333,1139.266667,1140.900000,1142.533333,1144.166667,1145.800000,1147.433333,1149.066667,1150.700000,1152.333333,1153.966667,1155.600000,1157.233333,1158.866667,1160.500000,1162.133333,1163.766667,1165.400000,1167.033333,1168.666667,1170.300000,1171.933333,1173.566667,1175.200000,1176.833333,1178.466667,1180.100000,1181.733333,1183.366667,1185.000000,
-6.508481,-5.344593,-4.156612,-2.942583,-1.702755,-0.440536,0.839875,2.134810,3.443156,4.764638,6.099238,7.446939,8.807480,10.179773,11.560230,12.944684,14.329558,15.713802,17.097207,18.479834,19.861804,21.242882,22.621591,23.992660,25.349708,26.686453,27.998043,29.284818,30.563005,31.896595,33.345833,
-14.380036,-14.418313,-14.456650,-14.495414,-14.535033,-14.576003,-14.618859,-14.664195,-14.712769,-14.765396,-14.822932,-14.886298,-14.956424,-15.034192,-15.120333,-15.215532,-15.320495,-15.436031,-15.562996,-15.702300,-15.854988,-16.022150,-16.204895,-16.404342,-16.621462,-16.856702,-17.108933,-17.376395,-17.656809,-17.946801,-18.243520,
1137.0,1.600000
1137.000000,1138.600000,1140.200000,1141.800000,1143.400000,1145.000000,1146.600000,1148.200000,1149.800000,1151.400000,1153.000000,1154.600000,1156.200000,1157.800000,1159.400000,1161.000000,1162.600000,1164.200000,1165.800000,1167.400000,1169.000000,1170.600000,1172.200000,1173.800000,1175.400000,1177.000000,1178.600000,1180.200000,1181.800000,1183.400000,1185.000000,
-6.010247,-4.862667,-3.692854,-2.497902,-1.276299,-0.027729,1.247478,2.548062,3.870365,5.209925,6.562042,7.922040,9.285503,10.648837,12.010897,13.371403,14.730458,16.088566,17.446317,18.804169,20.162076,21.519413,22.874180,24.220426,25.551065,26.859240,28.139981,29.393955,30.638427,31.939474,33.359140,
-14.396750,-14.434017,-14.471459,-14.509496,-14.548633,-14.589513,-14.632822,-14.679263,-14.729536,-14.784342,-14.844371,-14.910284,-14.982744,-15.062436,-15.150118,-15.246582,-15.352634,-15.469110,-15.596873,-15.736830,-15.890017,-16.057508,-16.240363,-16.439562,-16.655879,-16.889478,-17.138735,-17.401392,-17.674877,-17.956246,-18.243154,
1138.0,1.566667
1138.000000,1139.566667,1141.133333,1142.700000,1144.266667,1145.833333,1147.400000,1148.966667,1150.533333,1152.100000,1153.666667,1155.233333,1156.800000,1158.366667,1159.933333,1161.500000,1163.066667,1164.633333,1166.200000,1167.766667,1169.333333,1170.900000,1172.466667,1174.033333,1175.600000,1177.166667,1178.733333,1180.300000,1181.866667,1183.433333,1185.000000,
-5.012587,-3.879438,-2.724076,-1.544874,-0.342242,0.880845,2.120752,3.374295,4.640378,5.918625,7.208880,8.510980,9.824541,11.148491,12.479733,13.814707,15.150380,16.485883,17.821070,19.155975,20.490479,21.823941,23.154169,24.474503,25.777004,27.054069,28.300460,29.517193,30.723105,31.988288,33.378380,
-14.429522,-14.465684,-14.502398,-14.540087,-14.579203,-14.620233,-14.663689,-14.710134,-14.760267,-14.814842,-14.874643,-14.940506,-15.013271,-15.093732,-15.182541,-15.280312,-15.387681,-15.505394,-15.634254,-15.775131,-15.929065,-16.097131,-16.280348,-16.479530,-16.695202,-16.927170,-17.173210,-17.430450,-17.695966,-17.967306,-18.242710,
1139.0,1.533333
1139.000000,1140.533333,1142.066667,1143.600000,1145.133333,1146.666667,1148.200000,1149.733333,1151.266667,1152.800000,1154.333333,1155.866667,1157.400000,1158.933333,1160.466667,1162.000000,1163.533333,1165.066667,1166.600000,1168.133333,1169.666667,1171.200000,1172.733333,1174.266667,1175.800000,1177.333333,1178.866667,1180.400000,1181.933333,1183.466667,1185.000000,
-4.513195,-3.397761,-2.261817,-1.102689,0.080936,1.289263,2.521880,3.777536,5.052926,6.344027,7.646600,8.956426,10.269524,11.582660,12.894722,14.205393,15.514759,16.823383,18.131913,19.440786,20.749673,22.057523,23.361746,24.655586,25.931176,27.181289,28.401828,29.594957,30.779580,32.021507,33.382021,
-14.445659,-14.481052,-14.517093,-14.554262,-14.593086,-14.634185,-14.678207,-14.725808,-14.777629,-14.834307,-14.896463,-14.964687,-15.039566,-15.121704,-15.211773,-15.310474,-15.418534,-15.536728,-15.665868,-15.806819,-15.960585,-16.128190,-16.310584,-16.508463,-16.722217,-16.951525,-17.194111,-17.447084,-17.707555,-17.973260,-18.242625,
1140.0,1.500000
1140.000000,1141.500000,1143.000000,1144.500000,1146.000000,1147.500000,1149.000000,1150.500000,1152.000000,1153.500000,1155.000000,1156.500000,1158.000000,1159.500000,1161.000000,1162.500000,1164.000000,1165.500000,1167.000000,1168.500000,1170.000000,1171.500000,1173.000000,1174.500000,1176.000000,1177.500000,1179.000000,1180.500000,1182.000000,1183.500000,1185.000000,
-3.513364,-2.413563,-1.292980,-0.150105,1.014513,2.197761,3.395665,4.604109,5.819413,7.038456,8.259436,9.484110,10.715319,11.955737,13.206423,14.467649,15.738834,17.017520,18.300694,19.585483,20.870009,22.152465,23.430259,24.698289,25.950953,27.183597,28.395032,29.589035,30.781433,32.020754,33.351685,
-14.477636,-14.512446,-14.548276,-14.585604,-14.624899,-14.666604,-14.711156,-14.758998,-14.810592,-14.866433,-14.927091,-14.993349,-15.066059,-15.146089,-15.234284,-15.331463,-15.438385,-15.555658,-15.683854,-15.823599,-15.975720,-16.141099,-16.320603,-16.514978,-16.724768,-16.949985,-17.189192,-17.440401,-17.701349,-17.969461,-18.242711,
1141.0,1.466667
1141.000000,1142.466667,1143.933333,1145.400000,1146.866667,1148.333333,1149.800000,1151.266667,1152.733333,1154.200000,1155.666667,1157.133333,1158.600000,1160.066667,1161.533333,1163.000000,1164.466667,1165.933333,1167.400000,1168.866667,1170.333333,1171.800000,1173.266667,1174.733333,1176.200000,1177.666667,1179.133333,1180.600000,1182.066667,1183.533333,1185.000000,
-3.012958,-1.932059,-0.832299,0.288767,1.432265,2.598291,3.786359,4.995230,6.221929,7.462853,8.714203,9.972202,11.233302,12.494621,13.755112,15.014449,16.272697,17.530398,18.788149,20.046238,21.303950,22.559751,23.810604,25.049653,26.269171,27.462574,28.627662,29.768605,30.904789,32.096028,33.397378,
-14.493555,-14.527813,-14.563145,-14.600076,-14.639142,-14.680933,-14.726054,-14.775109,-14.828679,-14.887332,-14.951622,-15.022067,-15.099180,-15.183492,-15.275593,-15.376105,-15.485682,-15.605045,-15.734955,-15.876225,-16.029790,-16.196583,-16.377416,-16.572724,-16.782587,-17.006371,-17.241599,-17.485248,-17.734451,-17.987370,-18.242874,
1142.0,1.433333
1142.000000,1143.433333,1144.866667,1146.300000,1147.733333,1149.166667,1150.600000,1152.033333,1153.466667,1154.900000,1156.333333,1157.766667,1159.200000,1160.633333,1162.066667,1163.500000,1164.933333,1166.366667,1167.800000,1169.233333,1170.666667,1172.100000,1173.533333,1174.966667,1176.400000,1177.833333,1179.266667,1180.700000,1182.133333,1183.566667,1185.000000,
-2.011246,-0.946998,0.136308,1.239877,2.363000,3.502867,4.655942,5.818598,6.987652,8.160443,9.335442,10.514024,11.698489,12.891034,14.092617,15.303545,16.523387,17.750132,18.981236,20.214124,21.446654,22.676564,23.900788,25.113952,26.310353,27.485601,28.639611,29.777474,30.915647,32.099814,33.371575,
-14.525456,-14.559611,-14.595185,-14.632683,-14.672566,-14.715249,-14.761132,-14.810617,-14.864125,-14.922104,-14.985073,-15.053732,-15.128845,-15.211190,-15.301522,-15.400571,-15.509023,-15.627448,-15.756391,-15.896448,-16.048385,-16.212999,-16.391022,-16.582941,-16.788979,-17.008797,-17.240619,-17.482173,-17.731109,-17.985355,-18.243424,
1143.0,1.400000
1143.000000,1144.400000,1145.800000,1147.200000,1148.600000,1150.000000,1151.400000,1152.800000,1154.200000,1155.600000,1157.000000,1158.400000,1159.800000,1161.200000,1162.600000,1164.000000,1165.400000,1166.800000,1168.200000,1169.600000,1171.000000,1172.400000,1173.800000,1175.200000,1176.600000,1178.000000,1179.400000,1180.800000,1182.200000,1183.600000,1185.000000,
-1.509972,-0.465559,0.596137,1.677336,2.778987,3.901083,5.043072,6.203732,7.380399,8.569868,9.768762,10.973741,12.181676,13.390036,14.597849,15.804785,17.010868,18.216529,19.422207,20.627955,21.832671,23.034425,24.229963,25.412927,26.576440,27.715192,28.829051,29.923928,31.018558,32.163857,33.406034,
-14.541516,-14.575312,-14.610559,-14.647809,-14.687599,-14.730484,-14.777020,-14.827756,-14.883211,-14.943886,-15.010269,-15.082808,-15.161949,-15.248153,-15.341941,-15.443862,-15.554506,-15.674539,-15.804667,-15.945641,-16.098300,-16.263458,-16.441779,-16.633488,-16.838442,-17.055846,-17.283313,-17.517992,-17.757239,-17.999478,-18.243802,
1144.0,1.366667
1144.000000,1145.366667,1146.733333,1148.100000,1149.466667,1150.833333,1152.200000,1153.566667,1154.933333,1156.300000,1157.666667,1159.033333,1160.400000,1161.766667,1163.133333,1164.500000,1165.866667,1167.233333,1168.600000,1169.966667,1171.333333,1172.700000,1174.066667,1175.433333,1176.800000,1178.166667,1179.533333,1180.900000,1182.266667,1183.633333,1185.000000,
-0.506669,0.520107,1.564263,2.626751,3.706748,4.801729,5.908567,7.024082,8.145545,9.270706,10.398277,11.529311,12.665643,13.809057,14.960409,16.120019,17.287560,18.461349,19.639177,20.818662,21.997427,23.172862,24.341668,25.498751,26.638962,27.758769,28.859460,29.947297,31.038320,32.172284,33.384866,
-14.574059,-14.608182,-14.644068,-14.682237,-14.723134,-14.767140,-14.814619,-14.865930,-14.921451,-14.981588,-15.046806,-15.117728,-15.195029,-15.279401,-15.371515,-15.472024,-15.581544,-15.700609,-15.829735,-15.969475,-16.120511,-16.283532,-16.459123,-16.647559,-16.848824,-17.062373,-17.286381,-17.518599,-17.756797,-17.999237,-18.244750,
1145.0,1.333333
1145.000000,1146.333333,1147.666667,1149.000000,1150.333333,1151.666667,1153.000000,1154.333333,1155.666667,1157.000000,1158.333333,1159.666667,1161.000000,1162.333333,1163.666667,1165.000000,1166.333333,1167.666667,1169.000000,1170.333333,1171.666667,1173.000000,1174.333333,1175.666667,1177.000000,1178.333333,1179.666667,1181.000000,1182.333333,1183.666667,1185.000000,
-0.004672,1.001475,2.023392,3.063084,4.121331,5.198032,6.292575,7.403769,8.529240,9.666164,10.811570,11.962543,13.116361,14.270825,15.425031,16.578630,17.731566,18.884081,20.036376,21.188234,22.338273,23.484353,24.623305,25.749755,26.858187,27.944890,29.011504,30.064998,31.122394,32.224416,33.407413,
-14.590621,-14.624550,-14.660249,-14.698294,-14.739207,-14.783503,-14.831687,-14.884252,-14.941653,-15.004329,-15.072699,-15.147151,-15.228069,-15.315852,-15.410956,-15.513870,-15.625120,-15.745315,-15.875097,-16.015143,-16.166179,-16.328891,-16.503802,-16.690996,-16.890214,-17.100631,-17.320145,-17.546269,-17.776690,-18.009982,-18.245311,
1146.0,1.300000
1146.000000,1147.300000,1148.600000,1149.900000,1151.200000,1152.500000,1153.800000,1155.100000,1156.400000,1157.700000,1159.000000,1160.300000,1161.600000,1162.900000,1164.200000,1165.500000,1166.800000,1168.100000,1169.400000,1170.700000,1172.000000,1173.300000,1174.600000,1175.900000,1177.200000,1178.500000,1179.800000,1181.100000,1182.400000,1183.700000,1185.000000,
0.497534,1.483953,2.485409,3.503803,4.539839,5.593373,6.663779,7.749888,8.849481,9.959926,11.078460,12.202364,13.329098,14.456572,15.583814,16.710329,17.835873,18.960428,20.083980,21.206284,22.326444,23.443202,24.554913,25.659207,26.753904,27.838105,28.914358,29.988029,31.069044,32.177499,33.330910,
-14.607429,-14.641288,-14.676984,-14.715084,-14.756094,-14.800501,-14.848782,-14.901397,-14.958772,-15.021315,-15.089419,-15.163448,-15.243759,-15.330726,-15.424764,-15.526315,-15.635846,-15.753875,-15.880949,-16.017649,-16.164617,-16.322506,-16.491920,-16.673333,-16.867049,-17.073042,-17.290492,-17.518195,-17.754626,-17.997750,-18.245926,
1147.0,1.266667
1147.000000,1148.266667,1149.533333,1150.800000,1152.066667,1153.333333,1154.600000,1155.866667,1157.133333,1158.400000,1159.666667,1160.933333,1162.200000,1163.466667,1164.733333,1166.000000,1167.266667,1168.533333,1169.800000,1171.066667,1172.333333,1173.600000,1174.866667,1176.133333,1177.400000,1178.666667,1179.933333,1181.200000,1182.466667,1183.733333,1185.000000,
1.502509,2.468987,3.449786,4.446703,5.460362,6.490575,7.536690,8.597551,9.671065,10.754765,11.846073,12.942474,14.041630,15.141642,16.241657,17.341274,18.440324,19.538820,20.636700,21.733504,22.827737,23.917281,24.999329,26.069746,27.124578,28.161701,29.183936,30.198499,31.219959,32.279114,33.402927,
-14.641946,-14.676526,-14.713142,-14.752378,-14.794736,-14.840689,-14.890689,-14.945169,-15.004526,-15.069134,-15.139354,-15.215517,-15.297951,-15.387002,-15.483069,-15.586583,-15.698012,-15.817898,-15.946816,-16.085360,-16.234142,-16.393726,-16.564516,-16.746525,-16.939457,-17.142557,-17.354082,-17.571975,-17.794284,-18.019669,-18.247303,
1148.0,1.233333
1148.000000,1149.233333,1150.466667,1151.700000,1152.933333,1154.166667,1155.400000,1156.633333,1157.866667,1159.100000,1160.333333,1161.566667,1162.800000,1164.033333,1165.266667,1166.500000,1167.733333,1168.966667,1170.200000,1171.433333,1172.666667,1173.900000,1175.133333,1176.366667,1177.600000,1178.833333,1180.066667,1181.300000,1182.533333,1183.766667,1185.000000,
2.005245,2.951630,3.911633,4.886953,5.878145,6.884995,7.906840,8.942556,9.990195,11.047467,12.111979,13.181383,14.253484,15.326456,16.399352,17.471614,18.542891,19.613015,20.681820,21.748975,22.813689,23.874939,24.931544,25.982098,27.025513,28.061808,29.093728,30.126031,31.166294,32.227870,33.322097,
-14.659734,-14.694383,-14.731110,-14.770490,-14.813006,-14.859103,-14.909205,-14.963715,-15.023001,-15.087415,-15.157289,-15.232934,-15.314652,-15.402763,-15.497619,-15.599601,-15.709114,-15.826610,-15.952573,-16.087517,-16.232011,-16.386633,-16.551924,-16.728315,-16.916100,-17.115288,-17.325252,-17.545012,-17.773259,-18.008116,-18.248058,
1149.0,1.200000
1149.000000,1150.200000,1151.400000,1152.600000,1153.800000,1155.000000,1156.200000,1157.400000,1158.600000,1159.800000,1161.000000,1162.200000,1163.400000,1164.600000,1165.800000,1167.000000,1168.200000,1169.400000,1170.600000,1171.800000,1173.000000,1174.200000,1175.400000,1176.600000,1177.800000,1179.000000,1180.200000,1181.400000,1182.600000,1183.800000,1185.000000,
3.011135,3.937246,4.876287,5.829857,6.798440,7.781780,8.779196,9.789583,10.811110,11.841647,12.878982,13.920968,14.965617,16.011293,17.057169,18.102780,19.147826,20.192101,21.235312,22.276825,23.315176,24.348446,25.374320,26.389857,27.392505,28.381411,29.359944,30.334919,31.318307,32.332653,33.397280,
-14.696570,-14.732254,-14.770184,-14.810948,-14.855021,-14.902831,-14.954776,-15.011232,-15.072537,-15.139010,-15.210957,-15.288658,-15.372395,-15.462467,-15.559219,-15.663033,-15.774320,-15.893560,-16.021255,-16.157919,-16.304062,-16.460137,-16.626453,-16.802979,-16.989419,-17.185105,-17.388613,-17.598262,-17.812415,-18.029825,-18.249682,
1150.0,1.166667
1150.000000,1151.166667,1152.333333,1153.500000,1154.666667,1155.833333,1157.000000,1158.166667,1159.333333,1160.500000,1161.666667,1162.833333,1164.000000,1165.166667,1166.333333,1167.500000,1168.666667,1169.833333,1171.000000,1172.166667,1173.333333,1174.500000,1175.666667,1176.833333,1178.000000,1179.166667,1180.333333,1181.500000,1182.666667,1183.833333,1185.000000,
3.514257,4.419966,5.337932,6.269663,7.215589,8.175434,9.148521,10.133781,11.129508,12.133732,13.144394,14.159478,15.177095,16.195650,17.214214,18.232174,19.249093,20.264690,21.278713,22.290823,23.300428,24.306837,25.309363,26.307410,27.300736,28.289940,29.277537,30.267315,31.264581,32.277414,33.312455,
-14.715698,-14.751556,-14.789679,-14.830644,-14.874906,-14.922866,-14.974896,-15.031342,-15.092520,-15.158724,-15.230235,-15.307314,-15.390215,-15.479205,-15.574586,-15.676679,-15.785833,-15.902445,-16.026940,-16.159774,-16.301456,-16.452505,-16.613410,-16.784578,-16.966296,-17.158607,-17.361033,-17.572773,-17.792694,-18.019085,-18.250544,
1151.0,1.133333
1151.000000,1152.133333,1153.266667,1154.400000,1155.533333,1156.666667,1157.800000,1158.933333,1160.066667,1161.200000,1162.333333,1163.466667,1164.600000,1165.733333,1166.866667,1168.000000,1169.133333,1170.266667,1171.400000,1172.533333,1173.666667,1174.800000,1175.933333,1177.066667,1178.200000,1179.333333,1180.466667,1181.600000,1182.733333,1183.866667,1185.000000,
4.520772,5.405868,6.302558,7.212256,8.135327,9.071465,10.019980,10.979830,11.949425,12.926947,13.910514,14.898310,15.888647,16.880113,17.871895,18.863453,19.854364,20.844247,21.832639,22.818824,23.801494,24.779058,25.749761,26.711710,27.663509,28.605215,29.540231,30.474522,31.417489,32.385033,33.390475,
-14.755572,-14.792724,-14.832279,-14.874820,-14.920794,-14.970582,-15.024528,-15.082952,-15.146140,-15.214357,-15.287860,-15.366887,-15.451677,-15.542489,-15.639624,-15.743412,-15.854216,-15.972451,-16.098553,-16.232957,-16.376082,-16.528291,-16.689816,-16.860604,-17.040380,-17.228569,-17.424020,-17.625366,-17.831241,-18.040495,-18.252352,
1152.0,1.100000
1152.000000,1153.100000,1154.200000,1155.300000,1156.400000,1157.500000,1158.600000,1159.700000,1160.800000,1161.900000,1163.000000,1164.100000,1165.200000,1166.300000,1167.400000,1168.500000,1169.600000,1170.700000,1171.800000,1172.900000,1174.000000,1175.100000,1176.200000,1177.300000,1178.400000,1179.500000,1180.600000,1181.700000,1182.800000,1183.900000,1185.000000,
5.527544,6.392520,7.268740,8.156736,9.055791,9.964407,10.880756,11.802920,12.729088,13.657588,14.587000,15.516430,16.445251,17.373010,18.299439,19.224358,20.147634,21.069162,21.988908,22.906995,23.823885,24.740330,25.657501,26.577368,27.502241,28.434515,29.376471,30.329709,31.294172,32.266165,33.242009,
-14.797870,-14.836546,-14.877789,-14.922129,-14.969919,-15.021415,-15.076830,-15.136354,-15.200169,-15.268456,-15.341402,-15.419212,-15.502102,-15.590289,-15.683998,-15.783459,-15.888917,-16.000649,-16.118967,-16.244255,-16.377030,-16.517906,-16.667601,-16.827014,-16.997070,-17.178573,-17.371993,-17.577413,-17.794228,-18.020449,-18.254249,
1153.0,1.066667
1153.000000,1154.066667,1155.133333,1156.200000,1157.266667,1158.333333,1159.400000,1160.466667,1161.533333,1162.600000,1163.666667,1164.733333,1165.800000,1166.866667,1167.933333,1169.000000,1170.066667,1171.133333,1172.200000,1173.266667,1174.333333,1175.400000,1176.466667,1177.533333,1178.600000,1179.666667,1180.733333,1181.800000,1182.866667,1183.933333,1185.000000,
6.030985,6.875027,7.729614,8.595260,9.471288,10.356306,11.248609,12.146406,13.047996,13.951798,14.856447,15.761013,16.664802,17.567279,18.468095,19.367024,20.263965,21.159022,22.052515,22.945118,23.838193,24.733552,25.633487,26.541055,27.459330,28.390668,29.335550,30.292456,31.256585,32.216716,33.162977,
-14.820029,-14.858984,-14.900484,-14.945049,-14.993015,-15.044622,-15.100066,-15.159520,-15.223147,-15.291108,-15.363569,-15.440703,-15.522692,-15.609714,-15.701946,-15.799573,-15.902796,-16.011860,-16.127065,-16.248814,-16.377709,-16.514500,-16.660112,-16.815770,-16.982779,-17.162354,-17.355392,-17.562326,-17.782723,-18.014382,-18.255222,
1154.0,1.033333
1154.000000,1155.033333,1156.066667,1157.100000,1158.133333,1159.166667,1160.200000,1161.233333,1162.266667,1163.300000,1164.333333,1165.366667,1166.400000,1167.433333,1168.466667,1169.500000,1170.533333,1171.566667,1172.600000,1173.633333,1174.666667,1175.700000,1176.733333,1177.766667,1178.800000,1179.833333,1180.866667,1181.900000,1182.933333,1183.966667,1185.000000,
7.037899,7.860683,8.693310,9.536265,10.388902,11.249919,12.117725,12.990653,13.867133,14.745714,15.625155,16.504616,17.383484,18.261301,19.137790,20.012774,20.886145,21.757876,22.628032,23.496835,24.364805,25.232700,26.101585,26.973060,27.848931,28.730996,29.620819,30.519408,31.426597,32.339795,33.256459,
-14.866563,-14.907140,-14.950346,-14.996702,-15.046535,-15.100067,-15.157470,-15.218894,-15.284479,-15.354366,-15.428701,-15.507646,-15.591374,-15.680065,-15.773913,-15.873125,-15.977932,-16.088607,-16.205463,-16.328878,-16.459339,-16.597407,-16.743703,-16.898933,-17.063782,-17.238788,-17.424140,-17.619688,-17.824765,-18.037749,-18.257201,
1155.0,1.000000
1155.000000,1156.000000,1157.000000,1158.000000,1159.000000,1160.000000,1161.000000,1162.000000,1163.000000,1164.000000,1165.000000,1166.000000,1167.000000,1168.000000,1169.000000,1170.000000,1171.000000,1172.000000,1173.000000,1174.000000,1175.000000,1176.000000,1177.000000,1178.000000,1179.000000,1180.000000,1181.000000,1182.000000,1183.000000,1184.000000,1185.000000,
7.541339,8.342627,9.153101,9.973238,10.802439,11.639496,12.482924,13.331158,14.182709,15.036189,15.890386,16.744426,17.597638,18.449513,19.299750,20.148195,20.994861,21.840028,22.684208,23.528236,24.373513,25.221777,26.075048,26.935703,27.805950,28.687210,29.579110,30.479578,31.384096,32.283722,33.170803,
-14.891019,-14.931873,-14.975311,-15.021844,-15.071784,-15.125339,-15.182665,-15.243892,-15.309142,-15.378533,-15.452186,-15.530231,-15.612803,-15.700045,-15.792108,-15.889160,-15.991398,-16.099083,-16.212538,-16.332183,-16.458615,-16.592554,-16.734840,-16.886497,-17.048571,-17.221971,-17.407250,-17.604546,-17.813321,-18.031760,-18.258200,
1156.0,0.966667
1156.000000,1156.966667,1157.933333,1158.900000,1159.866667,1160.833333,1161.800000,1162.766667,1163.733333,1164.700000,1165.666667,1166.633333,1167.600000,1168.566667,1169.533333,1170.500000,1171.466667,1172.433333,1173.400000,1174.366667,1175.333333,1176.300000,1177.266667,1178.233333,1179.200000,1180.166667,1181.133333,1182.100000,1183.066667,1184.033333,1185.000000,
8.548105,9.327487,10.115374,10.912222,11.717478,12.530028,13.348503,14.171459,14.997537,15.825480,16.654197,17.482909,18.311027,19.138106,19.963880,20.788192,21.610981,22.432312,23.252359,24.071452,24.890185,25.709344,26.529922,27.353229,28.180658,29.013478,29.852580,30.698334,31.550201,32.405928,33.263416,
-14.942508,-14.985073,-15.030272,-15.078614,-15.130399,-15.185819,-15.245008,-15.308077,-15.375126,-15.446258,-15.521582,-15.601222,-15.685316,-15.774015,-15.867489,-15.965930,-16.069557,-16.178638,-16.293483,-16.414454,-16.542004,-16.676633,-16.818870,-16.969269,-17.128329,-17.296396,-17.473486,-17.659323,-17.853245,-18.053918,-18.260204,
1157.0,0.933333
1157.000000,1157.933333,1158.866667,1159.800000,1160.733333,1161.666667,1162.600000,1163.533333,1164.466667,1165.400000,1166.333333,1167.266667,1168.200000,1169.133333,1170.066667,1171.000000,1171.933333,1172.866667,1173.800000,1174.733333,1175.666667,1176.600000,1177.533333,1178.466667,1179.400000,1180.333333,1181.266667,1182.200000,1183.133333,1184.066667,1185.000000,
9.051399,9.808604,10.573707,11.347154,12.128436,12.916517,13.710110,14.507850,15.308434,16.110642,16.913402,17.715918,18.517572,19.317915,20.116731,20.913976,21.709804,22.504667,23.299260,24.094553,24.891958,25.693108,26.499746,27.313650,28.136268,28.968202,29.808336,30.654078,31.500972,32.341489,33.169397,
-14.969620,-15.012413,-15.057773,-15.106199,-15.157978,-15.213288,-15.272244,-15.334939,-15.401452,-15.471859,-15.546242,-15.624692,-15.707310,-15.794209,-15.885528,-15.981427,-16.082110,-16.187852,-16.298998,-16.415980,-16.539382,-16.669882,-16.808238,-16.955306,-17.111919,-17.278753,-17.456124,-17.643986,-17.841759,-18.047943,-18.261202,
1158.0,0.900000
1158.000000,1158.900000,1159.800000,1160.700000,1161.600000,1162.500000,1163.400000,1164.300000,1165.200000,1166.100000,1167.000000,1167.900000,1168.800000,1169.700000,1170.600000,1171.500000,1172.400000,1173.300000,1174.200000,1175.100000,1176.000000,1176.900000,1177.800000,1178.700000,1179.600000,1180.500000,1181.400000,1182.300000,1183.200000,1184.100000,1185.000000,
10.057729,10.792233,11.533977,12.283396,13.040039,13.802968,14.571016,15.342942,16.117572,16.893813,17.670709,18.447548,19.223782,19.999004,20.772989,21.545637,22.316967,23.087165,23.856543,24.625563,25.394916,26.165430,26.938044,27.713816,28.493746,29.278580,30.068499,30.863132,31.661332,32.460649,33.258967,
-15.026782,-15.071301,-15.118396,-15.168565,-15.222085,-15.279118,-15.339764,-15.404098,-15.472184,-15.544090,-15.619891,-15.699679,-15.783562,-15.871667,-15.964147,-16.061182,-16.162982,-16.269809,-16.381968,-16.499808,-16.623747,-16.754236,-16.891734,-17.036688,-17.189475,-17.350321,-17.519155,-17.695655,-17.879198,-18.068678,-18.263174,
1159.0,0.866667
1159.000000,1159.866667,1160.733333,1161.600000,1162.466667,1163.333333,1164.200000,1165.066667,1165.933333,1166.800000,1167.666667,1168.533333,1169.400000,1170.266667,1171.133333,1172.000000,1172.866667,1173.733333,1174.600000,1175.466667,1176.333333,1177.200000,1178.066667,1178.933333,1179.800000,1180.666667,1181.533333,1182.400000,1183.266667,1184.133333,1185.000000,
11.063605,11.775020,12.493025,13.218056,13.949729,14.687219,15.429481,16.175410,16.923958,17.674151,18.425137,19.176272,19.927042,20.677041,21.425985,22.173658,22.919895,23.664573,24.407614,25.149003,25.888821,26.627260,27.364675,28.101694,28.839161,29.578162,30.320139,31.066677,31.819356,32.579588,33.348318,
-15.088126,-15.134380,-15.183196,-15.235068,-15.290265,-15.348939,-15.411178,-15.477045,-15.546596,-15.619895,-15.697012,-15.778047,-15.863116,-15.952354,-16.045925,-16.144011,-16.246814,-16.354561,-16.467490,-16.585844,-16.709865,-16.839774,-16.975747,-17.117872,-17.266144,-17.420427,-17.580367,-17.745463,-17.915097,-18.088501,-18.265096,
1160.0,0.833333
1160.000000,1160.833333,1161.666667,1162.500000,1163.333333,1164.166667,1165.000000,1165.833333,1166.666667,1167.500000,1168.333333,1169.166667,1170.000000,1170.833333,1171.666667,1172.500000,1173.333333,1174.166667,1175.000000,1175.833333,1176.666667,1177.500000,1178.333333,1179.166667,1180.000000,1180.833333,1181.666667,1182.500000,1183.333333,1184.166667,1185.000000,
11.566334,12.254433,12.948578,13.649183,14.355893,15.067934,15.784322,16.504002,17.225964,17.949269,18.673091,19.396808,20.119945,20.842171,21.563347,22.283476,23.002702,23.721355,24.439903,25.158943,25.879241,26.601640,27.326979,28.056025,28.789348,29.527122,30.268793,31.013209,31.758530,32.501914,33.241068,
-15.120465,-15.166778,-15.215553,-15.267270,-15.322184,-15.380433,-15.442089,-15.507193,-15.575779,-15.647883,-15.723549,-15.802845,-15.885854,-15.972685,-16.063480,-16.158410,-16.257683,-16.361559,-16.470340,-16.584367,-16.704035,-16.829762,-16.961960,-17.101007,-17.247204,-17.400708,-17.561412,-17.728992,-17.902877,-18.082142,-18.266031,
1161.0,0.800000
1161.000000,1161.800000,1162.600000,1163.400000,1164.200000,1165.000000,1165.800000,1166.600000,1167.400000,1168.200000,1169.000000,1169.800000,1170.600000,1171.400000,1172.200000,1173.000000,1173.800000,1174.600000,1175.400000,1176.200000,1177.000000,1177.800000,1178.600000,1179.400000,1180.200000,1181.000000,1181.800000,1182.600000,1183.400000,1184.200000,1185.000000,
12.571290,13.234546,13.901630,14.572523,15.246673,15.923305,16.601563,17.280620,17.959796,18.638534,19.316410,19.993180,20.668749,21.343165,22.016681,22.689710,23.362840,24.036903,24.712889,25.391921,26.075255,26.764136,27.459625,28.162390,28.872612,29.589744,30.312028,31.036833,31.760702,32.479147,33.188717,
-15.188680,-15.236559,-15.286724,-15.339591,-15.395362,-15.454127,-15.515916,-15.580735,-15.648595,-15.719512,-15.793519,-15.870676,-15.951064,-16.034798,-16.122038,-16.212985,-16.307891,-16.407085,-16.510954,-16.619939,-16.734560,-16.855363,-16.982889,-17.117632,-17.259994,-17.410209,-17.568212,-17.733691,-17.906066,-18.084376,-18.267836,
1162.0,0.766667
1162.000000,1162.766667,1163.533333,1164.300000,1165.066667,1165.833333,1166.600000,1167.366667,1168.133333,1168.900000,1169.666667,1170.433333,1171.200000,1171.966667,1172.733333,1173.500000,1174.266667,1175.033333,1175.800000,1176.566667,1177.333333,1178.100000,1178.866667,1179.633333,1180.400000,1181.166667,1181.933333,1182.700000,1183.466667,1184.233333,1185.000000,
13.073486,13.713650,14.358721,15.009077,15.664456,16.324233,16.987598,17.653677,18.321631,18.990680,19.660150,20.329545,20.998511,21.666844,22.334538,23.001737,23.668734,24.336006,25.004148,25.673848,26.345878,27.020997,27.699853,28.382843,29.070040,29.761012,30.454506,31.148652,31.841003,32.528389,33.208385,
-15.224634,-15.272457,-15.322571,-15.375429,-15.431269,-15.490208,-15.552295,-15.617547,-15.685974,-15.757585,-15.832403,-15.910475,-15.991871,-16.076689,-16.165066,-16.257176,-16.353230,-16.453493,-16.558271,-16.667903,-16.782772,-16.903274,-17.029786,-17.162642,-17.302093,-17.448251,-17.600997,-17.760019,-17.924805,-18.094574,-18.268700,
1163.0,0.733333
1163.000000,1163.733333,1164.466667,1165.200000,1165.933333,1166.666667,1167.400000,1168.133333,1168.866667,1169.600000,1170.333333,1171.066667,1171.800000,1172.533333,1173.266667,1174.000000,1174.733333,1175.466667,1176.200000,1176.933333,1177.666667,1178.400000,1179.133333,1179.866667,1180.600000,1181.333333,1182.066667,1182.800000,1183.533333,1184.266667,1185.000000,
14.077232,14.691923,15.309521,15.930058,16.553145,17.178201,17.804563,18.431584,19.058724,19.685544,20.311727,20.937128,21.561745,22.185724,22.809407,23.433285,24.057995,24.684359,25.313299,25.945790,26.582823,27.225287,27.873829,28.528645,29.189444,29.855273,30.524170,31.193480,31.859979,32.519853,33.170269,
-15.300439,-15.349648,-15.400935,-15.454695,-15.511123,-15.570302,-15.632253,-15.696970,-15.764449,-15.834694,-15.907725,-15.983595,-16.062385,-16.144210,-16.229236,-16.317670,-16.409770,-16.505855,-16.606292,-16.711488,-16.821894,-16.937971,-17.060155,-17.188818,-17.324238,-17.466542,-17.615609,-17.771122,-17.932567,-18.099176,-18.270341,
1164.0,0.700000
1164.000000,1164.700000,1165.400000,1166.100000,1166.800000,1167.500000,1168.200000,1168.900000,1169.600000,1170.300000,1171.000000,1171.700000,1172.400000,1173.100000,1173.800000,1174.500000,1175.200000,1175.900000,1176.600000,1177.300000,1178.000000,1178.700000,1179.400000,1180.100000,1180.800000,1181.500000,1182.200000,1182.900000,1183.600000,1184.300000,1185.000000,
15.080011,15.669841,16.262185,16.857121,17.454359,18.053437,18.653810,19.254934,19.856338,20.457624,21.058484,21.658734,22.258291,22.857176,23.455537,24.053624,24.651784,25.250478,25.850244,26.451669,27.055380,27.661981,28.271983,28.885715,29.503274,30.124421,30.748392,31.374034,31.999837,32.623884,33.244722,
-15.381702,-15.432263,-15.484797,-15.539700,-15.597174,-15.657313,-15.720148,-15.785684,-15.853922,-15.924872,-15.998556,-16.075023,-16.154347,-16.236627,-16.322000,-16.410632,-16.502719,-16.598495,-16.698218,-16.802166,-16.910631,-17.023899,-17.142226,-17.265813,-17.394783,-17.529148,-17.668748,-17.813285,-17.962340,-18.115341,-18.271849,
1165.0,0.666667
1165.000000,1165.666667,1166.333333,1167.000000,1167.666667,1168.333333,1169.000000,1169.666667,1170.333333,1171.000000,1171.666667,1172.333333,1173.000000,1173.666667,1174.333333,1175.000000,1175.666667,1176.333333,1177.000000,1177.666667,1178.333333,1179.000000,1179.666667,1180.333333,1181.000000,1181.666667,1182.333333,1183.000000,1183.666667,1184.333333,1185.000000,
15.580997,16.145615,16.712151,17.280682,17.851009,18.422802,18.995686,19.569299,20.143369,20.717710,21.292240,21.867021,22.442226,23.018139,23.595163,24.173784,24.754534,25.337982,25.924683,26.515138,27.109737,27.708715,28.312078,28.919481,29.530219,30.143140,30.756458,31.367976,31.975204,32.575426,33.166695,
-15.424480,-15.474509,-15.526321,-15.580289,-15.636612,-15.695387,-15.756655,-15.820434,-15.886740,-15.955601,-16.027062,-16.101199,-16.178118,-16.257955,-16.340888,-16.427126,-16.516907,-16.610503,-16.708206,-16.810317,-16.917146,-17.028986,-17.146095,-17.268666,-17.396814,-17.530539,-17.669668,-17.813898,-17.962806,-18.115831,-18.272547,
1166.0,0.633333
1166.000000,1166.633333,1167.266667,1167.900000,1168.533333,1169.166667,1169.800000,1170.433333,1171.066667,1171.700000,1172.333333,1172.966667,1173.600000,1174.233333,1174.866667,1175.500000,1176.133333,1176.766667,1177.400000,1178.033333,1178.666667,1179.300000,1179.933333,1180.566667,1181.200000,1181.833333,1182.466667,1183.100000,1183.733333,1184.366667,1185.000000,
16.582082,17.121148,17.661904,18.204436,18.748580,19.294047,19.840487,20.387545,20.934925,21.482384,22.029756,22.576983,23.124096,23.671215,24.218572,24.766480,25.315319,25.865541,26.417628,26.972054,27.529251,28.089561,28.653172,29.220018,29.789767,30.361756,30.934855,31.507617,32.078372,32.645264,33.206960,
-15.514531,-15.565622,-15.618394,-15.673211,-15.730272,-15.789676,-15.851465,-15.915653,-15.982248,-16.051264,-16.122727,-16.196688,-16.273223,-16.352432,-16.434452,-16.519446,-16.607604,-16.699146,-16.794308,-16.893338,-16.996486,-17.103985,-17.216037,-17.332783,-17.454292,-17.580538,-17.711357,-17.846478,-17.985544,-18.128105,-18.273822,
1167.0,0.600000
1167.000000,1167.600000,1168.200000,1168.800000,1169.400000,1170.000000,1170.600000,1171.200000,1171.800000,1172.400000,1173.000000,1173.600000,1174.200000,1174.800000,1175.400000,1176.000000,1176.600000,1177.200000,1177.800000,1178.400000,1179.000000,1179.600000,1180.200000,1180.800000,1181.400000,1182.000000,1182.600000,1183.200000,1183.800000,1184.400000,1185.000000,
17.581878,18.093663,18.605022,19.115852,19.626094,20.135728,20.644763,21.153244,21.661249,22.168896,22.676345,23.183814,23.691569,24.199931,24.709288,25.220072,25.732753,26.247831,26.765800,27.287116,27.812147,28.341136,28.874138,29.410921,29.950972,30.493452,31.037089,31.580336,32.121486,32.658750,33.190874,
-15.610840,-15.662637,-15.715747,-15.770484,-15.827041,-15.885535,-15.946036,-16.008594,-16.073252,-16.140055,-16.209060,-16.280345,-16.354008,-16.430172,-16.508989,-16.590636,-16.675314,-16.763247,-16.854675,-16.949842,-17.048984,-17.152322,-17.260035,-17.372239,-17.488979,-17.610207,-17.735751,-17.865347,-17.998659,-18.135284,-18.274923,
1168.0,0.566667
1168.000000,1168.566667,1169.133333,1169.700000,1170.266667,1170.833333,1171.400000,1171.966667,1172.533333,1173.100000,1173.666667,1174.233333,1174.800000,1175.366667,1175.933333,1176.500000,1177.066667,1177.633333,1178.200000,1178.766667,1179.333333,1179.900000,1180.466667,1181.033333,1181.600000,1182.166667,1182.733333,1183.300000,1183.866667,1184.433333,1185.000000,
18.580255,19.065820,19.551050,20.035862,20.520212,21.004079,21.487466,21.970399,22.452923,22.935107,23.417043,23.898856,24.380696,24.862745,25.345220,25.828367,26.312453,26.797767,27.284606,27.773253,28.263962,28.756937,29.252303,29.750061,30.250083,30.752085,31.255577,31.759925,32.264399,32.768198,33.270753,
-15.713725,-15.766187,-15.819858,-15.875046,-15.931951,-15.990701,-16.051381,-16.114050,-16.178759,-16.245555,-16.314492,-16.385632,-16.459051,-16.534837,-16.613094,-16.693939,-16.777497,-16.863904,-16.953294,-17.045800,-17.141541,-17.240613,-17.343083,-17.448969,-17.558241,-17.670809,-17.786506,-17.905114,-18.026377,-18.150018,-18.275835,
1169.0,0.533333
1169.000000,1169.533333,1170.066667,1170.600000,1171.133333,1171.666667,1172.200000,1172.733333,1173.266667,1173.800000,1174.333333,1174.866667,1175.400000,1175.933333,1176.466667,1177.000000,1177.533333,1178.066667,1178.600000,1179.133333,1179.666667,1180.200000,1180.733333,1181.266667,1181.800000,1182.333333,1182.866667,1183.400000,1183.933333,1184.466667,1185.000000,
19.078872,19.537774,19.996156,20.453974,20.911272,21.368160,21.824795,22.281369,22.738109,23.195266,23.653112,24.111938,24.572045,25.033738,25.497322,25.963084,26.431289,26.902159,27.375861,27.852489,28.332025,28.814333,29.299127,29.785917,30.274028,30.762584,31.250468,31.736431,32.219184,32.697476,33.170466,
-15.767734,-15.818892,-15.871066,-15.924542,-15.979517,-16.036134,-16.094499,-16.154702,-16.216823,-16.280941,-16.347143,-16.415523,-16.486188,-16.559256,-16.634858,-16.713135,-16.794236,-16.878314,-16.965521,-17.056004,-17.149892,-17.247292,-17.348275,-17.452867,-17.561039,-17.672703,-17.787694,-17.905796,-18.026754,-18.150293,-18.276217,
1170.0,0.500000
1170.000000,1170.500000,1171.000000,1171.500000,1172.000000,1172.500000,1173.000000,1173.500000,1174.000000,1174.500000,1175.000000,1175.500000,1176.000000,1176.500000,1177.000000,1177.500000,1178.000000,1178.500000,1179.000000,1179.500000,1180.000000,1180.500000,1181.000000,1181.500000,1182.000000,1182.500000,1183.000000,1183.500000,1184.000000,1184.500000,1185.000000,
20.074879,20.506793,20.938256,21.369200,21.799625,22.229581,22.659156,23.088466,23.517657,23.946892,24.376357,24.806255,25.236803,25.668230,26.100772,26.534664,26.970131,27.407377,27.846573,28.287841,28.731227,29.176698,29.624113,30.073195,30.523537,30.974599,31.425679,31.875988,32.324707,32.771044,33.214468,
-15.881084,-15.932416,-15.984665,-16.038096,-16.092897,-16.149204,-16.207121,-16.266728,-16.328098,-16.391301,-16.456405,-16.523485,-16.592626,-16.663916,-16.737453,-16.813344,-16.891696,-16.972620,-17.056223,-17.142601,-17.231838,-17.323995,-17.419103,-17.517156,-17.618107,-17.721865,-17.828285,-17.937188,-18.048373,-18.161633,-18.276824,
1171.0,0.466667
1171.000000,1171.466667,1171.933333,1172.400000,1172.866667,1173.333333,1173.800000,1174.266667,1174.733333,1175.200000,1175.666667,1176.133333,1176.600000,1177.066667,1177.533333,1178.000000,1178.466667,1178.933333,1179.400000,1179.866667,1180.333333,1180.800000,1181.266667,1181.733333,1182.200000,1182.666667,1183.133333,1183.600000,1184.066667,1184.533333,1185.000000,
21.069147,21.473801,21.878140,22.282109,22.685695,23.088920,23.491831,23.894494,24.296989,24.699411,25.101865,25.504466,25.907337,26.310604,26.714399,27.118855,27.524098,27.930248,28.337410,28.745667,29.155073,29.565648,29.977365,30.390144,30.803846,31.218281,31.633189,32.048272,32.463219,32.877725,33.291585,
-16.001810,-16.053043,-16.105126,-16.158316,-16.212796,-16.268704,-16.326140,-16.385184,-16.445899,-16.508343,-16.572565,-16.638617,-16.706547,-16.776405,-16.848242,-16.922107,-16.998046,-17.076102,-17.156310,-17.238696,-17.323268,-17.410023,-17.498933,-17.589947,-17.682992,-17.777968,-17.874751,-17.973202,-18.073179,-18.174547,-18.277216,
1172.0,0.433333
1172.000000,1172.433333,1172.866667,1173.300000,1173.733333,1174.166667,1174.600000,1175.033333,1175.466667,1175.900000,1176.333333,1176.766667,1177.200000,1177.633333,1178.066667,1178.500000,1178.933333,1179.366667,1179.800000,1180.233333,1180.666667,1181.100000,1181.533333,1181.966667,1182.400000,1182.833333,1183.266667,1183.700000,1184.133333,1184.566667,1185.000000,
22.061544,22.438646,22.815526,23.192125,23.568411,23.944368,24.319997,24.695309,25.070324,25.445071,25.819587,26.193916,26.568109,26.942225,27.316329,27.690493,28.064795,28.439319,28.814155,29.189393,29.565128,29.941452,30.318454,30.696216,31.074812,31.454301,31.834727,32.216117,32.598483,32.981820,33.366117,
-16.130231,-16.181053,-16.232674,-16.285338,-16.339221,-16.394450,-16.451118,-16.509288,-16.569010,-16.630317,-16.693237,-16.757788,-16.823985,-16.891838,-16.961352,-17.032530,-17.105368,-17.179856,-17.255978,-17.333708,-17.413011,-17.493840,-17.576139,-17.659836,-17.744852,-17.831095,-17.918468,-18.006869,-18.096205,-18.186394,-18.277385,
1173.0,0.400000
1173.000000,1173.400000,1173.800000,1174.200000,1174.600000,1175.000000,1175.400000,1175.800000,1176.200000,1176.600000,1177.000000,1177.400000,1177.800000,1178.200000,1178.600000,1179.000000,1179.400000,1179.800000,1180.200000,1180.600000,1181.000000,1181.400000,1181.800000,1182.200000,1182.600000,1183.000000,1183.400000,1183.800000,1184.200000,1184.600000,1185.000000,
22.557002,22.906429,23.255671,23.604732,23.953657,24.302523,24.651430,25.000494,25.349841,25.699604,26.049916,26.400909,26.752706,27.105422,27.459156,27.813986,28.169967,28.527121,28.885436,29.244859,29.605287,29.966568,30.328497,30.690808,31.053182,31.415256,31.776624,32.136865,32.495578,32.852414,33.207149,
-16.197427,-16.245914,-16.295017,-16.344943,-16.395858,-16.447896,-16.501165,-16.555758,-16.611753,-16.669221,-16.728227,-16.788829,-16.851084,-16.915044,-16.980758,-17.048271,-17.117623,-17.188846,-17.261964,-17.336991,-17.413927,-17.492760,-17.573459,-17.655975,-17.740244,-17.826184,-17.913694,-18.002669,-18.093001,-18.184594,-18.277385,
1174.0,0.366667
1174.000000,1174.366667,1174.733333,1175.100000,1175.466667,1175.833333,1176.200000,1176.566667,1176.933333,1177.300000,1177.666667,1178.033333,1178.400000,1178.766667,1179.133333,1179.500000,1179.866667,1180.233333,1180.600000,1180.966667,1181.333333,1181.700000,1182.066667,1182.433333,1182.800000,1183.166667,1183.533333,1183.900000,1184.266667,1184.633333,1185.000000,
23.546354,23.867669,24.188890,24.510018,24.831073,25.152096,25.473136,25.794252,26.115508,26.436971,26.758708,27.080786,27.403266,27.726206,28.049654,28.373650,28.698219,29.023373,29.349109,29.675402,30.002206,30.329455,30.657058,30.984900,31.312843,31.640732,31.968394,32.295654,32.622345,32.948322,33.273497,
-16.337989,-16.385382,-16.433351,-16.482092,-16.531756,-16.582462,-16.634300,-16.687345,-16.741653,-16.797270,-16.854233,-16.912572,-16.972310,-17.033465,-17.096049,-17.160071,-17.225531,-17.292428,-17.360749,-17.430477,-17.501585,-17.574040,-17.647798,-17.722805,-17.799001,-17.876318,-17.954680,-18.034015,-18.114251,-18.195328,-18.277209,
1175.0,0.333333
1175.000000,1175.333333,1175.666667,1176.000000,1176.333333,1176.666667,1177.000000,1177.333333,1177.666667,1178.000000,1178.333333,1178.666667,1179.000000,1179.333333,1179.666667,1180.000000,1180.333333,1180.666667,1181.000000,1181.333333,1181.666667,1182.000000,1182.333333,1182.666667,1183.000000,1183.333333,1183.666667,1184.000000,1184.333333,1184.666667,1185.000000,
24.533515,24.826355,25.119099,25.411729,25.704239,25.996634,26.288930,26.581145,26.873305,27.165440,27.457579,27.749756,28.042002,28.334351,28.626834,28.919480,29.212316,29.505365,29.798647,30.092178,30.385965,30.680013,30.974318,31.268871,31.563656,31.858651,32.153827,32.449154,32.744602,33.040142,33.335757,
-16.487045,-16.532905,-16.579286,-16.626362,-16.674267,-16.723099,-16.772933,-16.823821,-16.875802,-16.928898,-16.983124,-17.038485,-17.094979,-17.152600,-17.211334,-17.271165,-17.332070,-17.394025,-17.456999,-17.520959,-17.585866,-17.651679,-17.718353,-17.785839,-17.854086,-17.923042,-17.992655,-18.062877,-18.133663,-18.204978,-18.276801,
1176.0,0.300000
1176.000000,1176.300000,1176.600000,1176.900000,1177.200000,1177.500000,1177.800000,1178.100000,1178.400000,1178.700000,1179.000000,1179.300000,1179.600000,1179.900000,1180.200000,1180.500000,1180.800000,1181.100000,1181.400000,1181.700000,1182.000000,1182.300000,1182.600000,1182.900000,1183.200000,1183.500000,1183.800000,1184.100000,1184.400000,1184.700000,1185.000000,
25.518355,25.782390,26.046253,26.309892,26.573272,26.836373,27.099185,27.361710,27.623956,27.885939,28.147679,28.409203,28.670541,28.931730,29.192806,29.453813,29.714795,29.975799,30.236878,30.498082,30.759468,31.021091,31.283008,31.545276,31.807951,32.071086,32.334732,32.598934,32.863729,33.129147,33.395202,
-16.644914,-16.688762,-16.733047,-16.777915,-16.823477,-16.869811,-16.916975,-16.965005,-17.013923,-17.063739,-17.114451,-17.166051,-17.218523,-17.271846,-17.325994,-17.380939,-17.436650,-17.493091,-17.550226,-17.608018,-17.666427,-17.725414,-17.784939,-17.844962,-17.905445,-17.966350,-18.027643,-18.089293,-18.151274,-18.213567,-18.276160,
1177.0,0.266667
1177.000000,1177.266667,1177.533333,1177.800000,1178.066667,1178.333333,1178.600000,1178.866667,1179.133333,1179.400000,1179.666667,1179.933333,1180.200000,1180.466667,1180.733333,1181.000000,1181.266667,1181.533333,1181.800000,1182.066667,1182.333333,1182.600000,1182.866667,1183.133333,1183.400000,1183.666667,1183.933333,1184.200000,1184.466667,1184.733333,1185.000000,
26.500747,26.735723,26.970419,27.204746,27.438640,27.672061,27.904987,28.137411,28.369339,28.600791,28.831795,29.062387,29.292614,29.522528,29.752188,29.981658,30.211010,30.440319,30.669666,30.899135,31.128814,31.358795,31.589169,31.820030,32.051470,32.283579,32.516441,32.750131,32.984716,33.220242,33.456738,
-16.811916,-16.853241,-16.894895,-16.936987,-16.979601,-17.022795,-17.066610,-17.111072,-17.156193,-17.201975,-17.248411,-17.295489,-17.343189,-17.391488,-17.440360,-17.489775,-17.539703,-17.590112,-17.640968,-17.692238,-17.743890,-17.795892,-17.848213,-17.900823,-17.953696,-18.006806,-18.060132,-18.113656,-18.167363,-18.221242,-18.275289,
1178.0,0.233333
1178.000000,1178.233333,1178.466667,1178.700000,1178.933333,1179.166667,1179.400000,1179.633333,1179.866667,1180.100000,1180.333333,1180.566667,1180.800000,1181.033333,1181.266667,1181.500000,1181.733333,1181.966667,1182.200000,1182.433333,1182.666667,1182.900000,1183.133333,1183.366667,1183.600000,1183.833333,1184.066667,1184.300000,1184.533333,1184.766667,1185.000000,
26.990984,27.197219,27.403610,27.610212,27.817063,28.024193,28.231619,28.439350,28.647389,28.855731,29.064365,29.273276,29.482441,29.691837,29.901433,30.111196,30.321091,30.531077,30.741111,30.951147,31.161139,31.371036,31.580788,31.790343,31.999650,32.208659,32.417323,32.625600,32.833453,33.040855,33.247791,
-16.898941,-16.936223,-16.973802,-17.011783,-17.050256,-17.089288,-17.128934,-17.169233,-17.210217,-17.251905,-17.294309,-17.337436,-17.381285,-17.425850,-17.471123,-17.517089,-17.563733,-17.611035,-17.658975,-17.707528,-17.756669,-17.806373,-17.856612,-17.907360,-17.958589,-18.010274,-18.062389,-18.114912,-18.167825,-18.221113,-18.274768,
1179.0,0.200000
1179.000000,1179.200000,1179.400000,1179.600000,1179.800000,1180.000000,1180.200000,1180.400000,1180.600000,1180.800000,1181.000000,1181.200000,1181.400000,1181.600000,1181.800000,1182.000000,1182.200000,1182.400000,1182.600000,1182.800000,1183.000000,1183.200000,1183.400000,1183.600000,1183.800000,1184.000000,1184.200000,1184.400000,1184.600000,1184.800000,1185.000000,
27.969460,28.146320,28.323228,28.500200,28.677250,28.854386,29.031614,29.208938,29.386359,29.563876,29.741485,29.919183,30.096964,30.274819,30.452740,30.630718,30.808743,30.986802,31.164883,31.342975,31.521063,31.699135,31.877176,32.055174,32.233114,32.410984,32.588773,32.766469,32.944064,33.121552,33.298927,
-17.080240,-17.114049,-17.148062,-17.182352,-17.216982,-17.252002,-17.287449,-17.323354,-17.359738,-17.396614,-17.433994,-17.471878,-17.510268,-17.549159,-17.588542,-17.628409,-17.668745,-17.709536,-17.750768,-17.792422,-17.834481,-17.876926,-17.919740,-17.962904,-18.006401,-18.050214,-18.094327,-18.138728,-18.183406,-18.228351,-18.273561,
1186.0,0.766667
1186.000000,1186.766667,1187.533333,1188.300000,1189.066667,1189.833333,1190.600000,1191.366667,1192.133333,1192.900000,1193.666667,1194.433333,1195.200000,1195.966667,1196.733333,1197.500000,1198.266667,1199.033333,1199.800000,1200.566667,1201.333333,1202.100000,1202.866667,1203.633333,1204.400000,1205.166667,1205.933333,1206.700000,1207.466667,1208.233333,1209.000000,
34.256255,34.935547,35.613763,36.290826,36.966780,37.641713,38.315711,38.988809,39.660936,40.331941,41.001608,41.669641,42.335722,42.999564,43.660962,44.319806,44.976103,45.630043,46.281954,46.932281,47.581616,48.230591,48.879793,49.529660,50.180378,50.831715,51.482725,52.131906,52.777202,53.415836,54.045655,
-18.515028,-18.701416,-18.893079,-19.091113,-19.296133,-19.508476,-19.728321,-19.955745,-20.190767,-20.433370,-20.683518,-20.941171,-21.206297,-21.478902,-21.759059,-22.046909,-22.342688,-22.646769,-22.959636,-23.281892,-23.614291,-23.957667,-24.312880,-24.680771,-25.062059,-25.457203,-25.866184,-26.288567,-26.723426,-27.169140,-27.624367,
1187.0,0.733333
1187.000000,1187.733333,1188.466667,1189.200000,1189.933333,1190.666667,1191.400000,1192.133333,1192.866667,1193.600000,1194.333333,1195.066667,1195.800000,1196.533333,1197.266667,1198.000000,1198.733333,1199.466667,1200.200000,1200.933333,1201.666667,1202.400000,1203.133333,1203.866667,1204.600000,1205.333333,1206.066667,1206.800000,1207.533333,1208.266667,1209.000000,
35.210809,35.860313,36.508308,37.154424,37.798419,38.440128,39.079439,39.716280,40.350615,40.982445,41.611810,42.238813,42.863605,43.486399,44.107489,44.727221,45.345993,45.964245,46.582444,47.201062,47.820557,48.441330,49.063659,49.687609,50.312963,50.939099,51.564740,52.188124,52.807048,53.418790,54.021299,
-18.778596,-18.965710,-19.157603,-19.355205,-19.558981,-19.769132,-19.985718,-20.208724,-20.438128,-20.673916,-20.916101,-21.164752,-21.419991,-21.682001,-21.951052,-22.227483,-22.511707,-22.804230,-23.105633,-23.416563,-23.737752,-24.069962,-24.413946,-24.770398,-25.139880,-25.522699,-25.918728,-26.327464,-26.747990,-27.178823,-27.618760,
1188.0,0.700000
1188.000000,1188.700000,1189.400000,1190.100000,1190.800000,1191.500000,1192.200000,1192.900000,1193.600000,1194.300000,1195.000000,1195.700000,1196.400000,1197.100000,1197.800000,1198.500000,1199.200000,1199.900000,1200.600000,1201.300000,1202.000000,1202.700000,1203.400000,1204.100000,1204.800000,1205.500000,1206.200000,1206.900000,1207.600000,1208.300000,1209.000000,
36.161625,36.781624,37.400246,38.017119,38.631979,39.244626,39.854901,40.462673,41.067834,41.670299,42.270013,42.866966,43.461194,44.052796,44.641961,45.228962,45.814158,46.398027,46.981127,47.564067,48.147502,48.732053,49.318227,49.906300,50.496266,51.087704,51.679556,52.270298,52.858012,53.440345,54.015540,
-19.054490,-19.241894,-19.433767,-19.630994,-19.834013,-20.043003,-20.257991,-20.478929,-20.705743,-20.938360,-21.176727,-21.420839,-21.670739,-21.926533,-22.188419,-22.456676,-22.731677,-23.013919,-23.303998,-23.602595,-23.910492,-24.228507,-24.557440,-24.898008,-25.250778,-25.616054,-25.993706,-26.383245,-26.783816,-27.194094,-27.613017,
1189.0,0.666667
1189.000000,1189.666667,1190.333333,1191.000000,1191.666667,1192.333333,1193.000000,1193.666667,1194.333333,1195.000000,1195.666667,1196.333333,1197.000000,1197.666667,1198.333333,1199.000000,1199.666667,1200.333333,1201.000000,1201.666667,1202.333333,1203.000000,1203.666667,1204.333333,1205.000000,1205.666667,1206.333333,1207.000000,1207.666667,1208.333333,1209.000000,
37.108575,37.699014,38.288105,38.875494,39.460934,40.044246,40.625297,41.203980,41.780212,42.353930,42.925095,43.493696,44.059758,44.623347,45.184590,45.743667,46.300818,46.856363,47.410674,47.964164,48.517279,49.070461,49.624089,50.178427,50.733582,51.289435,51.845515,52.401091,52.955205,53.506652,54.054525,
-19.343031,-19.530108,-19.721250,-19.917299,-20.118694,-20.325633,-20.538168,-20.756282,-20.979930,-21.209067,-21.443664,-21.683735,-21.929335,-22.180569,-22.437611,-22.700695,-22.970119,-23.246255,-23.529533,-23.820422,-24.119428,-24.427057,-24.743767,-25.069920,-25.405744,-25.751273,-26.106231,-26.470108,-26.842177,-27.221463,-27.607218,
1190.0,0.633333
1190.000000,1190.633333,1191.266667,1191.900000,1192.533333,1193.166667,1193.800000,1194.433333,1195.066667,1195.700000,1196.333333,1196.966667,1197.600000,1198.233333,1198.866667,1199.500000,1200.133333,1200.766667,1201.400000,1202.033333,1202.666667,1203.300000,1203.933333,1204.566667,1205.200000,1205.833333,1206.466667,1207.100000,1207.733333,1208.366667,1209.000000,
37.580561,38.142917,38.704283,39.264466,39.823375,40.380978,40.937272,41.492266,42.045959,42.598344,43.149414,43.699168,44.247618,44.794806,45.340829,45.885828,46.429990,46.973560,47.516810,48.060012,48.603414,49.147199,49.691422,50.235937,50.780372,51.324077,51.866002,52.404831,52.939056,53.467019,53.987532,
-19.492144,-19.674439,-19.860493,-20.051155,-20.246916,-20.448039,-20.654646,-20.866782,-21.084452,-21.307647,-21.536362,-21.770623,-22.010485,-22.256056,-22.507508,-22.765079,-23.029069,-23.299860,-23.577890,-23.863642,-24.157632,-24.460374,-24.772335,-25.093883,-25.425253,-25.766488,-26.117335,-26.477311,-26.845722,-27.221632,-27.604325,
1191.0,0.600000
1191.000000,1191.600000,1192.200000,1192.800000,1193.400000,1194.000000,1194.600000,1195.200000,1195.800000,1196.400000,1197.000000,1197.600000,1198.200000,1198.800000,1199.400000,1200.000000,1200.600000,1201.200000,1201.800000,1202.400000,1203.000000,1203.600000,1204.200000,1204.800000,1205.400000,1206.000000,1206.600000,1207.200000,1207.800000,1208.400000,1209.000000,
38.521471,39.054061,39.585212,40.114589,40.642007,41.167380,41.690694,42.211985,42.731335,43.248864,43.764724,44.279108,44.792241,45.304376,45.815798,46.326808,46.837711,47.348803,47.860352,48.372576,48.885612,49.399497,49.914133,50.429226,50.944291,51.458617,51.971194,52.480825,52.986200,53.485953,53.979132,
-19.800253,-19.981042,-20.164996,-20.352844,-20.545008,-20.741717,-20.943088,-21.149175,-21.360016,-21.575651,-21.796143,-22.021596,-22.252156,-22.488019,-22.729439,-22.976718,-23.230201,-23.490280,-23.757369,-24.031892,-24.314269,-24.604888,-24.904072,-25.212040,-25.528886,-25.854537,-26.188685,-26.530843,-26.880374,-27.236491,-27.598608,
1192.0,0.566667
1192.000000,1192.566667,1193.133333,1193.700000,1194.266667,1194.833333,1195.400000,1195.966667,1196.533333,1197.100000,1197.666667,1198.233333,1198.800000,1199.366667,1199.933333,1200.500000,1201.066667,1201.633333,1202.200000,1202.766667,1203.333333,1203.900000,1204.466667,1205.033333,1205.600000,1206.166667,1206.733333,1207.300000,1207.866667,1208.433333,1209.000000,
39.458193,39.961295,40.463084,40.963232,41.461539,41.957894,42.452249,42.944602,43.434988,43.923474,44.410155,44.895159,45.378642,45.860785,46.341806,46.821942,47.301448,47.780591,48.259633,48.738811,49.218314,49.698262,50.178673,50.659414,51.140199,51.620563,52.099805,52.577073,53.051425,53.521866,53.987702,
-20.121806,-20.300560,-20.482136,-20.667208,-20.856177,-21.049266,-21.246592,-21.448208,-21.654145,-21.864430,-22.079106,-22.298245,-22.521958,-22.750391,-22.983745,-23.222264,-23.466230,-23.715968,-23.971827,-24.234166,-24.503338,-24.779668,-25.063423,-25.354774,-25.653781,-25.960365,-26.274250,-26.595020,-26.922142,-27.254980,-27.593067,
1193.0,0.533333
1193.000000,1193.533333,1194.066667,1194.600000,1195.133333,1195.666667,1196.200000,1196.733333,1197.266667,1197.800000,1198.333333,1198.866667,1199.400000,1199.933333,1200.466667,1201.000000,1201.533333,1202.066667,1202.600000,1203.133333,1203.666667,1204.200000,1204.733333,1205.266667,1205.800000,1206.333333,1206.866667,1207.400000,1207.933333,1208.466667,1209.000000,
40.390598,40.864127,41.336464,41.807306,42.276465,42.743836,43.209370,43.673058,44.134927,44.595024,45.053418,45.510201,45.965478,46.419375,46.872033,47.323606,47.774258,48.224159,48.673477,49.122365,49.570953,50.019334,50.467546,50.915552,51.363232,51.810376,52.256653,52.701652,53.144916,53.585960,54.024445,
-20.457124,-20.633120,-20.811600,-20.993198,-21.178314,-21.367192,-21.559977,-21.756752,-21.957575,-22.162489,-22.371540,-22.584793,-22.802330,-23.024254,-23.250698,-23.481815,-23.717778,-23.958775,-24.204999,-24.456636,-24.713854,-24.976788,-25.245524,-25.520075,-25.800375,-26.086267,-26.377474,-26.673642,-26.974361,-27.279188,-27.587812,
1194.0,0.500000
1194.000000,1194.500000,1195.000000,1195.500000,1196.000000,1196.500000,1197.000000,1197.500000,1198.000000,1198.500000,1199.000000,1199.500000,1200.000000,1200.500000,1201.000000,1201.500000,1202.000000,1202.500000,1203.000000,1203.500000,1204.000000,1204.500000,1205.000000,1205.500000,1206.000000,1206.500000,1207.000000,1207.500000,1208.000000,1208.500000,1209.000000,
41.318557,41.762438,42.205267,42.646762,43.086740,43.525090,43.961750,44.396693,44.829922,45.261455,45.691329,46.119594,46.546313,46.971557,47.395413,47.817974,48.239342,48.659628,49.078947,49.497412,49.915135,50.332215,50.748736,51.164754,51.580294,51.995346,52.409848,52.823703,53.236785,53.648943,54.060066,
-20.806525,-20.979030,-21.153732,-21.331227,-21.511905,-21.696017,-21.883723,-22.075120,-22.270273,-22.469226,-22.672016,-22.878680,-23.089263,-23.303816,-23.522399,-23.745080,-23.971928,-24.203016,-24.438408,-24.678154,-24.922285,-25.170802,-25.423670,-25.680801,-25.942063,-26.207268,-26.476166,-26.748473,-27.023888,-27.302115,-27.582956,
1195.0,0.466667
1195.000000,1195.466667,1195.933333,1196.400000,1196.866667,1197.333333,1197.800000,1198.266667,1198.733333,1199.200000,1199.666667,1200.133333,1200.600000,1201.066667,1201.533333,1202.000000,1202.466667,1202.933333,1203.400000,1203.866667,1204.333333,1204.800000,1205.266667,1205.733333,1206.200000,1206.666667,1207.133333,1207.600000,1208.066667,1208.533333,1209.000000,
42.241943,42.656042,43.069223,43.481221,43.891853,44.300994,44.708565,45.114516,45.518819,45.921464,46.322456,46.721810,47.119551,47.515717,47.910355,48.303521,48.695287,49.085733,49.474953,49.863054,50.250151,50.636372,51.021850,51.406722,51.791125,52.175190,52.559036,52.942767,53.326464,53.710176,54.093928,
-21.170330,-21.338539,-21.508707,-21.681387,-21.856950,-22.035640,-22.217615,-22.402970,-22.591761,-22.784016,-22.979750,-23.178965,-23.381662,-23.587835,-23.797480,-24.010586,-24.227141,-24.447122,-24.670500,-24.897230,-25.127248,-25.360473,-25.596798,-25.836088,-26.078184,-26.322903,-26.570037,-26.819370,-27.070691,-27.323816,-27.578626,
1196.0,0.433333
1196.000000,1196.433333,1196.866667,1197.300000,1197.733333,1198.166667,1198.600000,1199.033333,1199.466667,1199.900000,1200.333333,1200.766667,1201.200000,1201.633333,1202.066667,1202.500000,1202.933333,1203.366667,1203.800000,1204.233333,1204.666667,1205.100000,1205.533333,1205.966667,1206.400000,1206.833333,1207.266667,1207.700000,1208.133333,1208.566667,1209.000000,
43.160624,43.544780,43.928121,44.310396,44.691419,45.071053,45.449200,45.825788,46.200767,46.574104,46.945779,47.315784,47.684125,48.050816,48.415888,48.779384,49.141363,49.501900,49.861092,50.219050,50.575913,50.931837,51.286998,51.641591,51.995829,52.349930,52.704117,53.058606,53.413589,53.769219,54.125588,
-21.548856,-21.711898,-21.876690,-22.043737,-22.213384,-22.385856,-22.561294,-22.739778,-22.921342,-23.105992,-23.293710,-23.484461,-23.678202,-23.874877,-24.074425,-24.276777,-24.481856,-24.689578,-24.899847,-25.112561,-25.327605,-25.544853,-25.764168,-25.985403,-26.208402,-26.433007,-26.659057,-26.886398,-27.114893,-27.344433,-27.574953,
1197.0,0.400000
1197.000000,1197.400000,1197.800000,1198.200000,1198.600000,1199.000000,1199.400000,1199.800000,1200.200000,1200.600000,1201.000000,1201.400000,1201.800000,1202.200000,1202.600000,1203.000000,1203.400000,1203.800000,1204.200000,1204.600000,1205.000000,1205.400000,1205.800000,1206.200000,1206.600000,1207.000000,1207.400000,1207.800000,1208.200000,1208.600000,1209.000000,
44.074474,44.428308,44.780956,45.132093,45.481512,45.829096,46.174791,46.518593,46.860531,47.200657,47.539043,47.875773,48.210938,48.544638,48.876980,49.208073,49.538037,49.866994,50.195075,50.522416,50.849162,51.175463,51.501476,51.827359,52.153276,52.479384,52.805837,53.132774,53.460313,53.788546,54.117522,
-21.942425,-22.099204,-22.257239,-22.416921,-22.578538,-22.742297,-22.908344,-23.076779,-23.247668,-23.421052,-23.596949,-23.775363,-23.956285,-24.139692,-24.325554,-24.513830,-24.704472,-24.897420,-25.092605,-25.289949,-25.489362,-25.690745,-25.893988,-26.098972,-26.305571,-26.513655,-26.723092,-26.933754,-27.145528,-27.358321,-27.572081,
1198.0,0.366667
1198.000000,1198.366667,1198.733333,1199.100000,1199.466667,1199.833333,1200.200000,1200.566667,1200.933333,1201.300000,1201.666667,1202.033333,1202.400000,1202.766667,1203.133333,1203.500000,1203.866667,1204.233333,1204.600000,1204.966667,1205.333333,1205.700000,1206.066667,1206.433333,1206.800000,1207.166667,1207.533333,1207.900000,1208.266667,1208.633333,1209.000000,
44.983363,45.307145,45.629899,45.951318,46.271193,46.589391,46.905832,47.220483,47.533342,47.844432,48.153799,48.461500,48.767610,49.072212,49.375404,49.677289,49.977986,50.277624,50.576341,50.874289,51.171634,51.468552,51.765230,52.061865,52.358659,52.655817,52.953540,53.252017,53.551415,53.851863,54.153438,
-22.351355,-22.501128,-22.652016,-22.804366,-22.958425,-23.114364,-23.272297,-23.432288,-23.594369,-23.758542,-23.924789,-24.093074,-24.263345,-24.435542,-24.609593,-24.785419,-24.962935,-25.142048,-25.322661,-25.504674,-25.687981,-25.872477,-26.058056,-26.244610,-26.432036,-26.620237,-26.809123,-26.998613,-27.188644,-27.379167,-27.570158,
1199.0,0.333333
1199.000000,1199.333333,1199.666667,1200.000000,1200.333333,1200.666667,1201.000000,1201.333333,1201.666667,1202.000000,1202.333333,1202.666667,1203.000000,1203.333333,1203.666667,1204.000000,1204.333333,1204.666667,1205.000000,1205.333333,1205.666667,1206.000000,1206.333333,1206.666667,1207.000000,1207.333333,1207.666667,1208.000000,1208.333333,1208.666667,1209.000000,
45.887163,46.180783,46.473471,46.764934,47.054965,47.343422,47.630215,47.915296,48.198651,48.480294,48.760258,49.038597,49.315381,49.590694,49.864635,50.137314,50.408856,50.679397,50.949088,51.218093,51.486587,51.754759,52.022807,52.290940,52.559368,52.828306,53.097963,53.368533,53.640185,53.913055,54.187218,
-22.775965,-22.917683,-23.060337,-23.204215,-23.349520,-23.496387,-23.644897,-23.795089,-23.946966,-24.100507,-24.255671,-24.412397,-24.570614,-24.730241,-24.891188,-25.053361,-25.216661,-25.380987,-25.546238,-25.712312,-25.879111,-26.046538,-26.214502,-26.382919,-26.551712,-26.720812,-26.890163,-27.059719,-27.229446,-27.399325,-27.569346,
1200.0,0.300000
1200.000000,1200.300000,1200.600000,1200.900000,1201.200000,1201.500000,1201.800000,1202.100000,1202.400000,1202.700000,1203.000000,1203.300000,1203.600000,1203.900000,1204.200000,1204.500000,1204.800000,1205.100000,1205.400000,1205.700000,1206.000000,1206.300000,1206.600000,1206.900000,1207.200000,1207.500000,1207.800000,1208.100000,1208.400000,1208.700000,1209.000000,
46.337114,46.601937,46.866431,47.130487,47.394028,47.656996,47.919353,48.181074,48.442146,48.702564,48.962328,49.221444,49.479920,49.737766,49.994991,50.251605,50.507616,50.763029,51.017847,51.272071,51.525697,51.778717,52.031119,52.282889,52.534008,52.784455,53.034204,53.283233,53.531518,53.779040,54.025787,
-22.994250,-23.124644,-23.255853,-23.388159,-23.521778,-23.656876,-23.793578,-23.931975,-24.072129,-24.214083,-24.357860,-24.503468,-24.650904,-24.800155,-24.951196,-25.103997,-25.258520,-25.414722,-25.572551,-25.731952,-25.892862,-26.055217,-26.218946,-26.383974,-26.550225,-26.717623,-26.886091,-27.055559,-27.225964,-27.397256,-27.569408,
1201.0,0.266667
1201.000000,1201.266667,1201.533333,1201.800000,1202.066667,1202.333333,1202.600000,1202.866667,1203.133333,1203.400000,1203.666667,1203.933333,1204.200000,1204.466667,1204.733333,1205.000000,1205.266667,1205.533333,1205.800000,1206.066667,1206.333333,1206.600000,1206.866667,1207.133333,1207.400000,1207.666667,1207.933333,1208.200000,1208.466667,1208.733333,1209.000000,
47.233037,47.467591,47.701874,47.935794,48.169278,48.402271,48.634733,48.866635,49.097957,49.328688,49.558821,49.788357,50.017297,50.245647,50.473414,50.700607,50.927235,51.153308,51.378834,51.603823,51.828282,52.052218,52.275636,52.498541,52.720936,52.942821,53.164197,53.385063,53.605416,53.825257,54.044581,
-23.442981,-23.563395,-23.684454,-23.806382,-23.929356,-24.053510,-24.178944,-24.305731,-24.433919,-24.563538,-24.694600,-24.827107,-24.961047,-25.096399,-25.233137,-25.371223,-25.510620,-25.651282,-25.793159,-25.936201,-26.080351,-26.225554,-26.371752,-26.518885,-26.666896,-26.815728,-26.965329,-27.115650,-27.266651,-27.418299,-27.570579,
1202.0,0.233333
1202.000000,1202.233333,1202.466667,1202.700000,1202.933333,1203.166667,1203.400000,1203.633333,1203.866667,1204.100000,1204.333333,1204.566667,1204.800000,1205.033333,1205.266667,1205.500000,1205.733333,1205.966667,1206.200000,1206.433333,1206.666667,1206.900000,1207.133333,1207.366667,1207.600000,1207.833333,1208.066667,1208.300000,1208.533333,1208.766667,1209.000000,
48.123549,48.327848,48.531926,48.735703,48.939116,49.142114,49.344660,49.546726,49.748293,49.949346,50.149880,50.349891,50.549382,50.748356,50.946822,51.144788,51.342266,51.539268,51.735806,51.931893,52.127545,52.322773,52.517591,52.712011,52.906047,53.099707,53.293002,53.485940,53.678528,53.870769,54.062667,
-23.908190,-24.017494,-24.127272,-24.237692,-24.348891,-24.460971,-24.574012,-24.688071,-24.803188,-24.919385,-25.036675,-25.155056,-25.274520,-25.395049,-25.516621,-25.639207,-25.762773,-25.887285,-26.012701,-26.138982,-26.266084,-26.393963,-26.522578,-26.651884,-26.781839,-26.912405,-27.043546,-27.175228,-27.307426,-27.440119,-27.573298,
1203.0,0.200000
1203.000000,1203.200000,1203.400000,1203.600000,1203.800000,1204.000000,1204.200000,1204.400000,1204.600000,1204.800000,1205.000000,1205.200000,1205.400000,1205.600000,1205.800000,1206.000000,1206.200000,1206.400000,1206.600000,1206.800000,1207.000000,1207.200000,1207.400000,1207.600000,1207.800000,1208.000000,1208.200000,1208.400000,1208.600000,1208.800000,1209.000000,
49.008520,49.182654,49.356615,49.530341,49.703779,49.876888,50.049637,50.222000,50.393960,50.565505,50.736629,50.907328,51.077604,51.247461,51.416905,51.585945,51.754592,51.922857,52.090754,52.258295,52.425496,52.592369,52.758930,52.925192,53.091169,53.256872,53.422312,53.587500,53.752443,53.917147,54.081615,
-24.390199,-24.487251,-24.584623,-24.682434,-24.780780,-24.879738,-24.979366,-25.079709,-25.180799,-25.282657,-25.385293,-25.488712,-25.592910,-25.697877,-25.803599,-25.910058,-26.017233,-26.125098,-26.233628,-26.342795,-26.452569,-26.562921,-26.673822,-26.785244,-26.897159,-27.009540,-27.122366,-27.235614,-27.349269,-27.463319,-27.577756,
