170.0,2.966667
170.000000,172.966667,175.933333,178.900000,181.866667,184.833333,187.800000,190.766667,193.733333,196.700000,199.666667,202.633333,205.600000,208.566667,211.533333,214.500000,217.466667,220.433333,223.400000,226.366667,229.333333,232.300000,235.266667,238.233333,241.200000,244.166667,247.133333,250.100000,253.066667,256.033333,259.000000,
-17.335318,-15.797692,-14.118714,-12.297907,-10.339319,-8.258731,-6.073722,-3.801656,-1.456707,0.947372,3.396340,5.872410,8.357542,10.835621,13.303109,15.758869,18.204545,20.657189,23.135897,25.657427,28.221555,30.824870,33.460567,36.103289,38.725247,41.301624,43.829075,46.309228,48.754072,51.236937,53.829533,
-13.872719,-13.967766,-14.062294,-14.153379,-14.238508,-14.318401,-14.394342,-14.467988,-14.542820,-14.622626,-14.711304,-14.813177,-14.932630,-15.074036,-15.241635,-15.439720,-15.673078,-15.949589,-16.277700,-16.666366,-17.127264,-17.672216,-18.311292,-19.043177,-19.865400,-20.779477,-21.813592,-22.998500,-24.354735,-25.834857,-27.388648,
171.0,2.933333
171.000000,173.933333,176.866667,179.800000,182.733333,185.666667,188.600000,191.533333,194.466667,197.400000,200.333333,203.266667,206.200000,209.133333,212.066667,215.000000,217.933333,220.866667,223.800000,226.733333,229.666667,232.600000,235.533333,238.466667,241.400000,244.333333,247.266667,250.200000,253.133333,256.066667,259.000000,
-16.850003,-15.307879,-13.627463,-11.808359,-9.854670,-7.781779,-5.606822,-3.346733,-1.015395,1.373714,3.806637,6.265984,8.734122,11.195320,13.646073,16.085250,18.514476,20.950340,23.411441,25.914064,28.457914,31.039539,33.652177,36.271359,38.870232,41.424620,43.929596,46.385034,48.801795,51.255206,53.819102,
-13.904647,-13.996487,-14.087713,-14.175632,-14.257964,-14.335557,-14.409812,-14.482494,-14.557085,-14.637359,-14.727195,-14.830832,-14.952567,-15.096685,-15.267339,-15.468740,-15.705597,-15.985694,-16.317378,-16.709489,-17.173384,-17.720550,-18.360762,-19.092885,-19.914658,-20.827631,-21.858505,-23.036394,-24.380466,-25.844804,-27.380862,
172.0,2.900000
172.000000,174.900000,177.800000,180.700000,183.600000,186.500000,189.400000,192.300000,195.200000,198.100000,201.000000,203.900000,206.800000,209.700000,212.600000,215.500000,218.400000,221.300000,224.200000,227.100000,230.000000,232.900000,235.800000,238.700000,241.600000,244.500000,247.400000,250.300000,253.200000,256.100000,259.000000,
-16.363933,-14.821063,-13.142930,-11.329216,-9.384077,-7.322498,-5.161181,-2.916633,-0.602451,1.768160,4.181525,6.620647,9.068297,11.509125,13.939673,16.358835,18.768220,21.183921,23.624003,26.104299,28.624812,31.182418,33.770454,36.363387,38.933304,41.456369,43.936442,46.382841,48.811078,51.269621,53.804786,
-13.935464,-14.024021,-14.111929,-14.196721,-14.276339,-14.351735,-14.424404,-14.496186,-14.570544,-14.651215,-14.742031,-14.847131,-14.970702,-15.116920,-15.289840,-15.493576,-15.732740,-16.014963,-16.348439,-16.741848,-17.206319,-17.753087,-18.391615,-19.120246,-19.936208,-20.840924,-21.862972,-23.033626,-24.373741,-25.836819,-27.373469,
173.0,2.866667
173.000000,175.866667,178.733333,181.600000,184.466667,187.333333,190.200000,193.066667,195.933333,198.800000,201.666667,204.533333,207.400000,210.266667,213.133333,216.000000,218.866667,221.733333,224.600000,227.466667,230.333333,233.200000,236.066667,238.933333,241.800000,244.666667,247.533333,250.400000,253.266667,256.133333,259.000000,
-15.877122,-14.337573,-12.665750,-10.861386,-8.928686,-6.882363,-4.738803,-2.514090,-0.220797,2.128883,4.521580,6.936337,9.351839,11.752168,14.154710,16.581938,19.054048,21.572278,24.134225,26.734205,29.350140,31.957862,34.536838,37.090822,39.626265,42.141809,44.585697,46.903843,49.078358,51.314787,53.821189,
-13.965210,-14.050411,-14.134987,-14.216692,-14.293678,-14.366962,-14.438089,-14.508952,-14.583057,-14.664174,-14.756068,-14.862224,-14.986147,-15.131746,-15.305371,-15.513824,-15.764238,-16.065298,-16.425857,-16.854241,-17.355384,-17.933662,-18.593417,-19.339346,-20.176329,-21.110024,-22.150635,-23.308089,-24.586072,-25.950423,-27.366461,
174.0,2.833333
174.000000,176.833333,179.666667,182.500000,185.333333,188.166667,191.000000,193.833333,196.666667,199.500000,202.333333,205.166667,208.000000,210.833333,213.666667,216.500000,219.333333,222.166667,225.000000,227.833333,230.666667,233.500000,236.333333,239.166667,242.000000,244.833333,247.666667,250.500000,253.333333,256.166667,259.000000,
-15.389586,-13.857254,-12.195614,-10.404475,-8.488086,-6.460766,-4.338461,-2.136833,0.131779,2.455400,4.820904,7.207888,9.595619,11.968682,14.343947,16.743280,19.186299,21.674119,24.204264,26.771179,29.354382,31.931340,34.482123,37.004500,39.498777,41.962810,44.377184,46.722752,48.999258,51.319765,53.797376,
-13.993925,-14.075729,-14.156979,-14.235639,-14.310056,-14.381308,-14.450980,-14.520993,-14.594777,-14.676015,-14.768375,-14.875216,-14.999909,-15.146228,-15.320356,-15.528926,-15.778879,-16.078563,-16.436480,-16.860665,-17.356174,-17.927509,-18.578809,-19.312564,-20.131407,-21.040446,-22.059537,-23.209582,-24.503004,-25.900210,-27.359834,
175.0,2.800000
175.000000,177.800000,180.600000,183.400000,186.200000,189.000000,191.800000,194.600000,197.400000,200.200000,203.000000,205.800000,208.600000,211.400000,214.200000,217.000000,219.800000,222.600000,225.400000,228.200000,231.000000,233.800000,236.600000,239.400000,242.200000,245.000000,247.800000,250.600000,253.400000,256.200000,259.000000,
-14.901343,-13.379631,-11.731604,-9.957246,-8.060846,-6.055680,-3.956608,-1.778912,0.461259,2.747995,5.067705,7.420271,9.807920,12.233288,14.699085,17.207523,19.757761,22.331420,24.907525,27.467288,30.007461,32.527554,35.027853,37.510481,39.976656,42.420383,44.793891,47.048321,49.170145,51.356106,53.804898,
-14.021650,-14.100055,-14.178014,-14.253677,-14.325578,-14.394885,-14.463254,-14.532611,-14.605980,-14.686611,-14.777988,-14.884758,-15.011820,-15.164403,-15.349433,-15.574074,-15.845196,-16.167689,-16.546142,-16.985333,-17.491447,-18.070859,-18.729642,-19.471893,-20.301519,-21.223280,-22.247156,-23.382975,-24.634421,-25.968973,-27.353578,
176.0,2.766667
176.000000,178.766667,181.533333,184.300000,187.066667,189.833333,192.600000,195.366667,198.133333,200.900000,203.666667,206.433333,209.200000,211.966667,214.733333,217.500000,220.266667,223.033333,225.800000,228.566667,231.333333,234.100000,236.866667,239.633333,242.400000,245.166667,247.933333,250.700000,253.466667,256.233333,259.000000,
-14.412408,-12.904219,-11.272611,-9.517626,-7.643582,-5.663416,-3.591615,-1.443076,0.766443,3.021428,5.308652,7.627957,9.981499,12.371847,14.801647,17.273042,19.785149,22.319958,24.856926,27.377882,29.880994,32.367119,34.836428,37.282412,39.697618,42.075774,44.418428,46.729833,49.022193,51.351330,53.771274,
-14.048423,-14.123464,-14.198197,-14.270962,-14.340464,-14.407893,-14.474904,-14.543408,-14.616331,-14.696809,-14.788208,-14.895002,-15.021914,-15.173984,-15.357874,-15.580470,-15.848354,-16.166113,-16.538037,-16.968680,-17.464440,-18.031892,-18.676787,-19.399912,-20.201822,-21.086684,-22.079929,-23.208954,-24.491354,-25.885626,-27.347688,
177.0,2.733333
177.000000,179.733333,182.466667,185.200000,187.933333,190.666667,193.400000,196.133333,198.866667,201.600000,204.333333,207.066667,209.800000,212.533333,215.266667,218.000000,220.733333,223.466667,226.200000,228.933333,231.666667,234.400000,237.133333,239.866667,242.600000,245.333333,248.066667,250.800000,253.533333,256.266667,259.000000,
-13.922797,-12.430482,-10.817255,-9.082587,-7.230846,-5.278374,-3.243092,-1.140019,1.034074,3.285183,5.616913,8.016409,10.467857,12.954955,15.461536,17.971847,20.472386,22.962120,25.442153,27.913349,30.373073,32.818032,35.244646,37.648355,40.024306,42.366951,44.667042,46.917249,49.124952,51.379975,53.771047,
-14.074286,-14.146029,-14.217640,-14.287664,-14.354972,-14.420577,-14.485937,-14.552902,-14.625116,-14.706571,-14.801452,-14.914701,-15.051383,-15.216511,-15.414659,-15.650349,-15.928221,-16.253641,-16.632118,-17.069246,-17.570962,-18.143143,-18.790976,-19.515755,-20.318616,-21.203683,-22.192375,-23.307586,-24.563373,-25.921628,-27.342156,
178.0,2.700000
178.000000,180.700000,183.400000,186.100000,188.800000,191.500000,194.200000,196.900000,199.600000,202.300000,205.000000,207.700000,210.400000,213.100000,215.800000,218.500000,221.200000,223.900000,226.600000,229.300000,232.000000,234.700000,237.400000,240.100000,242.800000,245.500000,248.200000,250.900000,253.600000,256.300000,259.000000,
-12.941612,-11.466167,-9.872668,-8.160697,-6.334683,-4.410479,-2.405457,-0.334144,1.806498,4.022204,6.316373,8.676506,11.087201,13.532561,15.996798,18.464534,20.922601,23.369889,25.807394,28.235934,30.653226,33.056336,35.441740,37.803269,40.134473,42.429984,44.690802,46.920705,49.132749,51.389620,53.752037,
-14.123436,-14.189737,-14.256246,-14.321816,-14.385596,-14.448682,-14.512582,-14.579179,-14.652070,-14.735186,-14.832635,-14.949196,-15.089754,-15.259130,-15.461654,-15.701594,-15.983335,-16.311982,-16.692789,-17.131099,-17.632633,-18.203039,-18.847174,-19.565520,-20.358417,-21.229791,-22.203950,-23.307124,-24.556006,-25.911536,-27.332139,
179.0,2.666667
179.000000,181.666667,184.333333,187.000000,189.666667,192.333333,195.000000,197.666667,200.333333,203.000000,205.666667,208.333333,211.000000,213.666667,216.333333,219.000000,221.666667,224.333333,227.000000,229.666667,232.333333,235.000000,237.666667,240.333333,243.000000,245.666667,248.333333,251.000000,253.666667,256.333333,259.000000,
-12.450070,-10.991790,-9.418266,-7.729180,-5.929019,-4.033154,-2.058412,-0.018842,2.088412,4.268836,6.525635,8.846688,11.217028,13.621183,16.043728,18.469653,20.886199,23.292699,25.690539,28.080422,30.457203,32.815082,35.150486,37.472845,39.793515,42.121514,44.450983,46.773945,49.085545,51.400403,53.733879,
-14.146805,-14.210253,-14.274078,-14.337284,-14.399153,-14.460780,-14.523649,-14.589610,-14.662137,-14.745027,-14.842246,-14.958358,-15.098024,-15.265829,-15.465848,-15.702092,-15.978720,-16.300795,-16.673510,-17.101891,-17.589902,-18.141424,-18.760929,-19.456268,-20.236238,-21.111513,-22.102263,-23.228716,-24.501946,-25.882100,-27.327638,
180.0,2.633333
180.000000,182.633333,185.266667,187.900000,190.533333,193.166667,195.800000,198.433333,201.066667,203.700000,206.333333,208.966667,211.600000,214.233333,216.866667,219.500000,222.133333,224.766667,227.400000,230.033333,232.666667,235.300000,237.933333,240.566667,243.200000,245.833333,248.466667,251.100000,253.733333,256.366667,259.000000,
-11.957917,-10.515821,-8.961255,-7.294004,-5.518605,-3.649954,-1.704342,0.304654,2.379714,4.526079,6.746754,9.029945,11.361074,13.725129,16.107508,18.493990,20.872026,23.237824,25.589621,27.927986,30.264212,32.611172,34.979654,37.367463,39.769341,42.176262,44.561674,46.898063,49.170193,51.430912,53.735424,
-14.169422,-14.230223,-14.291562,-14.352587,-14.412707,-14.473015,-14.534977,-14.600408,-14.672673,-14.755445,-14.852551,-14.968341,-15.107249,-15.273657,-15.471558,-15.704871,-15.977487,-16.293226,-16.656032,-17.070599,-17.545588,-18.090363,-18.714136,-19.424602,-20.229250,-21.135954,-22.154900,-23.295438,-24.560026,-25.914288,-27.323466,
181.0,2.600000
181.000000,183.600000,186.200000,188.800000,191.400000,194.000000,196.600000,199.200000,201.800000,204.400000,207.000000,209.600000,212.200000,214.800000,217.400000,220.000000,222.600000,225.200000,227.800000,230.400000,233.000000,235.600000,238.200000,240.800000,243.400000,246.000000,248.600000,251.200000,253.800000,256.400000,259.000000,
-11.465168,-10.037220,-8.499543,-6.852020,-5.099236,-3.255620,-1.336933,0.643714,2.688819,4.803377,6.990199,9.237863,11.532219,13.858674,16.202989,18.551296,20.891374,23.219488,25.533935,27.835455,30.135907,32.448595,34.783483,37.131131,39.479401,41.821063,44.177979,46.574263,49.017063,51.419984,53.695511,
-14.191327,-14.249719,-14.308799,-14.367854,-14.426412,-14.485572,-14.546785,-14.611844,-14.684010,-14.766847,-14.864060,-14.979820,-15.118372,-15.283902,-15.480196,-15.710963,-15.979880,-16.290558,-16.646741,-17.052964,-17.517889,-18.050818,-18.660375,-19.350884,-20.126508,-20.994833,-21.982021,-23.115663,-24.412460,-25.829090,-27.319616,
182.0,2.566667
182.000000,184.566667,187.133333,189.700000,192.266667,194.833333,197.400000,199.966667,202.533333,205.100000,207.666667,210.233333,212.800000,215.366667,217.933333,220.500000,223.066667,225.633333,228.200000,230.766667,233.333333,235.900000,238.466667,241.033333,243.600000,246.166667,248.733333,251.300000,253.866667,256.433333,259.000000,
-10.971841,-9.554900,-8.030939,-6.399934,-4.666513,-2.844645,-0.949573,1.006044,3.024506,5.110545,7.266824,9.482617,11.744485,14.038033,16.346501,18.653545,20.947375,23.239909,25.547191,27.883394,30.248666,32.639827,35.050110,37.457065,39.836612,42.171688,44.484043,46.800792,49.138662,51.454009,53.700531,
-14.212561,-14.268811,-14.325889,-14.383212,-14.440427,-14.498644,-14.559313,-14.624210,-14.696509,-14.779678,-14.877328,-14.993553,-15.132504,-15.298151,-15.493462,-15.721328,-15.985228,-16.291846,-16.648527,-17.062932,-17.543712,-18.099414,-18.737043,-19.455551,-20.253127,-21.131989,-22.116449,-23.233088,-24.498412,-25.873317,-27.316078,
183.0,2.533333
183.000000,185.533333,188.066667,190.600000,193.133333,195.666667,198.200000,200.733333,203.266667,205.800000,208.333333,210.866667,213.400000,215.933333,218.466667,221.000000,223.533333,226.066667,228.600000,231.133333,233.666667,236.200000,238.733333,241.266667,243.800000,246.333333,248.866667,251.400000,253.933333,256.466667,259.000000,
-10.477950,-9.068349,-7.554426,-5.936257,-4.218474,-2.414305,-0.538233,1.397336,3.392062,5.447997,7.567577,9.752867,12.005435,14.324670,16.699074,19.114957,21.558105,24.013754,26.467394,28.906400,31.327691,33.730163,36.113451,38.479075,40.827377,43.150683,45.400747,47.528179,49.518198,51.537445,53.754942,
-14.233164,-14.287547,-14.342884,-14.398717,-14.454815,-14.512339,-14.572770,-14.637869,-14.710530,-14.793928,-14.891554,-15.008285,-15.149285,-15.319836,-15.525556,-15.772088,-16.064870,-16.408255,-16.806412,-17.263616,-17.784907,-18.375476,-19.040569,-19.785537,-20.615567,-21.534884,-22.542865,-23.637268,-24.812242,-26.044788,-27.312847,
184.0,2.500000
184.000000,186.500000,189.000000,191.500000,194.000000,196.500000,199.000000,201.500000,204.000000,206.500000,209.000000,211.500000,214.000000,216.500000,219.000000,221.500000,224.000000,226.500000,229.000000,231.500000,234.000000,236.500000,239.000000,241.500000,244.000000,246.500000,249.000000,251.500000,254.000000,256.500000,259.000000,
-9.983512,-8.577026,-7.068856,-5.459157,-3.752594,-1.961986,-0.101348,1.817336,3.793672,5.829607,7.927474,10.089257,12.316454,14.608413,16.953962,19.339771,21.751987,24.176236,26.598407,29.006293,31.397151,33.770127,36.124573,38.459008,40.770974,43.053804,45.280277,47.423336,49.477330,51.546149,53.734604,
-14.253175,-14.305973,-14.359844,-14.414460,-14.469704,-14.526771,-14.587157,-14.652636,-14.726062,-14.810566,-14.909587,-15.027894,-15.170533,-15.342661,-15.549704,-15.797105,-16.090097,-16.432855,-16.829366,-17.283748,-17.800961,-18.386099,-19.044095,-19.778943,-20.594518,-21.495026,-22.486497,-23.574282,-24.758425,-26.012459,-27.309913,
185.0,2.466667
185.000000,187.466667,189.933333,192.400000,194.866667,197.333333,199.800000,202.266667,204.733333,207.200000,209.666667,212.133333,214.600000,217.066667,219.533333,222.000000,224.466667,226.933333,229.400000,231.866667,234.333333,236.800000,239.266667,241.733333,244.200000,246.666667,249.133333,251.600000,254.066667,256.533333,259.000000,
-9.488543,-8.080804,-6.573985,-4.968319,-3.268501,-1.486947,0.362790,2.269137,4.231649,6.252168,8.332919,10.475807,12.682251,14.951555,17.272858,19.633175,22.019004,24.416346,26.811473,29.192543,31.556927,33.903827,36.232428,38.540034,40.823074,43.075444,45.279161,47.416936,49.486860,51.563885,53.723280,
-14.272633,-14.324122,-14.376798,-14.430462,-14.485117,-14.541998,-14.602634,-14.668821,-14.743395,-14.829464,-14.930437,-15.051005,-15.196130,-15.370871,-15.580506,-15.830311,-16.125358,-16.469674,-16.867107,-17.321634,-17.838070,-18.421352,-19.076190,-19.806015,-20.614172,-21.504837,-22.486472,-23.567210,-24.749249,-26.005190,-27.307268,
186.0,2.433333
186.000000,188.433333,190.866667,193.300000,195.733333,198.166667,200.600000,203.033333,205.466667,207.900000,210.333333,212.766667,215.200000,217.633333,220.066667,222.500000,224.933333,227.366667,229.800000,232.233333,234.666667,237.100000,239.533333,241.966667,244.400000,246.833333,249.266667,251.700000,254.133333,256.566667,259.000000,
-8.993059,-7.579817,-6.070066,-4.464115,-2.766685,-0.989796,0.853452,2.751890,4.705024,6.714588,8.782702,10.911183,13.101366,15.352510,17.654050,19.993338,22.357207,24.732004,27.104351,29.462718,31.804465,34.128750,36.434760,38.720026,40.981165,43.211932,45.392775,47.504746,49.545176,51.591574,53.721893,
-14.291581,-14.342019,-14.393761,-14.446736,-14.501070,-14.558049,-14.619245,-14.686490,-14.762622,-14.850743,-14.954256,-15.077800,-15.226283,-15.404697,-15.618204,-15.871954,-16.170888,-16.518920,-16.919777,-17.377312,-17.896159,-18.481077,-19.136646,-19.866440,-20.673946,-21.563211,-22.541162,-23.614193,-24.783175,-26.022123,-27.304906,
187.0,2.400000
187.000000,189.400000,191.800000,194.200000,196.600000,199.000000,201.400000,203.800000,206.200000,208.600000,211.000000,213.400000,215.800000,218.200000,220.600000,223.000000,225.400000,227.800000,230.200000,232.600000,235.000000,237.400000,239.800000,242.200000,244.600000,247.000000,249.400000,251.800000,254.200000,256.600000,259.000000,
-8.497076,-7.074274,-5.557498,-3.947161,-2.248060,-0.471961,1.368405,3.262581,5.212182,7.220841,9.289975,11.408170,13.561736,15.738693,17.937698,20.159655,22.405794,24.676701,26.972330,29.290200,31.616576,33.935674,36.232963,38.502067,40.738843,42.941879,45.120865,47.286898,49.446856,51.585603,53.686830,
-14.310056,-14.359690,-14.410752,-14.463299,-14.517576,-14.574912,-14.636922,-14.705519,-14.783797,-14.875103,-14.982818,-15.110254,-15.260754,-15.437871,-15.646160,-15.890445,-16.175865,-16.508824,-16.895879,-17.343071,-17.853779,-18.430781,-19.076604,-19.793134,-20.582642,-21.449900,-22.411511,-23.484829,-24.679037,-25.962699,-27.302817,
188.0,2.366667
188.000000,190.366667,192.733333,195.100000,197.466667,199.833333,202.200000,204.566667,206.933333,209.300000,211.666667,214.033333,216.400000,218.766667,221.133333,223.500000,225.866667,228.233333,230.600000,232.966667,235.333333,237.700000,240.066667,242.433333,244.800000,247.166667,249.533333,251.900000,254.266667,256.633333,259.000000,
-8.000611,-6.564924,-5.037772,-3.419636,-1.715329,0.063777,1.905398,3.799437,5.747210,7.752041,9.815473,11.928502,14.079746,16.256968,18.446195,20.633927,22.810659,24.985604,27.171531,29.379586,31.609558,33.858201,36.119085,38.373515,40.601856,42.792242,44.971023,47.168915,49.399385,51.588704,53.660826,
-14.328099,-14.377143,-14.427749,-14.480108,-14.534595,-14.592610,-14.655826,-14.726210,-14.806862,-14.901137,-15.012486,-15.144567,-15.301040,-15.485374,-15.700111,-15.947721,-16.231260,-16.556651,-16.930456,-17.359418,-17.850516,-18.410502,-19.044787,-19.752592,-20.532664,-21.387668,-22.339553,-23.412262,-24.620038,-25.928546,-27.300994,
189.0,2.333333
189.000000,191.333333,193.666667,196.000000,198.333333,200.666667,203.000000,205.333333,207.666667,210.000000,212.333333,214.666667,217.000000,219.333333,221.666667,224.000000,226.333333,228.666667,231.000000,233.333333,235.666667,238.000000,240.333333,242.666667,245.000000,247.333333,249.666667,252.000000,254.333333,256.666667,259.000000,
-7.503680,-6.052655,-4.512644,-2.884203,-1.172158,0.612522,2.458017,4.354627,6.303508,8.307751,10.368713,12.477643,14.623474,16.794302,18.976592,21.157289,23.327212,25.495017,27.672803,29.871108,32.089641,34.325271,36.572259,38.815419,41.038079,43.226017,45.378059,47.496062,49.583153,51.645426,53.688428,
-14.345750,-14.394388,-14.444738,-14.497128,-14.552061,-14.611017,-14.675738,-14.748259,-14.831722,-14.929519,-15.045133,-15.182218,-15.344424,-15.535205,-15.757104,-16.012595,-16.304731,-16.639380,-17.023038,-17.462356,-17.964081,-18.534767,-19.179957,-19.900616,-20.697094,-21.571441,-22.534330,-23.596859,-24.763500,-26.007026,-27.299428,
190.0,2.300000
190.000000,192.300000,194.600000,196.900000,199.200000,201.500000,203.800000,206.100000,208.400000,210.700000,213.000000,215.300000,217.600000,219.900000,222.200000,224.500000,226.800000,229.100000,231.400000,233.700000,236.000000,238.300000,240.600000,242.900000,245.200000,247.500000,249.800000,252.100000,254.400000,256.700000,259.000000,
-6.508481,-5.040363,-3.485719,-1.845174,-0.123569,1.668527,3.519751,5.420782,7.372580,9.377951,11.438012,13.544176,15.685656,17.851148,20.029151,22.208498,24.379769,26.541331,28.693157,30.834901,32.963134,35.074090,37.165544,39.242747,41.312489,43.381242,45.452440,47.527886,49.604846,51.661134,53.675047,
-14.380036,-14.427755,-14.477638,-14.530253,-14.586327,-14.647468,-14.715533,-14.792671,-14.882118,-14.987360,-15.111963,-15.259594,-15.433921,-15.638487,-15.876272,-16.150161,-16.463158,-16.818921,-17.221211,-17.673621,-18.178866,-18.739603,-19.359108,-20.043595,-20.800209,-21.637487,-22.569504,-23.609860,-24.764434,-26.003686,-27.297035,
191.0,2.266667
191.000000,193.266667,195.533333,197.800000,200.066667,202.333333,204.600000,206.866667,209.133333,211.400000,213.666667,215.933333,218.200000,220.466667,222.733333,225.000000,227.266667,229.533333,231.800000,234.066667,236.333333,238.600000,240.866667,243.133333,245.400000,247.666667,249.933333,252.200000,254.466667,256.733333,259.000000,
-6.010247,-4.523974,-2.953592,-1.299793,0.432579,2.233341,4.091575,5.998336,7.954420,9.962398,12.023206,14.128530,16.267918,18.430394,20.604721,22.779976,24.946937,27.103816,29.250453,31.386670,33.510580,35.619810,37.711437,39.780544,41.822164,43.833116,45.818409,47.785270,49.742860,51.706964,53.691723,
-14.396750,-14.444482,-14.494584,-14.547761,-14.604873,-14.667608,-14.737898,-14.817965,-14.911092,-15.020814,-15.150740,-15.304557,-15.485944,-15.698451,-15.945046,-16.228593,-16.552077,-16.919121,-17.333477,-17.798861,-18.318677,-18.896186,-19.534306,-20.234523,-20.998504,-21.830151,-22.743427,-23.752911,-24.865953,-26.056254,-27.296192,
192.0,2.233333
192.000000,194.233333,196.466667,198.700000,200.933333,203.166667,205.400000,207.633333,209.866667,212.100000,214.333333,216.566667,218.800000,221.033333,223.266667,225.500000,227.733333,229.966667,232.200000,234.433333,236.666667,238.900000,241.133333,243.366667,245.600000,247.833333,250.066667,252.300000,254.533333,256.766667,259.000000,
-5.511610,-4.006906,-2.420479,-0.753081,0.990441,2.800284,4.665966,6.578906,8.539740,10.550806,12.612858,14.717846,16.855642,19.015592,21.186759,23.358506,25.521812,27.674643,29.816539,31.947139,34.064939,36.168148,38.254820,40.322600,42.367947,44.382399,46.336571,48.202438,49.979009,51.785429,53.741022,
-14.413232,-14.461100,-14.511566,-14.565474,-14.623814,-14.688354,-14.761102,-14.844348,-14.941427,-15.055920,-15.191478,-15.351807,-15.540598,-15.761410,-16.017224,-16.310913,-16.645458,-17.024407,-17.451432,-17.930171,-18.464005,-19.056260,-19.710292,-20.429636,-21.217670,-22.076912,-23.006157,-24.002725,-25.061046,-26.164022,-27.295573,
193.0,2.200000
193.000000,195.200000,197.400000,199.600000,201.800000,204.000000,206.200000,208.400000,210.600000,212.800000,215.000000,217.200000,219.400000,221.600000,223.800000,226.000000,228.200000,230.400000,232.600000,234.800000,237.000000,239.200000,241.400000,243.600000,245.800000,248.000000,250.200000,252.400000,254.600000,256.800000,259.000000,
-5.012587,-3.489928,-1.888031,-0.207577,1.546962,3.367490,5.245079,7.170746,9.136104,11.132842,13.152388,15.184945,17.220744,19.251352,21.274229,23.288603,25.295625,27.303180,29.320312,31.354463,33.404824,35.468154,37.538708,39.602111,41.643506,43.654530,45.656024,47.672290,49.713730,51.725862,53.652280,
-14.429522,-14.477623,-14.528557,-14.583311,-14.643032,-14.709698,-14.785507,-14.872790,-14.974256,-15.092688,-15.230810,-15.391014,-15.575619,-15.786958,-16.027484,-16.299791,-16.606963,-16.954129,-17.346886,-17.790865,-18.291377,-18.853414,-19.480883,-20.173214,-20.929608,-21.752761,-22.661014,-23.674287,-24.803836,-26.021032,-27.295169,
194.0,2.166667
194.000000,196.166667,198.333333,200.500000,202.666667,204.833333,207.000000,209.166667,211.333333,213.500000,215.666667,217.833333,220.000000,222.166667,224.333333,226.500000,228.666667,230.833333,233.000000,235.166667,237.333333,239.500000,241.666667,243.833333,246.000000,248.166667,250.333333,252.500000,254.666667,256.833333,259.000000,
-4.013448,-2.508531,-0.963952,0.625308,2.262424,3.947533,5.680102,7.459734,9.287285,11.163480,13.087208,15.049517,17.039964,19.049479,21.076439,23.121004,25.183627,27.264278,29.362343,31.475180,33.591905,35.699985,37.787977,39.850807,41.885473,43.891587,45.878077,47.854740,49.825843,51.770734,53.667965,
-14.461684,-14.509042,-14.558551,-14.611319,-14.668588,-14.732173,-14.804063,-14.886443,-14.982171,-15.094257,-15.225698,-15.379274,-15.557758,-15.764114,-16.002129,-16.275837,-16.589509,-16.948211,-17.357067,-17.820655,-18.341122,-18.920043,-19.558935,-20.259631,-21.024485,-21.857810,-22.771911,-23.779333,-24.885686,-26.066180,-27.294977,
195.0,2.133333
195.000000,197.133333,199.266667,201.400000,203.533333,205.666667,207.800000,209.933333,212.066667,214.200000,216.333333,218.466667,220.600000,222.733333,224.866667,227.000000,229.133333,231.266667,233.400000,235.533333,237.666667,239.800000,241.933333,244.066667,246.200000,248.333333,250.466667,252.600000,254.733333,256.866667,259.000000,
-3.513364,-1.957535,-0.327071,1.377315,3.151198,4.986978,6.876298,8.810714,10.782184,12.782707,14.804066,16.837071,18.872647,20.903186,22.927231,24.944784,26.955930,28.959661,30.954662,32.939425,34.911910,36.869849,38.810537,40.729628,42.622849,44.487898,46.330811,48.160052,49.986117,51.825776,53.693806,
-14.477636,-14.526556,-14.579224,-14.636995,-14.701350,-14.774453,-14.858657,-14.956430,-15.070558,-15.203887,-15.359193,-15.538903,-15.745385,-15.981084,-16.248859,-16.551672,-16.892510,-17.274379,-17.700263,-18.173056,-18.695270,-19.269277,-19.897230,-20.580477,-21.320665,-22.121536,-22.995465,-23.955294,-25.007208,-26.128470,-27.295171,
196.0,2.100000
196.000000,198.100000,200.200000,202.300000,204.400000,206.500000,208.600000,210.700000,212.800000,214.900000,217.000000,219.100000,221.200000,223.300000,225.400000,227.500000,229.600000,231.700000,233.800000,235.900000,238.000000,240.100000,242.200000,244.300000,246.400000,248.500000,250.600000,252.700000,254.800000,256.900000,259.000000,
-2.512247,-0.974744,0.600057,2.216791,3.878305,5.584752,7.335667,9.130691,10.970524,12.855750,14.785419,16.752227,18.747261,20.761167,22.784377,24.807621,26.823108,28.828976,30.824761,32.809972,34.782594,36.740149,38.679744,40.597192,42.488906,44.355098,46.211369,48.075132,49.956028,51.829221,53.668019,
-14.509482,-14.558378,-14.610390,-14.666903,-14.729408,-14.799867,-14.880404,-14.973340,-15.081672,-15.208567,-15.357206,-15.530694,-15.732079,-15.964266,-16.229607,-16.530352,-16.868859,-17.248060,-17.671000,-18.140633,-18.659409,-19.229602,-19.853235,-20.531465,-21.265902,-22.060931,-22.932155,-23.896012,-24.961235,-26.103323,-27.296097,
197.0,2.066667
197.000000,199.066667,201.133333,203.200000,205.266667,207.333333,209.400000,211.466667,213.533333,215.600000,217.666667,219.733333,221.800000,223.866667,225.933333,228.000000,230.066667,232.133333,234.200000,236.266667,238.333333,240.400000,242.466667,244.533333,246.600000,248.666667,250.733333,252.800000,254.866667,256.933333,259.000000,
-2.011246,-0.459846,1.127697,2.755830,4.427251,6.142139,7.900084,9.700761,11.544769,13.432572,15.363140,17.329402,19.322718,21.334017,23.353988,25.373606,27.385253,29.386846,31.377684,33.357227,35.324236,37.277183,39.214047,41.131055,43.023607,44.885431,46.704162,48.469552,50.186180,51.917835,53.727414,
-14.525456,-14.575224,-14.628446,-14.686609,-14.751287,-14.824495,-14.908403,-15.005378,-15.118449,-15.250811,-15.405674,-15.586150,-15.795293,-16.036010,-16.310662,-16.621498,-16.970863,-17.361587,-17.796613,-18.278846,-18.810926,-19.395427,-20.034897,-20.731855,-21.488785,-22.308049,-23.191553,-24.140232,-25.151473,-26.208940,-27.296812,
198.0,2.033333
198.000000,200.033333,202.066667,204.100000,206.133333,208.166667,210.200000,212.233333,214.266667,216.300000,218.333333,220.366667,222.400000,224.433333,226.466667,228.500000,230.533333,232.566667,234.600000,236.633333,238.666667,240.700000,242.733333,244.766667,246.800000,248.833333,250.866667,252.900000,254.933333,256.966667,259.000000,
-1.509972,0.053187,1.651296,3.288903,4.968974,6.692537,8.459777,10.269358,12.114632,13.987542,15.879625,17.782181,19.686766,21.586214,23.478310,25.362469,27.239780,29.116526,30.999905,32.895630,34.802484,36.717106,38.634345,40.543926,42.435787,44.305863,46.174268,48.063073,49.978139,51.857442,53.637797,
-14.541516,-14.592207,-14.646688,-14.706560,-14.773523,-14.849751,-14.937543,-15.039237,-15.157199,-15.293785,-15.451255,-15.631520,-15.836411,-16.067788,-16.327719,-16.618433,-16.942621,-17.304682,-17.709415,-18.161535,-18.665023,-19.223478,-19.839706,-20.513647,-21.245340,-22.038080,-22.908325,-23.873767,-24.943964,-26.094153,-27.297684,
199.0,2.000000
199.000000,201.000000,203.000000,205.000000,207.000000,209.000000,211.000000,213.000000,215.000000,217.000000,219.000000,221.000000,223.000000,225.000000,227.000000,229.000000,231.000000,233.000000,235.000000,237.000000,239.000000,241.000000,243.000000,245.000000,247.000000,249.000000,251.000000,253.000000,255.000000,257.000000,259.000000,
-0.506669,1.066468,2.673434,4.318626,6.004861,7.733089,9.503418,11.314469,13.159758,15.031432,16.921277,18.820996,20.722614,22.619514,24.510195,26.394464,28.272228,30.142489,32.003938,33.854907,35.692619,37.514353,39.318728,41.109664,42.892723,44.674739,46.465977,48.275210,50.101800,51.908963,53.660042,
-14.574059,-14.626578,-14.683596,-14.746883,-14.818278,-14.900028,-14.994491,-15.104053,-15.231098,-15.377987,-15.546995,-15.740071,-15.959100,-16.206054,-16.483292,-16.793277,-17.138473,-17.521259,-17.943950,-18.408683,-18.916937,-19.470190,-20.070547,-20.722640,-21.432134,-22.206313,-23.057886,-23.999143,-25.035272,-26.143462,-27.299866,
200.0,1.966667
200.000000,201.966667,203.933333,205.900000,207.866667,209.833333,211.800000,213.766667,215.733333,217.700000,219.666667,221.633333,223.600000,225.566667,227.533333,229.500000,231.466667,233.433333,235.400000,237.366667,239.333333,241.300000,243.266667,245.233333,247.200000,249.166667,251.133333,253.100000,255.066667,257.033333,259.000000,
0.497534,2.078770,3.692730,5.343652,7.034211,8.765270,10.536863,12.347577,14.191138,16.059940,17.946024,19.841344,21.738163,23.630033,25.515276,27.393459,29.264303,31.126865,32.980025,34.822620,36.653501,38.471347,40.274153,42.057393,43.815468,45.541089,47.221388,48.846794,50.426282,52.038505,53.760291,
-14.607429,-14.662241,-14.722276,-14.789468,-14.865784,-14.953538,-15.055140,-15.173015,-15.309570,-15.467182,-15.648134,-15.854375,-16.087787,-16.350328,-16.644324,-16.972190,-17.336355,-17.739176,-18.182983,-18.670055,-19.202493,-19.782361,-20.411736,-21.092793,-21.827600,-22.617716,-23.462795,-24.361354,-25.309351,-26.293811,-27.302576,
201.0,1.933333
201.000000,202.933333,204.866667,206.800000,208.733333,210.666667,212.600000,214.533333,216.466667,218.400000,220.333333,222.266667,224.200000,226.133333,228.066667,230.000000,231.933333,233.866667,235.800000,237.733333,239.666667,241.600000,243.533333,245.466667,247.400000,249.333333,251.266667,253.200000,255.133333,257.066667,259.000000,
0.999933,2.588096,4.209273,5.867790,7.565003,9.295461,11.051819,12.826247,14.610901,16.398258,18.182033,19.960426,21.733197,23.501664,25.271618,27.049711,28.841472,30.647209,32.465403,34.292673,36.120274,37.938360,39.738197,41.516450,43.272122,45.007878,46.738184,48.478154,50.233588,51.973611,53.666155,
-14.624524,-14.680803,-14.742786,-14.812548,-14.892056,-14.983153,-15.087630,-15.207217,-15.343456,-15.497845,-15.671918,-15.867383,-16.086083,-16.330200,-16.603103,-16.908478,-17.250063,-17.631465,-18.056107,-18.526810,-19.044263,-19.608639,-20.220240,-20.880388,-21.591288,-22.357547,-23.192173,-24.108567,-25.113247,-26.185709,-27.304108,
202.0,1.900000
202.000000,203.900000,205.800000,207.700000,209.600000,211.500000,213.400000,215.300000,217.200000,219.100000,221.000000,222.900000,224.800000,226.700000,228.600000,230.500000,232.400000,234.300000,236.200000,238.100000,240.000000,241.900000,243.800000,245.700000,247.600000,249.500000,251.400000,253.300000,255.200000,257.100000,259.000000,
2.005245,3.597495,5.221673,6.881813,8.579051,10.308107,12.061900,13.832911,15.613759,17.397427,19.178155,20.954594,22.726607,24.494264,26.257212,28.014933,29.766722,31.511312,33.247201,34.972564,36.684576,38.380556,40.059375,41.725674,43.386373,45.051307,46.739119,48.466415,50.233250,51.978735,53.641969,
-14.659734,-14.718969,-14.784650,-14.858990,-14.944054,-15.041704,-15.153736,-15.281885,-15.427726,-15.592809,-15.778746,-15.987411,-16.220757,-16.480769,-16.769477,-17.088917,-17.441093,-17.827894,-18.251124,-18.712376,-19.212534,-19.752467,-20.333715,-20.960366,-21.637856,-22.374193,-23.185824,-24.089270,-25.092873,-26.173801,-27.307484,
203.0,1.866667
203.000000,204.866667,206.733333,208.600000,210.466667,212.333333,214.200000,216.066667,217.933333,219.800000,221.666667,223.533333,225.400000,227.266667,229.133333,231.000000,232.866667,234.733333,236.600000,238.466667,240.333333,242.200000,244.066667,245.933333,247.800000,249.666667,251.533333,253.400000,255.266667,257.133333,259.000000,
2.508126,4.102387,5.727517,7.387287,9.082643,10.808523,12.558145,14.324292,16.099861,17.878095,19.653438,21.424481,23.190979,24.952899,26.709834,28.461244,30.206445,31.944367,33.673754,35.393037,37.099675,38.790945,40.464424,42.118978,43.754990,45.377215,47.005249,48.659309,50.347073,52.028685,53.662672,
-14.677929,-14.738839,-14.806548,-14.883323,-14.971259,-15.072224,-15.188008,-15.320339,-15.470787,-15.640899,-15.832278,-16.046785,-16.286353,-16.552947,-16.848571,-17.175235,-17.534940,-17.929643,-18.361233,-18.831398,-19.341138,-19.891295,-20.482804,-21.117109,-21.796601,-22.526708,-23.323261,-24.202829,-25.174324,-26.217270,-27.309312,
204.0,1.833333
204.000000,205.833333,207.666667,209.500000,211.333333,213.166667,215.000000,216.833333,218.666667,220.500000,222.333333,224.166667,226.000000,227.833333,229.666667,231.500000,233.333333,235.166667,237.000000,238.833333,240.666667,242.500000,244.333333,246.166667,248.000000,249.833333,251.666667,253.500000,255.333333,257.166667,259.000000,
3.514257,5.108432,6.732411,8.389696,10.081040,11.801579,13.544809,15.303801,17.071707,18.842014,20.609355,22.372250,24.130332,25.883432,27.631018,29.372427,31.106891,32.833385,34.550813,36.258084,37.954192,39.637909,41.307107,42.956565,44.579996,46.170280,47.718300,49.219031,50.684512,52.185496,53.790163,
-14.715698,-14.780180,-14.852187,-14.934110,-15.028119,-15.136099,-15.259839,-15.401055,-15.561307,-15.742121,-15.945092,-16.172064,-16.424960,-16.705724,-17.016307,-17.358658,-17.734697,-18.146261,-18.595155,-19.083156,-19.611965,-20.183267,-20.798758,-21.460196,-22.169150,-22.926437,-23.730278,-24.577707,-25.463958,-26.378847,-27.313207,
205.0,1.800000
205.000000,206.800000,208.600000,210.400000,212.200000,214.000000,215.800000,217.600000,219.400000,221.200000,223.000000,224.800000,226.600000,228.400000,230.200000,232.000000,233.800000,235.600000,237.400000,239.200000,241.000000,242.800000,244.600000,246.400000,248.200000,250.000000,251.800000,253.600000,255.400000,257.200000,259.000000,
4.520772,6.115309,7.735491,9.376989,11.033687,12.699416,14.368294,16.035511,17.699873,19.361229,21.019607,22.674615,24.325724,25.972313,27.613571,29.248914,30.878766,32.506987,34.138082,35.775473,37.417996,39.062969,40.706777,42.343968,43.969662,45.582900,47.196343,48.823603,50.468124,52.095589,53.670932,
-14.755572,-14.824327,-14.901201,-14.988090,-15.086584,-15.197998,-15.323580,-15.464619,-15.622601,-15.799076,-15.995599,-16.213697,-16.454891,-16.720701,-17.012651,-17.332364,-17.681815,-18.064155,-18.482807,-18.941007,-19.441049,-19.984869,-20.574078,-21.209440,-21.892143,-22.625748,-23.421985,-24.293072,-25.244810,-26.259295,-27.317369,
206.0,1.766667
206.000000,207.766667,209.533333,211.300000,213.066667,214.833333,216.600000,218.366667,220.133333,221.900000,223.666667,225.433333,227.200000,228.966667,230.733333,232.500000,234.266667,236.033333,237.800000,239.566667,241.333333,243.100000,244.866667,246.633333,248.400000,250.166667,251.933333,253.700000,255.466667,257.233333,259.000000,
5.527544,7.117654,8.732404,10.367609,12.017328,13.675610,15.336791,16.996236,18.652685,20.305891,21.955845,23.602369,25.245207,26.884000,28.518089,30.146696,31.768908,33.383458,34.988940,36.583809,38.166172,39.734366,41.287908,42.830280,44.366374,45.902128,47.445808,49.004577,50.579358,52.149956,53.695974,
-14.797870,-14.871020,-14.952980,-15.045727,-15.150887,-15.269769,-15.403603,-15.553653,-15.721382,-15.908315,-16.116007,-16.346057,-16.600075,-16.879679,-17.186495,-17.522135,-17.888157,-18.285935,-18.716755,-19.181773,-19.681775,-20.217643,-20.790969,-21.405786,-22.067142,-22.781259,-23.557537,-24.404660,-25.325606,-26.303729,-27.321733,
207.0,1.733333
207.000000,208.733333,210.466667,212.200000,213.933333,215.666667,217.400000,219.133333,220.866667,222.600000,224.333333,226.066667,227.800000,229.533333,231.266667,233.000000,234.733333,236.466667,238.200000,239.933333,241.666667,243.400000,245.133333,246.866667,248.600000,250.333333,252.066667,253.800000,255.533333,257.266667,259.000000,
6.030985,7.614670,9.222029,10.849032,12.489926,14.138995,15.790815,17.440947,19.088105,20.731972,22.372473,24.009401,25.642487,27.271361,28.895370,30.513755,32.125666,33.730040,35.325687,36.911193,38.484477,40.043365,41.586029,43.111945,44.621772,46.119012,47.615936,49.125505,50.654321,52.186027,53.702798,
-14.820029,-14.895343,-14.979744,-15.075228,-15.183414,-15.305603,-15.443013,-15.596892,-15.768677,-15.959870,-16.171999,-16.406635,-16.665359,-16.949762,-17.261444,-17.601997,-17.972980,-18.375836,-18.811925,-19.282444,-19.788078,-20.329445,-20.907435,-21.523952,-22.181741,-22.885479,-23.645769,-24.473243,-25.372702,-26.328513,-27.323972,
208.0,1.700000
208.000000,209.700000,211.400000,213.100000,214.800000,216.500000,218.200000,219.900000,221.600000,223.300000,225.000000,226.700000,228.400000,230.100000,231.800000,233.500000,235.200000,236.900000,238.600000,240.300000,242.000000,243.700000,245.400000,247.100000,248.800000,250.500000,252.200000,253.900000,255.600000,257.300000,259.000000,
7.037899,8.612866,10.210518,11.826970,13.456648,15.094055,16.733989,18.372186,20.007328,21.639022,23.267111,24.891340,26.511393,28.126846,29.736966,31.340926,32.937879,34.527008,36.107488,37.678429,39.238735,40.786965,42.320706,43.834526,45.322187,46.777683,48.196618,49.579152,50.939526,52.335941,53.823392,
-14.866563,-14.946747,-15.036654,-15.138340,-15.253438,-15.383235,-15.528928,-15.691739,-15.873081,-16.074429,-16.297286,-16.543197,-16.813715,-17.110385,-17.434729,-17.788252,-18.172432,-18.588672,-19.038350,-19.522835,-20.043486,-20.601658,-21.198687,-21.835867,-22.514247,-23.234079,-23.993119,-24.788014,-25.614099,-26.463282,-27.328524,
209.0,1.666667
209.000000,210.666667,212.333333,214.000000,215.666667,217.333333,219.000000,220.666667,222.333333,224.000000,225.666667,227.333333,229.000000,230.666667,232.333333,234.000000,235.666667,237.333333,239.000000,240.666667,242.333333,244.000000,245.666667,247.333333,249.000000,250.666667,252.333333,254.000000,255.666667,257.333333,259.000000,
8.044747,9.588798,11.132376,12.675322,14.217472,15.758615,17.298501,18.836800,20.372952,21.906341,23.436390,24.962720,26.485259,28.004775,29.524588,31.048542,32.579712,34.118044,35.662168,37.209379,38.753776,40.288852,41.809241,43.314064,44.804500,46.284219,47.763282,49.251505,50.751493,52.241649,53.699784,
-14.916320,-15.000453,-15.093183,-15.196379,-15.311554,-15.439974,-15.582825,-15.741267,-15.916450,-16.109528,-16.321679,-16.554154,-16.808306,-17.085754,-17.388923,-17.720456,-18.082943,-18.478569,-18.909248,-19.376395,-19.879990,-20.419718,-20.995686,-21.609733,-22.264693,-22.965030,-23.719745,-24.537612,-25.422107,-26.358964,-27.333128,
210.0,1.633333
210.000000,211.633333,213.266667,214.900000,216.533333,218.166667,219.800000,221.433333,223.066667,224.700000,226.333333,227.966667,229.600000,231.233333,232.866667,234.500000,236.133333,237.766667,239.400000,241.033333,242.666667,244.300000,245.933333,247.566667,249.200000,250.833333,252.466667,254.100000,255.733333,257.366667,259.000000,
9.051399,10.583171,12.114390,13.644853,15.174363,16.702697,18.229620,19.754877,21.278150,22.799094,24.317325,25.832356,27.343645,28.850564,30.352258,31.847804,33.336287,34.816880,36.288972,37.752585,39.209628,40.662501,42.113340,43.562916,45.011756,46.460923,47.913529,49.372086,50.835054,52.287993,53.716818,
-14.969620,-15.059179,-15.157843,-15.267522,-15.389726,-15.525709,-15.676641,-15.843683,-16.028039,-16.230928,-16.453581,-16.697252,-16.963192,-17.252632,-17.566727,-17.906604,-18.273367,-18.668081,-19.091873,-19.546135,-20.033072,-20.555199,-21.115268,-21.716492,-22.362377,-23.056950,-23.805668,-24.613135,-25.479686,-26.392262,-27.337726,
211.0,1.600000
211.000000,212.600000,214.200000,215.800000,217.400000,219.000000,220.600000,222.200000,223.800000,225.400000,227.000000,228.600000,230.200000,231.800000,233.400000,235.000000,236.600000,238.200000,239.800000,241.400000,243.000000,244.600000,246.200000,247.800000,249.400000,251.000000,252.600000,254.200000,255.800000,257.400000,259.000000,
10.057729,11.574837,13.091323,14.606966,16.121549,17.634836,19.146572,20.656481,22.164219,23.669410,25.171648,26.670443,28.165274,29.655569,31.140650,32.619782,34.092152,35.556749,37.012498,38.458310,39.893109,41.315957,42.726364,44.125155,45.513610,46.893165,48.265335,49.632379,50.998934,52.376675,53.776198,
-15.026782,-15.121999,-15.226788,-15.343096,-15.472432,-15.616030,-15.775035,-15.950577,-16.143824,-16.355960,-16.588183,-16.841719,-17.117800,-17.417650,-17.742456,-18.093378,-18.471512,-18.877782,-19.313063,-19.778228,-20.274216,-20.802143,-21.363655,-21.961948,-22.600621,-23.283049,-24.011454,-24.786818,-25.607197,-26.462293,-27.342260,
212.0,1.566667
212.000000,213.566667,215.133333,216.700000,218.266667,219.833333,221.400000,222.966667,224.533333,226.100000,227.666667,229.233333,230.800000,232.366667,233.933333,235.500000,237.066667,238.633333,240.200000,241.766667,243.333333,244.900000,246.466667,248.033333,249.600000,251.166667,252.733333,254.300000,255.866667,257.433333,259.000000,
11.063605,12.563535,14.062767,15.561063,17.058191,18.553902,20.047929,21.539982,23.029698,24.516681,26.000496,27.480617,28.956481,30.427496,31.893019,33.352389,34.804952,36.250086,37.687123,39.115211,40.532965,41.938586,43.329487,44.700949,46.047979,47.366833,48.658070,49.926674,51.187607,52.483594,53.853825,
-15.088126,-15.189180,-15.300222,-15.423224,-15.559685,-15.710817,-15.877734,-16.061533,-16.263346,-16.484319,-16.725605,-16.988380,-17.273820,-17.583091,-17.917329,-18.277651,-18.665149,-19.080850,-19.525759,-20.000880,-20.507225,-21.045803,-21.617609,-22.223583,-22.864459,-23.540362,-24.249653,-24.989774,-25.756972,-26.544544,-27.346679,
213.0,1.533333
213.000000,214.533333,216.066667,217.600000,219.133333,220.666667,222.200000,223.733333,225.266667,226.800000,228.333333,229.866667,231.400000,232.933333,234.466667,236.000000,237.533333,239.066667,240.600000,242.133333,243.666667,245.200000,246.733333,248.266667,249.800000,251.333333,252.866667,254.400000,255.933333,257.466667,259.000000,
12.068901,13.549228,15.029083,16.508484,17.987339,19.465121,20.940944,22.413225,23.878519,25.332960,26.773188,28.197889,29.606674,31.000045,32.380412,33.750608,35.112908,36.467387,37.813328,39.149697,40.475253,41.789122,43.091815,44.387863,45.683408,46.985692,48.303838,49.645139,51.009219,52.373150,53.714099,
-15.153970,-15.260992,-15.378412,-15.508290,-15.652157,-15.811175,-15.986331,-16.178440,-16.387926,-16.615100,-16.860291,-17.124001,-17.406850,-17.709650,-18.033708,-18.380450,-18.751174,-19.146658,-19.567484,-20.014133,-20.486955,-20.986537,-21.514337,-22.074351,-22.671739,-23.312821,-24.006429,-24.760555,-25.578005,-26.445960,-27.350929,
214.0,1.500000
214.000000,215.500000,217.000000,218.500000,220.000000,221.500000,223.000000,224.500000,226.000000,227.500000,229.000000,230.500000,232.000000,233.500000,235.000000,236.500000,238.000000,239.500000,241.000000,242.500000,244.000000,245.500000,247.000000,248.500000,250.000000,251.500000,253.000000,254.500000,256.000000,257.500000,259.000000,
12.571290,14.029728,15.487366,16.943943,18.399213,19.852914,21.304770,22.754479,24.201668,25.645931,27.086822,28.523807,29.956321,31.383790,32.805628,34.221265,35.630168,37.031921,38.426061,39.811862,41.187818,42.551777,43.900344,45.226880,46.524112,47.786006,49.011066,50.203661,51.381971,52.601465,53.913203,
-15.188680,-15.297836,-15.417332,-15.549128,-15.694655,-15.855052,-16.031355,-16.224578,-16.435763,-16.665964,-16.916239,-17.187655,-17.481277,-17.798158,-18.139313,-18.505744,-18.898456,-19.318466,-19.766811,-20.244569,-20.752928,-21.293024,-21.865706,-22.470988,-23.108172,-23.775172,-24.466268,-25.174729,-25.894285,-26.621129,-27.352976,
215.0,1.466667
215.000000,216.466667,217.933333,219.400000,220.866667,222.333333,223.800000,225.266667,226.733333,228.200000,229.666667,231.133333,232.600000,234.066667,235.533333,237.000000,238.466667,239.933333,241.400000,242.866667,244.333333,245.800000,247.266667,248.733333,250.200000,251.666667,253.133333,254.600000,256.066667,257.533333,259.000000,
13.575472,15.010491,16.445621,17.879609,19.310598,20.735510,22.151028,23.554325,24.944315,26.320742,27.684153,29.036746,30.381126,31.719507,33.052496,34.380030,35.701597,37.015970,38.321721,39.617510,40.902477,42.176355,43.440230,44.698752,45.957909,47.224248,48.504694,49.803971,51.119655,52.429540,53.712016,
-15.261874,-15.377151,-15.503219,-15.641903,-15.794344,-15.961128,-16.142651,-16.339291,-16.551557,-16.780049,-17.025528,-17.289146,-17.572173,-17.875843,-18.201166,-18.549035,-18.920205,-19.315127,-19.734152,-20.177630,-20.646011,-21.140057,-21.661383,-22.213930,-22.802668,-23.433414,-24.113564,-24.849524,-25.643084,-26.482824,-27.356884,
216.0,1.433333
216.000000,217.433333,218.866667,220.300000,221.733333,223.166667,224.600000,226.033333,227.466667,228.900000,230.333333,231.766667,233.200000,234.633333,236.066667,237.500000,238.933333,240.366667,241.800000,243.233333,244.666667,246.100000,247.533333,248.966667,250.400000,251.833333,253.266667,254.700000,256.133333,257.566667,259.000000,
14.578751,15.985387,17.388263,18.783464,20.167569,21.539354,22.898599,24.245933,25.583550,26.914047,28.239688,29.561323,30.879212,32.193239,33.502755,34.806885,36.104614,37.394724,38.675978,39.947292,41.208049,42.458166,43.698716,44.933724,46.168318,47.408018,48.658418,49.923307,51.200919,52.474499,53.727726,
-15.340368,-15.461432,-15.592979,-15.736358,-15.892319,-16.061474,-16.244422,-16.441858,-16.654787,-16.884314,-17.131546,-17.397487,-17.683091,-17.989253,-18.316753,-18.666297,-19.038500,-19.433765,-19.852436,-20.294899,-20.761709,-21.253736,-21.772627,-22.322068,-22.906603,-23.531342,-24.202247,-24.924226,-25.698155,-26.513749,-27.360506,
217.0,1.400000
217.000000,218.400000,219.800000,221.200000,222.600000,224.000000,225.400000,226.800000,228.200000,229.600000,231.000000,232.400000,233.800000,235.200000,236.600000,238.000000,239.400000,240.800000,242.200000,243.600000,245.000000,246.400000,247.800000,249.200000,250.600000,252.000000,253.400000,254.800000,256.200000,257.600000,259.000000,
15.580997,16.944923,18.292496,19.625591,20.947489,22.261343,23.570053,24.875905,26.179597,27.481189,28.780425,30.076744,31.369469,32.657873,33.941206,35.218682,36.489442,37.752431,39.006583,40.250987,41.485203,42.709313,43.924464,45.134473,46.344134,47.558497,48.782382,50.018863,51.266030,52.508874,53.732865,
-15.424480,-15.549750,-15.683949,-15.828886,-15.985905,-16.156122,-16.340552,-16.540148,-16.755775,-16.988262,-17.238425,-17.507067,-17.794980,-18.102926,-18.431601,-18.781647,-19.153625,-19.547905,-19.964812,-20.404733,-20.868279,-21.356386,-21.870730,-22.414868,-22.993130,-23.610272,-24.271538,-24.981092,-25.739376,-26.536834,-27.363801,
218.0,1.366667
218.000000,219.366667,220.733333,222.100000,223.466667,224.833333,226.200000,227.566667,228.933333,230.300000,231.666667,233.033333,234.400000,235.766667,237.133333,238.500000,239.866667,241.233333,242.600000,243.966667,245.333333,246.700000,248.066667,249.433333,250.800000,252.166667,253.533333,254.900000,256.266667,257.633333,259.000000,
16.582082,17.915223,19.232733,20.536306,21.829010,23.113810,24.393437,25.670048,26.944336,28.216391,29.485987,30.752585,32.015522,33.274088,34.527561,35.775194,37.016192,38.249632,39.474587,40.690243,41.896122,43.092123,44.278898,45.458947,46.635517,47.812194,48.992817,50.180508,51.376037,52.573991,53.768761,
-15.514531,-15.645451,-15.785322,-15.935942,-16.098622,-16.274436,-16.464355,-16.669285,-16.890043,-17.127411,-17.382149,-17.655001,-17.946691,-18.257915,-18.589299,-18.941424,-19.314806,-19.709829,-20.126856,-20.566335,-21.028981,-21.515794,-22.028351,-22.569624,-23.143081,-23.752253,-24.400341,-25.089467,-25.818894,-26.580596,-27.366730,
219.0,1.333333
219.000000,220.333333,221.666667,223.000000,224.333333,225.666667,227.000000,228.333333,229.666667,231.000000,232.333333,233.666667,235.000000,236.333333,237.666667,239.000000,240.333333,241.666667,243.000000,244.333333,245.666667,247.000000,248.333333,249.666667,251.000000,252.333333,253.666667,255.000000,256.333333,257.666667,259.000000,
17.581878,18.882186,20.167576,21.439562,22.701000,23.954674,25.203155,26.448476,27.691330,28.931835,30.169802,31.404720,32.635950,33.862807,35.084592,36.300594,37.510063,38.712157,39.906036,41.090942,42.266371,43.432108,44.588524,45.737390,46.881115,48.022536,49.165106,50.312144,51.465973,52.626177,53.791740,
-15.610840,-15.747229,-15.892532,-16.048525,-16.216480,-16.397429,-16.592295,-16.801933,-17.027111,-17.268558,-17.526983,-17.803065,-18.097464,-18.410811,-18.743666,-19.096550,-19.469936,-19.864201,-20.279722,-20.716976,-21.176723,-21.659983,-22.168240,-22.704056,-23.270318,-23.869776,-24.504450,-25.175306,-25.880996,-26.614527,-27.369258,
220.0,1.300000
220.000000,221.300000,222.600000,223.900000,225.200000,226.500000,227.800000,229.100000,230.400000,231.700000,233.000000,234.300000,235.600000,236.900000,238.200000,239.500000,240.800000,242.100000,243.400000,244.700000,246.000000,247.300000,248.600000,249.900000,251.200000,252.500000,253.800000,255.100000,256.400000,257.700000,259.000000,
18.580255,19.845961,21.097448,22.336058,23.564439,24.785197,26.000751,27.213020,28.422694,29.629925,30.834563,32.036130,33.234018,34.427565,35.616094,36.798910,37.975291,39.144440,40.305566,41.457958,42.601134,43.734873,44.859479,45.976477,47.087989,48.196616,49.305721,50.418742,51.538562,52.666414,53.802784,
-15.713725,-15.855366,-16.005828,-16.166853,-16.339676,-16.525281,-16.724541,-16.938260,-17.167155,-17.411903,-17.673156,-17.951536,-18.247638,-18.562029,-18.895205,-19.247627,-19.619718,-20.011831,-20.424334,-20.857704,-21.312716,-21.790388,-22.292147,-22.820322,-23.377483,-23.965984,-24.587315,-25.241948,-25.928321,-26.640098,-27.371353,
221.0,1.266667
221.000000,222.266667,223.533333,224.800000,226.066667,227.333333,228.600000,229.866667,231.133333,232.400000,233.666667,234.933333,236.200000,237.466667,238.733333,240.000000,241.266667,242.533333,243.800000,245.066667,246.333333,247.600000,248.866667,250.133333,251.400000,252.666667,253.933333,255.200000,256.466667,257.733333,259.000000,
19.577085,20.806629,22.022644,23.226303,24.420049,25.606320,26.787387,27.965061,29.140035,30.312494,31.482327,32.649094,33.812216,34.971053,36.124936,37.273175,38.415053,39.549797,40.676652,41.794966,42.904359,44.004740,45.096552,46.181456,47.261703,48.339993,49.419685,50.504109,51.595842,52.695389,53.802580,
-15.823507,-15.970142,-16.125447,-16.291132,-16.468385,-16.658144,-16.861231,-17.078395,-17.310305,-17.557584,-17.820833,-18.100611,-18.397455,-18.711865,-19.044275,-19.395080,-19.764646,-20.153285,-20.561336,-20.989258,-21.437826,-21.908068,-22.401407,-22.920115,-23.466692,-24.043419,-24.651741,-25.292109,-25.963022,-26.658508,-27.372988,
222.0,1.233333
222.000000,223.233333,224.466667,225.700000,226.933333,228.166667,229.400000,230.633333,231.866667,233.100000,234.333333,235.566667,236.800000,238.033333,239.266667,240.500000,241.733333,242.966667,244.200000,245.433333,246.666667,247.900000,249.133333,250.366667,251.600000,252.833333,254.066667,255.300000,256.533333,257.766667,259.000000,
20.572239,21.764312,22.943534,24.110917,25.268704,26.419170,27.564447,28.706244,29.845257,30.981705,32.115514,33.246279,34.373447,35.496395,36.614448,37.726906,38.833045,39.932112,41.023397,42.106342,43.180767,44.246844,45.305345,46.358331,47.408452,48.458685,49.512323,50.572288,51.640161,52.714194,53.792219,
-15.940505,-16.091840,-16.251648,-16.421595,-16.602825,-16.796226,-17.002570,-17.222555,-17.456797,-17.705872,-17.970324,-18.250658,-18.547347,-18.860827,-19.191464,-19.539584,-19.905486,-20.289429,-20.691709,-21.112758,-21.553364,-22.014592,-22.497929,-23.005752,-23.540694,-24.105218,-24.701049,-25.328917,-25.987546,-26.671114,-27.374138,
223.0,1.200000
223.000000,224.200000,225.400000,226.600000,227.800000,229.000000,230.200000,231.400000,232.600000,233.800000,235.000000,236.200000,237.400000,238.600000,239.800000,241.000000,242.200000,243.400000,244.600000,245.800000,247.000000,248.200000,249.400000,250.600000,251.800000,253.000000,254.200000,255.400000,256.600000,257.800000,259.000000,
21.565587,22.719073,23.860377,24.990354,26.111057,27.224602,28.332988,29.437832,30.539827,31.639225,32.735986,33.829733,34.919934,36.005971,37.087152,38.162758,39.232057,40.294327,41.348931,42.395461,43.434042,44.465242,45.490307,46.511874,47.533137,48.557405,49.587749,50.626364,51.673302,52.723664,53.772537,
-16.065039,-16.220745,-16.384680,-16.558465,-16.743195,-16.939713,-17.148739,-17.370922,-17.606827,-17.856982,-18.121879,-18.401963,-18.697647,-19.009301,-19.337214,-19.681637,-20.042796,-20.420889,-20.816162,-21.229033,-21.660322,-22.111178,-22.583232,-23.079101,-23.601726,-24.153933,-24.737929,-25.354897,-26.003864,-26.679011,-27.374784,
224.0,1.166667
224.000000,225.166667,226.333333,227.500000,228.666667,229.833333,231.000000,232.166667,233.333333,234.500000,235.666667,236.833333,238.000000,239.166667,240.333333,241.500000,242.666667,243.833333,245.000000,246.166667,247.333333,248.500000,249.666667,250.833333,252.000000,253.166667,254.333333,255.500000,256.666667,257.833333,259.000000,
22.557002,23.671038,24.773560,25.865278,26.948060,28.023869,29.094567,30.161664,31.225827,32.287296,33.346025,34.401620,35.453533,36.501159,37.543880,38.581120,39.612422,40.637609,41.656728,42.670160,43.678943,44.684428,45.688130,46.691710,47.696779,48.704691,49.716140,50.731325,51.749771,52.769689,53.789422,
-16.197427,-16.357151,-16.524828,-16.702030,-16.889808,-17.088957,-17.300144,-17.523961,-17.760907,-18.011438,-18.275965,-18.554842,-18.848385,-19.156889,-19.480608,-19.819804,-20.174799,-20.546068,-20.934234,-21.340178,-21.765310,-22.211311,-22.680055,-23.173657,-23.694133,-24.242971,-24.820363,-25.425498,-26.056166,-26.707419,-27.374911,
225.0,1.133333
225.000000,226.133333,227.266667,228.400000,229.533333,230.666667,231.800000,232.933333,234.066667,235.200000,236.333333,237.466667,238.600000,239.733333,240.866667,242.000000,243.133333,244.266667,245.400000,246.533333,247.666667,248.800000,249.933333,251.066667,252.200000,253.333333,254.466667,255.600000,256.733333,257.866667,259.000000,
23.546354,24.628060,25.708286,26.786668,27.862922,28.936793,30.008039,31.076421,32.141696,33.203622,34.261966,35.316511,36.367041,37.413335,38.455136,39.492123,40.523824,41.549442,42.567914,43.577802,44.576949,45.562913,46.533233,47.485670,48.418903,49.333818,50.236200,51.135319,52.044738,52.985895,53.976500,
-16.337989,-16.502760,-16.677017,-16.862308,-17.059482,-17.269076,-17.491489,-17.727075,-17.976194,-18.239217,-18.516524,-18.808509,-19.115579,-19.438155,-19.776679,-20.131606,-20.503409,-20.892583,-21.299605,-21.724880,-22.168636,-22.630902,-23.111338,-23.608847,-24.121828,-24.648105,-25.184495,-25.727605,-26.274509,-26.823708,-27.374509,
226.0,1.100000
226.000000,227.100000,228.200000,229.300000,230.400000,231.500000,232.600000,233.700000,234.800000,235.900000,237.000000,238.100000,239.200000,240.300000,241.400000,242.500000,243.600000,244.700000,245.800000,246.900000,248.000000,249.100000,250.200000,251.300000,252.400000,253.500000,254.600000,255.700000,256.800000,257.900000,259.000000,
24.533515,25.574262,26.613500,27.650872,28.686105,29.718965,30.749233,31.776693,32.801124,33.822301,34.839999,35.853989,36.864029,37.869858,38.871156,39.867545,40.858531,41.843394,42.821255,43.791039,44.751335,45.700655,46.637663,47.561486,48.472008,49.370628,50.261928,51.152825,52.053132,52.977878,53.939366,
-16.487045,-16.655057,-16.832175,-17.019889,-17.218999,-17.429992,-17.653220,-17.888981,-18.137586,-18.399347,-18.674588,-18.963640,-19.266845,-19.584551,-19.917120,-20.264929,-20.628374,-21.007898,-21.403957,-21.816999,-22.247437,-22.695585,-23.161532,-23.644878,-24.144811,-24.659935,-25.187739,-25.725347,-26.270034,-26.819842,-27.373572,
227.0,1.066667
227.000000,228.066667,229.133333,230.200000,231.266667,232.333333,233.400000,234.466667,235.533333,236.600000,237.666667,238.733333,239.800000,240.866667,241.933333,243.000000,244.066667,245.133333,246.200000,247.266667,248.333333,249.400000,250.466667,251.533333,252.600000,253.666667,254.733333,255.800000,256.866667,257.933333,259.000000,
25.518355,26.518085,27.516286,28.512608,29.506796,30.498637,31.487931,32.474487,33.458101,34.438561,35.415644,36.389105,37.358674,38.324046,39.284846,40.240643,41.190933,42.135072,43.072354,44.002033,44.923345,45.835635,46.738557,47.632450,48.518307,49.398134,50.275867,51.156675,52.046953,52.955019,53.887400,
-16.644914,-16.815778,-16.995344,-17.185041,-17.385624,-17.597539,-17.821091,-18.056535,-18.304130,-18.564142,-18.836841,-19.122499,-19.421396,-19.733808,-20.060011,-20.400288,-20.754942,-21.124322,-21.508814,-21.908852,-22.324954,-22.757654,-23.207436,-23.674635,-24.159367,-24.661310,-25.179254,-25.711497,-26.255972,-26.810155,-27.372100,
228.0,1.033333
228.000000,229.033333,230.066667,231.100000,232.133333,233.166667,234.200000,235.233333,236.266667,237.300000,238.333333,239.366667,240.400000,241.433333,242.466667,243.500000,244.533333,245.566667,246.600000,247.633333,248.666667,249.700000,250.733333,251.766667,252.800000,253.833333,254.866667,255.900000,256.933333,257.966667,259.000000,
26.500747,27.459651,28.417032,29.372548,30.325949,31.277027,32.225590,33.171442,34.114370,35.054145,35.990525,36.923243,37.852017,38.776563,39.696586,40.611804,41.521954,42.426825,43.326250,44.220128,45.108474,45.991385,46.869046,47.741784,48.610202,49.475458,50.339848,51.206534,52.079747,52.965559,53.868841,
-16.811916,-16.985258,-17.166890,-17.358183,-17.559843,-17.772271,-17.995720,-18.230387,-18.476467,-18.734159,-19.003660,-19.285181,-19.578941,-19.885177,-20.204165,-20.536225,-20.881746,-21.241260,-21.615390,-22.004854,-22.410517,-22.833245,-23.273756,-23.732394,-24.209139,-24.703427,-25.213668,-25.737772,-26.273405,-26.818112,-27.370099,
229.0,1.000000
229.000000,230.000000,231.000000,232.000000,233.000000,234.000000,235.000000,236.000000,237.000000,238.000000,239.000000,240.000000,241.000000,242.000000,243.000000,244.000000,245.000000,246.000000,247.000000,248.000000,249.000000,250.000000,251.000000,252.000000,253.000000,254.000000,255.000000,256.000000,257.000000,258.000000,259.000000,
27.480560,28.399087,29.316100,30.231263,31.144339,32.055134,32.963466,33.869150,34.771974,35.671708,36.568101,37.460865,38.349696,39.234287,40.114336,40.989573,41.859794,42.724938,43.585071,44.440438,45.291600,46.139310,46.984487,47.828271,48.671940,49.516894,50.364702,51.216982,52.075307,52.941085,53.815276,
-16.988369,-17.163819,-17.347128,-17.539610,-17.741935,-17.954466,-18.177418,-18.410949,-18.655207,-18.910339,-19.176495,-19.453823,-19.742481,-20.042644,-20.354515,-20.678340,-21.014447,-21.363316,-21.725548,-22.101891,-22.493345,-22.901007,-23.325970,-23.769215,-24.231498,-24.713119,-25.213460,-25.731284,-26.264717,-26.810917,-27.367579,
230.0,0.966667
230.000000,230.966667,231.933333,232.900000,233.866667,234.833333,235.800000,236.766667,237.733333,238.700000,239.666667,240.633333,241.600000,242.566667,243.533333,244.500000,245.466667,246.433333,247.400000,248.366667,249.333333,250.300000,251.266667,252.233333,253.200000,254.166667,255.133333,256.100000,257.066667,258.033333,259.000000,
28.457667,29.336431,30.213705,31.089159,31.962564,32.833729,33.702479,34.568630,35.431966,36.292248,37.149210,38.002550,38.851949,39.697098,40.537718,41.373587,42.204604,43.030896,43.852788,44.670869,45.486176,46.300003,47.113830,47.929336,48.748181,49.571777,50.400947,51.235946,52.076225,52.919821,53.764927,
-17.174594,-17.351795,-17.536424,-17.729738,-17.932371,-18.144653,-18.366765,-18.598822,-18.840926,-19.093175,-19.355661,-19.628477,-19.911720,-20.205504,-20.509974,-20.825327,-21.151852,-21.490017,-21.840443,-22.203949,-22.581692,-22.975004,-23.385315,-23.814122,-24.262779,-24.732229,-25.222539,-25.733054,-26.262208,-26.806919,-27.364557,
231.0,0.933333
231.000000,231.933333,232.866667,233.800000,234.733333,235.666667,236.600000,237.533333,238.466667,239.400000,240.333333,241.266667,242.200000,243.133333,244.066667,245.000000,245.933333,246.866667,247.800000,248.733333,249.666667,250.600000,251.533333,252.466667,253.400000,254.333333,255.266667,256.200000,257.133333,258.066667,259.000000,
28.945165,29.785780,30.624786,31.461860,32.296815,33.129556,33.960042,34.788283,35.614353,36.438366,37.260465,38.080827,38.899615,39.716928,40.532721,41.346905,42.159428,42.970367,43.779985,44.588867,45.398199,46.209458,47.024239,47.844121,48.670324,49.503201,50.341356,51.182026,52.020871,52.851069,53.667063,
-17.271470,-17.445421,-17.626178,-17.814920,-18.012253,-18.218504,-18.433872,-18.658514,-18.892611,-19.136363,-19.389996,-19.653770,-19.927957,-20.212823,-20.508608,-20.815564,-21.134001,-21.464357,-21.807226,-22.163452,-22.534332,-22.921437,-23.326552,-23.751706,-24.198867,-24.669604,-25.164573,-25.683570,-26.225189,-26.785970,-27.362865,
232.0,0.900000
232.000000,232.900000,233.800000,234.700000,235.600000,236.500000,237.400000,238.300000,239.200000,240.100000,241.000000,241.900000,242.800000,243.700000,244.600000,245.500000,246.400000,247.300000,248.200000,249.100000,250.000000,250.900000,251.800000,252.700000,253.600000,254.500000,255.400000,256.300000,257.200000,258.100000,259.000000,
29.917971,30.720670,31.522160,32.322578,33.122239,33.921501,34.720687,35.519989,36.319321,37.118411,37.916814,38.713862,39.508807,40.300937,41.089709,41.874758,42.655975,43.433699,44.208596,44.981684,45.754493,46.528783,47.306358,48.088902,48.877705,49.673243,50.474413,51.278886,52.082948,52.880795,53.667709,
-17.472951,-17.648053,-17.829625,-18.018957,-18.216806,-18.423654,-18.639826,-18.865547,-19.100954,-19.346125,-19.601089,-19.865801,-20.140198,-20.424233,-20.717923,-21.021370,-21.334815,-21.658749,-21.993878,-22.341168,-22.701997,-23.077981,-23.470901,-23.882688,-24.315163,-24.769738,-25.246945,-25.746505,-26.267068,-26.805517,-27.359134,
233.0,0.866667
233.000000,233.866667,234.733333,235.600000,236.466667,237.333333,238.200000,239.066667,239.933333,240.800000,241.666667,242.533333,243.400000,244.266667,245.133333,246.000000,246.866667,247.733333,248.600000,249.466667,250.333333,251.200000,252.066667,252.933333,253.800000,254.666667,255.533333,256.400000,257.266667,258.133333,259.000000,
30.887747,31.657301,32.430216,33.206093,33.984008,34.762866,35.541525,36.318909,37.094140,37.866482,38.635324,39.400226,40.160871,40.917064,41.668781,42.416151,43.159499,43.899456,44.636890,45.372928,46.109065,46.846959,47.588276,48.334544,49.086937,49.845924,50.610661,51.379264,52.148699,52.914248,53.672085,
-17.685001,-17.862056,-18.046511,-18.239505,-18.441467,-18.652474,-18.872427,-19.101164,-19.338538,-19.584425,-19.838731,-20.101407,-20.372453,-20.651921,-20.939951,-21.236776,-21.542759,-21.858485,-22.184727,-22.522475,-22.873061,-23.238004,-23.618936,-24.017563,-24.435456,-24.873783,-25.332896,-25.812415,-26.311041,-26.826017,-27.354970,
234.0,0.833333
234.000000,234.833333,235.666667,236.500000,237.333333,238.166667,239.000000,239.833333,240.666667,241.500000,242.333333,243.166667,244.000000,244.833333,245.666667,246.500000,247.333333,248.166667,249.000000,249.833333,250.666667,251.500000,252.333333,253.166667,254.000000,254.833333,255.666667,256.500000,257.333333,258.166667,259.000000,
31.854367,32.584892,33.314359,34.042773,34.770272,35.497029,36.223196,36.948848,37.673888,38.398115,39.121244,39.842901,40.562719,41.280425,41.995967,42.709493,43.421394,44.132440,44.843636,45.556170,46.271412,46.990746,47.715388,48.446157,49.183375,49.926594,50.674057,51.423040,52.169868,52.909588,53.638350,
-17.907941,-18.084679,-18.267126,-18.456424,-18.653211,-18.857854,-19.070562,-19.291447,-19.520557,-19.757902,-20.003472,-20.257254,-20.519253,-20.789541,-21.068313,-21.355885,-21.652735,-21.959593,-22.277377,-22.607192,-22.950392,-23.308450,-23.682871,-24.075109,-24.486429,-24.917682,-25.368954,-25.839666,-26.328452,-26.832750,-27.350412,
235.0,0.800000
235.000000,235.800000,236.600000,237.400000,238.200000,239.000000,239.800000,240.600000,241.400000,242.200000,243.000000,243.800000,244.600000,245.400000,246.200000,247.000000,247.800000,248.600000,249.400000,250.200000,251.000000,251.800000,252.600000,253.400000,254.200000,255.000000,255.800000,256.600000,257.400000,258.200000,259.000000,
32.817699,33.515026,34.212666,34.910629,35.608832,36.307061,37.005016,37.702318,38.398501,39.093075,39.785579,40.475657,41.163057,41.847682,42.529681,43.209402,43.887411,44.564581,45.241977,45.920795,46.602358,47.287962,47.978735,48.675422,49.378311,50.087008,50.799987,51.514895,52.228582,52.936879,53.636565,
-18.142090,-18.319603,-18.502880,-18.693028,-18.890605,-19.095849,-19.308814,-19.529453,-19.757665,-19.993334,-20.236359,-20.486696,-20.744360,-21.009457,-21.282235,-21.563069,-21.852490,-22.151258,-22.460301,-22.780704,-23.113754,-23.460823,-23.823285,-24.202427,-24.599330,-25.014686,-25.448477,-25.900095,-26.368251,-26.850679,-27.345504,
236.0,0.766667
236.000000,236.766667,237.533333,238.300000,239.066667,239.833333,240.600000,241.366667,242.133333,242.900000,243.666667,244.433333,245.200000,245.966667,246.733333,247.500000,248.266667,249.033333,249.800000,250.566667,251.333333,252.100000,252.866667,253.633333,254.400000,255.166667,255.933333,256.700000,257.466667,258.233333,259.000000,
33.298093,33.965922,34.637219,35.312042,35.989932,36.670150,37.351820,38.034043,38.715988,39.396917,40.076230,40.753551,41.428681,42.101606,42.772551,43.441910,44.110218,44.778173,45.446570,46.116259,46.788134,47.463029,48.141615,48.824235,49.510830,50.200747,50.892372,51.583408,52.270946,52.951368,53.621938,
-18.263467,-18.437759,-18.618346,-18.806335,-19.002199,-19.206051,-19.417815,-19.637321,-19.864392,-20.098864,-20.340623,-20.589649,-20.846004,-21.109849,-21.381481,-21.661308,-21.949857,-22.247807,-22.555956,-22.875210,-23.206613,-23.551263,-23.910243,-24.284552,-24.674999,-25.082046,-25.505544,-25.944840,-26.398738,-26.865295,-27.342935,
237.0,0.733333
237.000000,237.733333,238.466667,239.200000,239.933333,240.666667,241.400000,242.133333,242.866667,243.600000,244.333333,245.066667,245.800000,246.533333,247.266667,248.000000,248.733333,249.466667,250.200000,250.933333,251.666667,252.400000,253.133333,253.866667,254.600000,255.333333,256.066667,256.800000,257.533333,258.266667,259.000000,
34.256255,34.892125,35.530878,36.172609,36.816990,37.463461,38.111351,38.759966,39.408673,40.056909,40.704216,41.350298,41.994981,42.638206,43.280051,43.920704,44.560466,45.199778,45.839184,46.479315,47.120898,47.764652,48.411182,49.060837,49.713647,50.369159,51.026156,51.682873,52.337067,52.985956,53.627444,
-18.515028,-18.689348,-18.869447,-19.056392,-19.250669,-19.452430,-19.661644,-19.878194,-20.101953,-20.332806,-20.570679,-20.815576,-21.067570,-21.326806,-21.593527,-21.868065,-22.150847,-22.442433,-22.743488,-23.054777,-23.377195,-23.711678,-24.059142,-24.420401,-24.796088,-25.186521,-25.591488,-26.010350,-26.442031,-26.884886,-27.337604,
238.0,0.700000
238.000000,238.700000,239.400000,240.100000,240.800000,241.500000,242.200000,242.900000,243.600000,244.300000,245.000000,245.700000,246.400000,247.100000,247.800000,248.500000,249.200000,249.900000,250.600000,251.300000,252.000000,252.700000,253.400000,254.100000,254.800000,255.500000,256.200000,256.900000,257.600000,258.300000,259.000000,
35.210809,35.816138,36.423903,37.034146,37.646527,38.260497,38.875401,39.490567,40.105379,40.719297,41.331892,41.942913,42.552255,43.159965,43.766284,44.371592,44.976389,45.581300,46.187021,46.794275,47.403782,48.016184,48.631960,49.251294,49.874035,50.499578,51.126626,51.753403,52.377737,52.997057,53.609461,
-18.778596,-18.952821,-19.132381,-19.318269,-19.510924,-19.710462,-19.916821,-20.129848,-20.349383,-20.575278,-20.807435,-21.045847,-21.290588,-21.541830,-21.799872,-22.065120,-22.338083,-22.619400,-22.909799,-23.210084,-23.521130,-23.843823,-24.178994,-24.527352,-24.889411,-25.265391,-25.655029,-26.057684,-26.472339,-26.897521,-27.332068,
239.0,0.666667
239.000000,239.666667,240.333333,241.000000,241.666667,242.333333,243.000000,243.666667,244.333333,245.000000,245.666667,246.333333,247.000000,247.666667,248.333333,249.000000,249.666667,250.333333,251.000000,251.666667,252.333333,253.000000,253.666667,254.333333,255.000000,255.666667,256.333333,257.000000,257.666667,258.333333,259.000000,
36.161625,36.737576,37.315533,37.895519,38.477227,39.060164,39.643748,40.227372,40.810479,41.392574,41.973264,42.552309,43.129607,43.705200,44.279318,44.852335,45.424751,45.997212,46.570438,47.145175,47.722142,48.301973,48.885120,49.471733,50.061647,50.654294,51.248537,51.842847,52.435398,53.024095,53.607408,
-19.054490,-19.228393,-19.407175,-19.591771,-19.782601,-19.979781,-20.183249,-20.392860,-20.608449,-20.829868,-21.057011,-21.289861,-21.528480,-21.773027,-22.023788,-22.281157,-22.545633,-22.817844,-23.098501,-23.388375,-23.688278,-23.999010,-24.321292,-24.655687,-25.002568,-25.362027,-25.733745,-26.117077,-26.511092,-26.914524,-27.326398,
240.0,0.633333
240.000000,240.633333,241.266667,241.900000,242.533333,243.166667,243.800000,244.433333,245.066667,245.700000,246.333333,246.966667,247.600000,248.233333,248.866667,249.500000,250.133333,250.766667,251.400000,252.033333,252.666667,253.300000,253.933333,254.566667,255.200000,255.833333,256.466667,257.100000,257.733333,258.366667,259.000000,
37.108575,37.655420,38.202686,38.750218,39.297754,39.844996,40.391648,40.937448,41.482219,42.025855,42.568341,43.109774,43.650341,44.190316,44.730067,45.270032,45.810704,46.352629,46.896368,47.442462,47.991393,48.543537,49.099098,49.658008,50.219920,50.784148,51.349543,51.914644,52.477777,53.037107,53.591323,
-19.343031,-19.516061,-19.693036,-19.874756,-20.061618,-20.253781,-20.451269,-20.654045,-20.862074,-21.075343,-21.293885,-21.517809,-21.747296,-21.982599,-22.224068,-22.472128,-22.727278,-22.990099,-23.261227,-23.541325,-23.831072,-24.131115,-24.442018,-24.764194,-25.097878,-25.443063,-25.799390,-26.166237,-26.542751,-26.927839,-27.320673,
241.0,0.600000
241.000000,241.600000,242.200000,242.800000,243.400000,244.000000,244.600000,245.200000,245.800000,246.400000,247.000000,247.600000,248.200000,248.800000,249.400000,250.000000,250.600000,251.200000,251.800000,252.400000,253.000000,253.600000,254.200000,254.800000,255.400000,256.000000,256.600000,257.200000,257.800000,258.400000,259.000000,
37.580561,38.102024,38.625117,39.150073,39.676918,40.205542,40.735752,41.267309,41.799953,42.333423,42.867473,43.401889,43.936497,44.471173,45.005871,45.540608,46.075462,46.610591,47.146193,47.682480,48.219656,48.757871,49.297167,49.837408,50.378266,50.919179,51.459263,51.997420,52.532415,53.062921,53.588000,
-19.492144,-19.660985,-19.833858,-20.011689,-20.195010,-20.384099,-20.579081,-20.779987,-20.986811,-21.199530,-21.418129,-21.642627,-21.873078,-22.109585,-22.352319,-22.601507,-22.857437,-23.120468,-23.391003,-23.669474,-23.956327,-24.251985,-24.556808,-24.871040,-25.194787,-25.527973,-25.870260,-26.221119,-26.579859,-26.945634,-27.317817,
242.0,0.566667
242.000000,242.566667,243.133333,243.700000,244.266667,244.833333,245.400000,245.966667,246.533333,247.100000,247.666667,248.233333,248.800000,249.366667,249.933333,250.500000,251.066667,251.633333,252.200000,252.766667,253.333333,253.900000,254.466667,255.033333,255.600000,256.166667,256.733333,257.300000,257.866667,258.433333,259.000000,
38.521471,39.015941,39.511539,40.008385,40.506434,41.005538,41.505491,42.006060,42.507013,43.008135,43.509247,44.010229,44.511018,45.011613,45.512098,46.012616,46.513362,47.014580,47.516531,48.019461,48.523572,49.028989,49.535723,50.043606,50.552295,51.061244,51.569638,52.076494,52.580733,53.081228,53.577197,
-19.800253,-19.967933,-20.139153,-20.314740,-20.495169,-20.680688,-20.871402,-21.067336,-21.268479,-21.474813,-21.686336,-21.903087,-22.125151,-22.352661,-22.585822,-22.824897,-23.070196,-23.322087,-23.580967,-23.847242,-24.121310,-24.403532,-24.694196,-24.993477,-25.301418,-25.617904,-25.942600,-26.275011,-26.614525,-26.960420,-27.312172,
243.0,0.533333
243.000000,243.533333,244.066667,244.600000,245.133333,245.666667,246.200000,246.733333,247.266667,247.800000,248.333333,248.866667,249.400000,249.933333,250.466667,251.000000,251.533333,252.066667,252.600000,253.133333,253.666667,254.200000,254.733333,255.266667,255.800000,256.333333,256.866667,257.400000,257.933333,258.466667,259.000000,
39.458193,39.925842,40.393913,40.862392,41.331182,41.800141,42.269110,42.737932,43.206479,43.674654,44.142406,44.609750,45.076753,45.543539,46.010293,46.477245,46.944655,47.412804,47.881965,48.352382,48.824230,49.297599,49.772461,50.248617,50.725705,51.203190,51.680319,52.156213,52.629930,53.100533,53.567383,
-20.121806,-20.287778,-20.456684,-20.629242,-20.805877,-20.986826,-21.172210,-21.362080,-21.556467,-21.755398,-21.958918,-22.167113,-22.380112,-22.598088,-22.821273,-23.049943,-23.284412,-23.525032,-23.772169,-24.026182,-24.287409,-24.556140,-24.832590,-25.116859,-25.408931,-25.708647,-26.015670,-26.329540,-26.649709,-26.975574,-27.306703,
244.0,0.500000
244.000000,244.500000,245.000000,245.500000,246.000000,246.500000,247.000000,247.500000,248.000000,248.500000,249.000000,249.500000,250.000000,250.500000,251.000000,251.500000,252.000000,252.500000,253.000000,253.500000,254.000000,254.500000,255.000000,255.500000,256.000000,256.500000,257.000000,257.500000,258.000000,258.500000,259.000000,
40.390598,40.831235,41.271149,41.710189,42.148291,42.585452,43.021718,43.457170,43.891920,44.326105,44.759890,45.193463,45.627034,46.060830,46.495093,46.930067,47.365990,47.803080,48.241523,48.681452,49.122931,49.565938,50.010353,50.455925,50.902283,51.348927,51.795213,52.240412,52.683769,53.124552,53.562273,
-20.457124,-20.620670,-20.786330,-20.954702,-21.126199,-21.301113,-21.479655,-21.661987,-21.848252,-22.038586,-22.233131,-22.432051,-22.635530,-22.843777,-23.057030,-23.275547,-23.499599,-23.729467,-23.965426,-24.207734,-24.456611,-24.712228,-24.974692,-25.244012,-25.520105,-25.802783,-26.091725,-26.386525,-26.686722,-26.991831,-27.301514,
245.0,0.466667
245.000000,245.466667,245.933333,246.400000,246.866667,247.333333,247.800000,248.266667,248.733333,249.200000,249.666667,250.133333,250.600000,251.066667,251.533333,252.000000,252.466667,252.933333,253.400000,253.866667,254.333333,254.800000,255.266667,255.733333,256.200000,256.666667,257.133333,257.600000,258.066667,258.533333,259.000000,
41.318557,41.732552,42.145377,42.556787,42.966680,43.375059,43.782006,44.187658,44.592195,44.995827,45.398790,45.801337,46.203730,46.606236,47.009122,47.412644,47.817038,48.222512,48.629233,49.037319,49.446818,49.857707,50.269879,50.683123,51.097136,51.511525,51.925796,52.339403,52.751794,53.162451,53.571033,
-20.806525,-20.967178,-21.129440,-21.293813,-21.460674,-21.630313,-21.802966,-21.978831,-22.158092,-22.340924,-22.527503,-22.718016,-22.912660,-23.111639,-23.315173,-23.523485,-23.736798,-23.955330,-24.179283,-24.408831,-24.644109,-24.885205,-25.132146,-25.384880,-25.643280,-25.907140,-26.176165,-26.450000,-26.728268,-27.010592,-27.296720,
246.0,0.433333
246.000000,246.433333,246.866667,247.300000,247.733333,248.166667,248.600000,249.033333,249.466667,249.900000,250.333333,250.766667,251.200000,251.633333,252.066667,252.500000,252.933333,253.366667,253.800000,254.233333,254.666667,255.100000,255.533333,255.966667,256.400000,256.833333,257.266667,257.700000,258.133333,258.566667,259.000000,
42.241943,42.629322,43.015712,43.400877,43.784695,44.167129,44.548204,44.927991,45.306599,45.684159,46.060825,46.436765,46.812157,47.187184,47.562033,47.936888,48.311928,48.687316,49.063199,49.439700,49.816905,50.194865,50.573587,50.953019,51.333063,51.713567,52.094324,52.475096,52.855634,53.235699,53.615131,
-21.170330,-21.327487,-21.486117,-21.646686,-21.809550,-21.974979,-22.143187,-22.314349,-22.488613,-22.666112,-22.846972,-23.031315,-23.219260,-23.410930,-23.606445,-23.805924,-24.009480,-24.217216,-24.429219,-24.645557,-24.866264,-25.091342,-25.320753,-25.554406,-25.792165,-26.033846,-26.279215,-26.528011,-26.779967,-27.034833,-27.292445,
247.0,0.400000
247.000000,247.400000,247.800000,248.200000,248.600000,249.000000,249.400000,249.800000,250.200000,250.600000,251.000000,251.400000,251.800000,252.200000,252.600000,253.000000,253.400000,253.800000,254.200000,254.600000,255.000000,255.400000,255.800000,256.200000,256.600000,257.000000,257.400000,257.800000,258.200000,258.600000,259.000000,
43.160624,43.520834,43.880216,44.238550,44.595704,44.951611,45.306255,45.659658,46.011872,46.362969,46.713040,47.062187,47.410524,47.758171,48.105254,48.451900,48.798240,49.144401,49.490506,49.836671,50.183003,50.529596,50.876529,51.223862,51.571637,51.919874,52.268573,52.617715,52.967270,53.317199,53.667473,
-21.548856,-21.701584,-21.855691,-22.011618,-22.169693,-22.330164,-22.493216,-22.658987,-22.827585,-22.999093,-23.173576,-23.351089,-23.531675,-23.715369,-23.902199,-24.092185,-24.285336,-24.481651,-24.681115,-24.883697,-25.089346,-25.297991,-25.509539,-25.723870,-25.940844,-26.160302,-26.382067,-26.605958,-26.831804,-27.059455,-27.288819,
248.0,0.366667
248.000000,248.366667,248.733333,249.100000,249.466667,249.833333,250.200000,250.566667,250.933333,251.300000,251.666667,252.033333,252.400000,252.766667,253.133333,253.500000,253.866667,254.233333,254.600000,254.966667,255.333333,255.700000,256.066667,256.433333,256.800000,257.166667,257.533333,257.900000,258.266667,258.633333,259.000000,
44.074474,44.406846,44.738479,45.069156,45.398730,45.727110,46.054250,46.380134,46.704776,47.028210,47.350486,47.671670,47.991839,48.311082,48.629494,48.947182,49.264257,49.580839,49.897052,50.213024,50.528887,50.844773,51.160814,51.477141,51.793875,52.111134,52.429020,52.747625,53.067020,53.387256,53.708359,
-21.942425,-22.089632,-22.238089,-22.388193,-22.540237,-22.694430,-22.850921,-23.009810,-23.171161,-23.335012,-23.501378,-23.670256,-23.841634,-24.015487,-24.191781,-24.370473,-24.551514,-24.734847,-24.920404,-25.108112,-25.297887,-25.489637,-25.683260,-25.878647,-26.075680,-26.274239,-26.474202,-26.675452,-26.877883,-27.081410,-27.285983,
249.0,0.333333
249.000000,249.333333,249.666667,250.000000,250.333333,250.666667,251.000000,251.333333,251.666667,252.000000,252.333333,252.666667,253.000000,253.333333,253.666667,254.000000,254.333333,254.666667,255.000000,255.333333,255.666667,256.000000,256.333333,256.666667,257.000000,257.333333,257.666667,258.000000,258.333333,258.666667,259.000000,
44.983363,45.287188,45.590320,45.892543,46.193701,46.493691,46.792449,47.089941,47.386163,47.681129,47.974874,48.267447,48.558911,48.849342,49.138826,49.427460,49.715353,50.002621,50.289392,50.575798,50.861984,51.148097,51.434292,51.720725,52.007552,52.294927,52.582994,52.871886,53.161716,53.452569,53.744494,
-22.351355,-22.491837,-22.633398,-22.776383,-22.921037,-23.067535,-23.215990,-23.366471,-23.519010,-23.673608,-23.830249,-23.988896,-24.149500,-24.311999,-24.476325,-24.642403,-24.810152,-24.979487,-25.150318,-25.322555,-25.496103,-25.670870,-25.846759,-26.023677,-26.201534,-26.380242,-26.559719,-26.739895,-26.920707,-27.102113,-27.284086,
250.0,0.300000
250.000000,250.300000,250.600000,250.900000,251.200000,251.500000,251.800000,252.100000,252.400000,252.700000,253.000000,253.300000,253.600000,253.900000,254.200000,254.500000,254.800000,255.100000,255.400000,255.700000,256.000000,256.300000,256.600000,256.900000,257.200000,257.500000,257.800000,258.100000,258.400000,258.700000,259.000000,
45.887163,46.161731,46.435636,46.708661,46.980652,47.251498,47.521131,47.789512,48.056632,48.322502,48.587152,48.850632,49.113002,49.374336,49.634723,49.894260,50.153053,50.411222,50.668891,50.926196,51.183278,51.440285,51.697370,51.954687,52.212390,52.470633,52.729558,52.989297,53.249962,53.511639,53.774375,
-22.775965,-22.908417,-23.041728,-23.176174,-23.311954,-23.449203,-23.588007,-23.728414,-23.870437,-24.014064,-24.159265,-24.305992,-24.454186,-24.603778,-24.754691,-24.906846,-25.060156,-25.214536,-25.369900,-25.526161,-25.683234,-25.841037,-25.999493,-26.158527,-26.318072,-26.478068,-26.638461,-26.799208,-26.960274,-27.121636,-27.283283,
251.0,0.266667
251.000000,251.266667,251.533333,251.800000,252.066667,252.333333,252.600000,252.866667,253.133333,253.400000,253.666667,253.933333,254.200000,254.466667,254.733333,255.000000,255.266667,255.533333,255.800000,256.066667,256.333333,256.600000,256.866667,257.133333,257.400000,257.666667,257.933333,258.200000,258.466667,258.733333,259.000000,
46.785744,47.030418,47.274475,47.517710,47.759974,48.001161,48.241203,48.480066,48.717739,48.954236,49.189589,49.423846,49.657071,49.889338,50.120736,50.351359,50.581313,50.810711,51.039672,51.268323,51.496793,51.725218,51.953731,52.182471,52.411572,52.641162,52.871364,53.102288,53.334024,53.566643,53.800184,
-23.216576,-23.339637,-23.463312,-23.587802,-23.713252,-23.839764,-23.967400,-24.096197,-24.226161,-24.357284,-24.489537,-24.622881,-24.757268,-24.892639,-25.028933,-25.166083,-25.304021,-25.442678,-25.581984,-25.721872,-25.862277,-26.003138,-26.144396,-26.285999,-26.427900,-26.570057,-26.712437,-26.855012,-26.997762,-27.140674,-27.283743,
252.0,0.233333
252.000000,252.233333,252.466667,252.700000,252.933333,253.166667,253.400000,253.633333,253.866667,254.100000,254.333333,254.566667,254.800000,255.033333,255.266667,255.500000,255.733333,255.966667,256.200000,256.433333,256.666667,256.900000,257.133333,257.366667,257.600000,257.833333,258.066667,258.300000,258.533333,258.766667,259.000000,
47.678978,47.893222,48.106938,48.319950,48.532124,48.743366,48.953617,49.162844,49.371038,49.578212,49.784395,49.989633,50.193982,50.397511,50.600299,50.802431,51.004001,51.205108,51.405855,51.606350,51.806701,52.007019,52.207415,52.407997,52.608871,52.810136,53.011885,53.214200,53.417147,53.620777,53.825116,
-23.673506,-23.785792,-23.898461,-24.011642,-24.125430,-24.239896,-24.355082,-24.471017,-24.587708,-24.705152,-24.823334,-24.942231,-25.061812,-25.182041,-25.302878,-25.424280,-25.546203,-25.668601,-25.791430,-25.914645,-26.038204,-26.162066,-26.286196,-26.410558,-26.535123,-26.659865,-26.784763,-26.909799,-27.034962,-27.160244,-27.285640,
253.0,0.200000
253.000000,253.200000,253.400000,253.600000,253.800000,254.000000,254.200000,254.400000,254.600000,254.800000,255.000000,255.200000,255.400000,255.600000,255.800000,256.000000,256.200000,256.400000,256.600000,256.800000,257.000000,257.200000,257.400000,257.600000,257.800000,258.000000,258.200000,258.400000,258.600000,258.800000,259.000000,
48.566735,48.750162,48.933191,49.115686,49.297542,49.478684,49.659062,49.838647,50.017432,50.195422,50.372640,50.549117,50.724899,50.900037,51.074592,51.248629,51.422221,51.595442,51.768371,51.941088,52.113675,52.286212,52.458781,52.631459,52.804321,52.977436,53.150867,53.324670,53.498889,53.673557,53.848693,
-24.147075,-24.247207,-24.347539,-24.448141,-24.549066,-24.650356,-24.752037,-24.854127,-24.956635,-25.059563,-25.162907,-25.266656,-25.370797,-25.475312,-25.580183,-25.685388,-25.790904,-25.896708,-26.002776,-26.109087,-26.215616,-26.322343,-26.429247,-26.536312,-26.643520,-26.750857,-26.858312,-26.965875,-27.073540,-27.181302,-27.289159,
