27.0,1.800000
27.000000,28.800000,30.600000,32.400000,34.200000,36.000000,37.800000,39.600000,41.400000,43.200000,45.000000,46.800000,48.600000,50.400000,52.200000,54.000000,55.800000,57.600000,59.400000,61.200000,63.000000,64.800000,66.600000,68.400000,70.200000,72.000000,73.800000,75.600000,77.400000,79.200000,81.000000,
-18.648401,-17.344576,-16.066792,-14.810876,-13.570860,-12.340714,-11.114696,-9.888166,-8.660196,-7.430959,-6.200920,-4.970484,-3.740019,-2.509822,-1.279957,-0.050418,1.178816,2.407765,3.636404,4.864548,6.091479,7.316530,8.539746,9.763711,10.992461,12.232767,13.499837,14.806843,16.151139,17.474865,18.720733,
-14.160378,-14.152724,-14.139182,-14.119981,-14.095972,-14.069027,-14.041337,-14.015229,-13.993208,-13.977766,-13.971181,-13.974965,-13.990303,-14.017954,-14.057470,-14.107954,-14.168081,-14.235443,-14.307251,-14.380450,-14.451376,-14.516099,-14.570322,-14.608688,-14.625355,-14.613769,-14.565300,-14.471903,-14.329731,-14.149545,-13.942938,
28.0,1.766667
28.000000,29.766667,31.533333,33.300000,35.066667,36.833333,38.600000,40.366667,42.133333,43.900000,45.666667,47.433333,49.200000,50.966667,52.733333,54.500000,56.266667,58.033333,59.800000,61.566667,63.333333,65.100000,66.866667,68.633333,70.400000,72.166667,73.933333,75.700000,77.466667,79.233333,81.000000,
-18.152029,-16.853071,-15.557244,-14.271745,-13.002925,-11.752254,-10.519428,-9.302717,-8.097088,-6.896809,-5.696989,-4.496408,-3.294969,-2.092910,-0.890529,0.311872,1.514035,2.715866,3.917275,5.118026,6.317356,7.514595,8.709925,9.906476,11.108972,12.324854,13.569648,14.856493,16.181923,17.485759,18.708581,
-14.158703,-14.148225,-14.131712,-14.109796,-14.083773,-14.055850,-14.028497,-14.004188,-13.985173,-13.973565,-13.971243,-13.979374,-13.998812,-14.030016,-14.072350,-14.124762,-14.185815,-14.253120,-14.323953,-14.395352,-14.463841,-14.525698,-14.576837,-14.612117,-14.625909,-14.611891,-14.561766,-14.467831,-14.326471,-14.148037,-13.943672,
29.0,1.733333
29.000000,30.733333,32.466667,34.200000,35.933333,37.666667,39.400000,41.133333,42.866667,44.600000,46.333333,48.066667,49.800000,51.533333,53.266667,55.000000,56.733333,58.466667,60.200000,61.933333,63.666667,65.400000,67.133333,68.866667,70.600000,72.333333,74.066667,75.800000,77.533333,79.266667,81.000000,
-17.154980,-15.886992,-14.622109,-13.367121,-12.128017,-10.906220,-9.701458,-8.512092,-7.333393,-6.159967,-4.987201,-3.813862,-2.639778,-1.465115,-0.290149,0.884825,2.059566,3.234029,4.408206,5.582011,6.755049,7.926980,9.097948,10.269746,11.445096,12.628320,13.828412,15.053118,16.301139,17.540748,18.740508,
-14.152504,-14.137014,-14.116356,-14.091597,-14.064383,-14.036961,-14.011732,-13.991030,-13.976809,-13.970837,-13.974623,-13.988949,-14.014283,-14.050718,-14.097356,-14.152916,-14.215775,-14.283498,-14.353353,-14.422393,-14.487202,-14.544137,-14.589221,-14.617543,-14.623816,-14.602365,-14.546541,-14.450436,-14.311693,-14.139675,-13.944265,
30.0,1.700000
30.000000,31.700000,33.400000,35.100000,36.800000,38.500000,40.200000,41.900000,43.600000,45.300000,47.000000,48.700000,50.400000,52.100000,53.800000,55.500000,57.200000,58.900000,60.600000,62.300000,64.000000,65.700000,67.400000,69.100000,70.800000,72.500000,74.200000,75.900000,77.600000,79.300000,81.000000,
-16.654759,-15.418191,-14.180447,-12.942057,-11.704537,-10.472220,-9.250054,-8.042293,-6.850190,-5.673770,-4.511825,-3.360137,-2.213803,-1.068570,0.076894,1.222964,2.369659,3.516712,4.663755,5.810344,6.955891,8.099967,9.242851,10.387086,11.536384,12.696211,13.876910,15.087057,16.324263,17.550133,18.726811,
-14.147827,-14.130223,-14.108009,-14.082276,-14.054706,-14.027659,-14.003658,-13.985103,-13.973809,-13.971335,-13.978931,-13.997053,-14.025827,-14.065041,-14.113648,-14.170276,-14.233252,-14.300213,-14.368536,-14.435409,-14.497620,-14.551743,-14.594017,-14.619738,-14.623806,-14.600710,-14.543905,-14.447564,-14.309375,-14.138398,-13.944215,
31.0,1.666667
31.000000,32.666667,34.333333,36.000000,37.666667,39.333333,41.000000,42.666667,44.333333,46.000000,47.666667,49.333333,51.000000,52.666667,54.333333,56.000000,57.666667,59.333333,61.000000,62.666667,64.333333,66.000000,67.666667,69.333333,71.000000,72.666667,74.333333,76.000000,77.666667,79.333333,81.000000,
-16.153681,-14.948839,-13.743868,-12.538374,-11.332031,-10.124851,-8.917227,-7.710479,-6.508719,-5.316687,-4.138472,-2.975334,-1.827338,-0.693338,0.430723,1.549567,2.667273,3.785052,4.903134,6.021288,7.138696,8.254650,9.369408,10.486385,11.610491,12.748543,13.912327,15.111177,16.341144,17.555725,18.709313,
-14.142064,-14.122609,-14.099255,-14.073168,-14.046047,-14.020148,-13.997865,-13.981486,-13.972820,-13.973418,-13.984452,-14.006056,-14.037969,-14.079632,-14.129861,-14.187216,-14.250009,-14.315971,-14.382612,-14.447274,-14.506953,-14.558443,-14.598188,-14.621665,-14.623931,-14.599580,-14.542083,-14.445602,-14.307799,-14.137482,-13.943990,
32.0,1.633333
32.000000,33.633333,35.266667,36.900000,38.533333,40.166667,41.800000,43.433333,45.066667,46.700000,48.333333,49.966667,51.600000,53.233333,54.866667,56.500000,58.133333,59.766667,61.400000,63.033333,64.666667,66.300000,67.933333,69.566667,71.200000,72.833333,74.466667,76.100000,77.733333,79.366667,81.000000,
-15.149661,-13.975103,-12.800366,-11.625065,-10.448899,-9.271952,-8.094684,-6.918433,-5.747080,-4.585083,-3.436279,-2.301866,-1.181898,-0.075280,1.021789,2.113746,3.204455,4.295214,5.386429,6.478081,7.569629,8.660545,9.750855,10.842419,11.938023,13.041690,14.160651,15.300963,16.461558,17.618789,18.749255,
-14.127396,-14.104463,-14.079058,-14.052556,-14.026748,-14.003756,-13.985750,-13.974739,-13.972139,-13.979078,-13.996315,-14.023661,-14.060570,-14.106231,-14.159325,-14.218316,-14.281454,-14.346494,-14.410991,-14.472346,-14.527624,-14.573703,-14.607154,-14.623725,-14.618856,-14.587784,-14.525378,-14.427301,-14.292231,-14.128102,-13.943152,
33.0,1.600000
33.000000,34.600000,36.200000,37.800000,39.400000,41.000000,42.600000,44.200000,45.800000,47.400000,49.000000,50.600000,52.200000,53.800000,55.400000,57.000000,58.600000,60.200000,61.800000,63.400000,65.000000,66.600000,68.200000,69.800000,71.400000,73.000000,74.600000,76.200000,77.800000,79.400000,81.000000,
-14.647033,-13.502510,-12.358085,-11.213660,-10.069080,-8.924078,-7.778387,-6.631856,-5.484717,-4.337558,-3.191765,-2.050977,-0.919333,0.199642,1.304931,2.396594,3.475721,4.545697,5.610425,6.673230,7.735004,8.796047,9.857145,10.921277,11.992497,13.076212,14.181171,15.314128,16.471932,17.620962,18.728326,
-14.118621,-14.094753,-14.069170,-14.043240,-14.018683,-13.997458,-13.981555,-13.972826,-13.972640,-13.982102,-14.001942,-14.031916,-14.071386,-14.119386,-14.174283,-14.234206,-14.297168,-14.361051,-14.423656,-14.482655,-14.535382,-14.578965,-14.610195,-14.624973,-14.618845,-14.587085,-14.524435,-14.426400,-14.291526,-14.127563,-13.942603,
34.0,1.566667
34.000000,35.566667,37.133333,38.700000,40.266667,41.833333,43.400000,44.966667,46.533333,48.100000,49.666667,51.233333,52.800000,54.366667,55.933333,57.500000,59.066667,60.633333,62.200000,63.766667,65.333333,66.900000,68.466667,70.033333,71.600000,73.166667,74.733333,76.300000,77.866667,79.433333,81.000000,
-13.641205,-12.526204,-11.410918,-10.295008,-9.178252,-8.060863,-6.943422,-5.827271,-4.715838,-3.613019,-2.522145,-1.444262,-0.379381,0.673514,1.717740,2.757164,3.795128,4.832736,5.870276,6.907652,7.944339,8.979989,10.015256,11.053853,12.100835,13.162530,14.248035,15.363928,16.505892,17.636960,18.721189,
-14.098699,-14.073322,-14.047715,-14.023344,-14.001889,-13.985081,-13.974602,-13.971925,-13.977898,-13.993076,-14.017692,-14.051235,-14.092899,-14.141681,-14.196225,-14.255016,-14.316381,-14.378295,-14.438585,-14.494948,-14.544824,-14.585471,-14.613816,-14.625914,-14.617461,-14.583886,-14.520096,-14.421760,-14.287509,-14.124792,-13.941379,
35.0,1.533333
35.000000,36.533333,38.066667,39.600000,41.133333,42.666667,44.200000,45.733333,47.266667,48.800000,50.333333,51.866667,53.400000,54.933333,56.466667,58.000000,59.533333,61.066667,62.600000,64.133333,65.666667,67.200000,68.733333,70.266667,71.800000,73.333333,74.866667,76.400000,77.933333,79.466667,81.000000,
-13.138228,-12.052385,-10.966547,-9.880707,-8.794855,-7.708958,-6.622970,-5.536813,-4.450325,-3.363349,-2.275843,-1.188107,-0.100760,0.984916,2.065845,3.138541,4.199993,5.249130,6.285775,7.310668,8.326562,9.336928,10.345523,11.356268,12.373338,13.401526,14.447349,15.515654,16.604249,17.690277,18.751404,
-14.087815,-14.062567,-14.037760,-14.014792,-13.995217,-13.980591,-13.972419,-13.972039,-13.980314,-13.997860,-14.024992,-14.061309,-14.106082,-14.158256,-14.216059,-14.277461,-14.340317,-14.402372,-14.461333,-14.514887,-14.560694,-14.596312,-14.619001,-14.625172,-14.610930,-14.572257,-14.505050,-14.406000,-14.274399,-14.117006,-13.940749,
36.0,1.500000
36.000000,37.500000,39.000000,40.500000,42.000000,43.500000,45.000000,46.500000,48.000000,49.500000,51.000000,52.500000,54.000000,55.500000,57.000000,58.500000,60.000000,61.500000,63.000000,64.500000,66.000000,67.500000,69.000000,70.500000,72.000000,73.500000,75.000000,76.500000,78.000000,79.500000,81.000000,
-12.132595,-11.075500,-10.018411,-8.961212,-7.903758,-6.845850,-5.787317,-4.728127,-3.668652,-2.609593,-1.552273,-0.499622,0.545076,1.579043,2.601440,3.612319,4.612570,5.604830,6.592164,7.577257,8.561157,9.544527,10.528459,11.515780,12.510136,13.516007,14.539653,15.585654,16.651551,17.714581,18.752577,
-14.064961,-14.040344,-14.017486,-13.997786,-13.982673,-13.973466,-13.971380,-13.977439,-13.992149,-14.015750,-14.048169,-14.088614,-14.135996,-14.189020,-14.246042,-14.305291,-14.364952,-14.423189,-14.478126,-14.527782,-14.569891,-14.601993,-14.621333,-14.624407,-14.607448,-14.566614,-14.498091,-14.398865,-14.268404,-14.113119,-13.939550,
37.0,1.466667
37.000000,38.466667,39.933333,41.400000,42.866667,44.333333,45.800000,47.266667,48.733333,50.200000,51.666667,53.133333,54.600000,56.066667,57.533333,59.000000,60.466667,61.933333,63.400000,64.866667,66.333333,67.800000,69.266667,70.733333,72.200000,73.666667,75.133333,76.600000,78.066667,79.533333,81.000000,
-11.630082,-10.601092,-9.572078,-8.543044,-7.513991,-6.484892,-5.455709,-4.426370,-3.396732,-2.366667,-1.336164,-0.305563,0.724499,1.752805,2.776672,3.793063,4.799322,5.794328,6.777745,7.750125,8.713958,9.672593,10.630075,11.591736,12.563443,13.551432,14.562535,15.600809,16.661198,17.713382,18.728282,
-14.053325,-14.029863,-14.008686,-13.991110,-13.978422,-13.971760,-13.972156,-13.980464,-13.997089,-14.022206,-14.055730,-14.096999,-14.145078,-14.198782,-14.256410,-14.316073,-14.375816,-14.433668,-14.487646,-14.535747,-14.575918,-14.605987,-14.623466,-14.625013,-14.606967,-14.565527,-14.496795,-14.397649,-14.267453,-14.112443,-13.939010,
38.0,1.433333
38.000000,39.433333,40.866667,42.300000,43.733333,45.166667,46.600000,48.033333,49.466667,50.900000,52.333333,53.766667,55.200000,56.633333,58.066667,59.500000,60.933333,62.366667,63.800000,65.233333,66.666667,68.100000,69.533333,70.966667,72.400000,73.833333,75.266667,76.700000,78.133333,79.566667,81.000000,
-11.127847,-10.126645,-9.125376,-8.124042,-7.122656,-6.121250,-5.119866,-4.118551,-3.117363,-2.116364,-1.115603,-0.115106,0.885121,1.885097,2.884904,3.884647,4.884457,5.884502,6.884945,7.885896,8.887307,9.889008,10.890616,11.891229,12.889781,13.885229,14.876767,15.864115,16.848355,17.834172,18.825978,
-14.041784,-14.019769,-14.000499,-13.985208,-13.975046,-13.970989,-13.973896,-13.984453,-14.002938,-14.029421,-14.063743,-14.105269,-14.153142,-14.206299,-14.263284,-14.322465,-14.382057,-14.439996,-14.494081,-14.541966,-14.581005,-14.608407,-14.621243,-14.616305,-14.590436,-14.540907,-14.466237,-14.365907,-14.241067,-14.096956,-13.938528,
39.0,1.400000
39.000000,40.400000,41.800000,43.200000,44.600000,46.000000,47.400000,48.800000,50.200000,51.600000,53.000000,54.400000,55.800000,57.200000,58.600000,60.000000,61.400000,62.800000,64.200000,65.600000,67.000000,68.400000,69.800000,71.200000,72.600000,74.000000,75.400000,76.800000,78.200000,79.600000,81.000000,
-10.124369,-9.150564,-8.176694,-7.202788,-6.228885,-5.255038,-4.281293,-3.307678,-2.334170,-1.360713,-0.387208,0.586528,1.560665,2.535229,3.509847,4.483825,5.455924,6.423591,7.383991,8.334745,9.275135,10.205494,11.127647,12.046790,12.969329,13.901884,14.850522,15.819099,16.805445,17.791650,18.760347,
-14.019699,-14.000885,-13.985747,-13.975436,-13.970921,-13.972934,-13.982069,-13.998743,-14.022992,-14.054655,-14.093359,-14.138313,-14.188521,-14.242808,-14.299657,-14.357402,-14.414274,-14.468337,-14.517595,-14.560027,-14.593615,-14.616265,-14.625685,-14.619042,-14.593334,-14.545590,-14.473100,-14.373915,-14.248102,-14.100959,-13.937768,
40.0,1.366667
40.000000,41.366667,42.733333,44.100000,45.466667,46.833333,48.200000,49.566667,50.933333,52.300000,53.666667,55.033333,56.400000,57.766667,59.133333,60.500000,61.866667,63.233333,64.600000,65.966667,67.333333,68.700000,70.066667,71.433333,72.800000,74.166667,75.533333,76.900000,78.266667,79.633333,81.000000,
-9.623183,-8.676356,-7.729464,-6.782529,-5.835580,-4.888663,-3.941824,-2.995111,-2.048566,-1.102225,-0.156110,0.789784,1.735482,2.681018,3.626451,4.571844,5.517254,6.462709,7.408233,8.353846,9.299583,10.245519,11.191835,12.138987,13.087520,14.037969,14.990744,15.945806,16.901918,17.854775,18.800390,
-14.009511,-13.992911,-13.980254,-13.972601,-13.970788,-13.975411,-13.986923,-14.005616,-14.031440,-14.064163,-14.103373,-14.148295,-14.197981,-14.251328,-14.306956,-14.363354,-14.418898,-14.471769,-14.520040,-14.561659,-14.594317,-14.615571,-14.622831,-14.613221,-14.583887,-14.532325,-14.457042,-14.357430,-14.234482,-14.092993,-13.937505,
41.0,1.333333
41.000000,42.333333,43.666667,45.000000,46.333333,47.666667,49.000000,50.333333,51.666667,53.000000,54.333333,55.666667,57.000000,58.333333,59.666667,61.000000,62.333333,63.666667,65.000000,66.333333,67.666667,69.000000,70.333333,71.666667,73.000000,74.333333,75.666667,77.000000,78.333333,79.666667,81.000000,
-9.122386,-8.202019,-7.281599,-6.361150,-5.440708,-4.520312,-3.600005,-2.679824,-1.759793,-0.839926,0.079769,0.999308,1.918702,2.837950,3.756997,4.675759,5.594118,6.511885,7.428919,8.345284,9.261588,10.178878,11.098929,12.025168,12.961398,13.910855,14.874763,15.851449,16.832883,17.795581,18.718118,
-14.000124,-13.985911,-13.975840,-13.970886,-13.971762,-13.978939,-13.992748,-14.013368,-14.040675,-14.074380,-14.114035,-14.158873,-14.207976,-14.260293,-14.314539,-14.369320,-14.423150,-14.474393,-14.521317,-14.562064,-14.594519,-14.616391,-14.625160,-14.617800,-14.591175,-14.542325,-14.468915,-14.369476,-14.244423,-14.098746,-13.937324,
42.0,1.300000
42.000000,43.300000,44.600000,45.900000,47.200000,48.500000,49.800000,51.100000,52.400000,53.700000,55.000000,56.300000,57.600000,58.900000,60.200000,61.500000,62.800000,64.100000,65.400000,66.700000,68.000000,69.300000,70.600000,71.900000,73.200000,74.500000,75.800000,77.100000,78.400000,79.700000,81.000000,
-8.121984,-7.227477,-6.332940,-5.438403,-4.543908,-3.649496,-2.755210,-1.861086,-0.967145,-0.073396,0.820162,1.713553,2.606811,3.499972,4.393060,5.286095,6.179079,7.071976,7.964757,8.857446,9.750215,10.643369,11.537455,12.433563,13.332932,14.236677,15.145411,16.058855,16.974685,17.885650,18.785105,
-13.984410,-13.975192,-13.970601,-13.971500,-13.978421,-13.991630,-14.011242,-14.037230,-14.069298,-14.107007,-14.149775,-14.196758,-14.246984,-14.299366,-14.352627,-14.405393,-14.456207,-14.503468,-14.545484,-14.580449,-14.606333,-14.620975,-14.622088,-14.607140,-14.573633,-14.519400,-14.443194,-14.344591,-14.224600,-14.087477,-13.937216,
43.0,1.266667
43.000000,44.266667,45.533333,46.800000,48.066667,49.333333,50.600000,51.866667,53.133333,54.400000,55.666667,56.933333,58.200000,59.466667,60.733333,62.000000,63.266667,64.533333,65.800000,67.066667,68.333333,69.600000,70.866667,72.133333,73.400000,74.666667,75.933333,77.200000,78.466667,79.733333,81.000000,
-7.622368,-6.753243,-5.884106,-5.014991,-4.145933,-3.276967,-2.408123,-1.539423,-0.670871,0.197538,1.065811,1.933959,2.801981,3.669851,4.537470,5.404709,6.271425,7.137467,8.002774,8.867559,9.732698,10.599547,11.470144,12.347949,13.236651,14.139140,15.055860,15.984314,16.916227,17.830059,18.706448,
-13.978393,-13.971962,-13.970181,-13.973830,-13.983341,-13.998879,-14.020471,-14.048008,-14.081150,-14.119431,-14.162256,-14.208811,-14.258169,-14.309306,-14.361044,-14.412125,-14.461224,-14.506897,-14.547619,-14.581745,-14.607377,-14.622458,-14.624722,-14.611491,-14.580015,-14.527757,-14.452852,-14.354262,-14.232586,-14.092191,-13.937286,
44.0,1.233333
44.000000,45.233333,46.466667,47.700000,48.933333,50.166667,51.400000,52.633333,53.866667,55.100000,56.333333,57.566667,58.800000,60.033333,61.266667,62.500000,63.733333,64.966667,66.200000,67.433333,68.666667,69.900000,71.133333,72.366667,73.600000,74.833333,76.066667,77.300000,78.533333,79.766667,81.000000,
-6.624240,-5.780118,-4.936019,-4.091977,-3.248028,-2.404205,-1.560536,-0.717038,0.126288,0.969451,1.812469,2.655373,3.498199,4.340974,5.183704,6.026383,6.868992,7.711491,8.553854,9.396133,10.238561,11.081522,11.925627,12.771974,13.621779,14.476094,15.335406,16.199353,17.065789,17.928495,18.781823,
-13.970730,-13.970052,-13.974194,-13.983818,-13.999193,-14.020315,-14.047041,-14.079103,-14.116039,-14.157277,-14.202143,-14.249782,-14.299243,-14.349497,-14.399383,-14.447671,-14.493061,-14.534138,-14.569406,-14.597269,-14.615930,-14.623484,-14.617934,-14.597133,-14.559006,-14.501825,-14.424748,-14.327690,-14.211763,-14.080630,-13.937661,
45.0,1.200000
45.000000,46.200000,47.400000,48.600000,49.800000,51.000000,52.200000,53.400000,54.600000,55.800000,57.000000,58.200000,59.400000,60.600000,61.800000,63.000000,64.200000,65.400000,66.600000,67.800000,69.000000,70.200000,71.400000,72.600000,73.800000,75.000000,76.200000,77.400000,78.600000,79.800000,81.000000,
-6.125683,-5.306273,-4.486909,-3.667618,-2.848428,-2.029359,-1.210422,-0.391623,0.427048,1.245604,2.064057,2.882402,3.700619,4.518658,5.336402,6.153719,6.970490,7.786653,8.602275,9.417712,10.233974,11.052506,11.875285,12.705297,13.545579,14.398292,15.263180,16.137411,17.013587,17.874446,18.704717,
-13.969325,-13.971543,-13.978450,-13.990635,-14.008287,-14.031335,-14.059576,-14.092693,-14.130205,-14.171537,-14.216024,-14.262856,-14.311140,-14.359919,-14.408134,-14.454665,-14.498337,-14.537872,-14.571915,-14.598997,-14.617417,-14.625330,-14.620732,-14.601331,-14.564823,-14.509169,-14.433053,-14.335920,-14.218577,-14.084750,-13.937954,
46.0,1.166667
46.000000,47.166667,48.333333,49.500000,50.666667,51.833333,53.000000,54.166667,55.333333,56.500000,57.666667,58.833333,60.000000,61.166667,62.333333,63.500000,64.666667,65.833333,67.000000,68.166667,69.333333,70.500000,71.666667,72.833333,74.000000,75.166667,76.333333,77.500000,78.666667,79.833333,81.000000,
-5.627427,-4.832385,-4.037407,-3.242511,-2.447712,-1.653014,-0.858415,-0.063912,0.730504,1.524832,2.319053,3.113096,3.906859,4.700193,5.492874,6.284679,7.075473,7.865358,8.654716,9.444460,10.236635,11.033948,11.839750,12.658458,13.494172,14.349091,15.220616,16.102220,16.981638,17.835149,18.642364,
-13.969676,-13.974733,-13.984306,-13.998918,-14.018687,-14.043488,-14.073065,-14.107064,-14.144992,-14.186278,-14.230276,-14.276223,-14.323290,-14.370595,-14.417177,-14.462024,-14.504068,-14.542143,-14.574993,-14.601227,-14.619176,-14.626991,-14.622623,-14.603656,-14.567639,-14.512382,-14.436438,-14.339158,-14.221286,-14.086509,-13.938309,
47.0,1.133333
47.000000,48.133333,49.266667,50.400000,51.533333,52.666667,53.800000,54.933333,56.066667,57.200000,58.333333,59.466667,60.600000,61.733333,62.866667,64.000000,65.133333,66.266667,67.400000,68.533333,69.666667,70.800000,71.933333,73.066667,74.200000,75.333333,76.466667,77.600000,78.733333,79.866667,81.000000,
-4.631687,-3.860684,-3.089773,-2.318976,-1.548305,-0.777762,-0.007343,0.762960,1.533163,2.303281,3.073319,3.843261,4.613074,5.382701,6.152044,6.921001,7.689508,8.457602,9.225450,9.993473,10.762621,11.534177,12.309773,13.091624,13.881876,14.681901,15.491102,16.306948,17.123761,17.929497,18.713670,
-13.975964,-13.986853,-14.002075,-14.022042,-14.046756,-14.075981,-14.109357,-14.146434,-14.186657,-14.229403,-14.273994,-14.319656,-14.365564,-14.410847,-14.454564,-14.495724,-14.533285,-14.566112,-14.592992,-14.612611,-14.623459,-14.623913,-14.612252,-14.586611,-14.545181,-14.486459,-14.409681,-14.314763,-14.202683,-14.076542,-13.939171,
48.0,1.100000
48.000000,49.100000,50.200000,51.300000,52.400000,53.500000,54.600000,55.700000,56.800000,57.900000,59.000000,60.100000,61.200000,62.300000,63.400000,64.500000,65.600000,66.700000,67.800000,68.900000,70.000000,71.100000,72.200000,73.300000,74.400000,75.500000,76.600000,77.700000,78.800000,79.900000,81.000000,
-4.134130,-3.386790,-2.639548,-1.892414,-1.145388,-0.398460,0.348381,1.095143,1.841825,2.588415,3.334874,4.081116,4.827025,5.572466,6.317275,7.061324,7.804604,8.547387,9.290220,10.034094,10.780875,11.532907,12.292900,13.064037,13.849059,14.649069,15.461362,16.280237,17.096018,17.891652,18.652774,
-13.982021,-13.995490,-14.013017,-14.034957,-14.061270,-14.091687,-14.125827,-14.163228,-14.203342,-14.245569,-14.289262,-14.333706,-14.378140,-14.421771,-14.463746,-14.503170,-14.539094,-14.570468,-14.596154,-14.614894,-14.625193,-14.625415,-14.613797,-14.588379,-14.547243,-14.488777,-14.412125,-14.317136,-14.204742,-14.077987,-13.939660,
49.0,1.066667
49.000000,50.066667,51.133333,52.200000,53.266667,54.333333,55.400000,56.466667,57.533333,58.600000,59.666667,60.733333,61.800000,62.866667,63.933333,65.000000,66.066667,67.133333,68.200000,69.266667,70.333333,71.400000,72.466667,73.533333,74.600000,75.666667,76.733333,77.800000,78.866667,79.933333,81.000000,
-3.636728,-2.911468,-2.183741,-1.452336,-0.716310,0.024649,0.770448,1.520565,2.273800,3.028632,3.783411,4.536466,5.286233,6.031445,6.771488,7.506179,8.235783,8.961284,9.684072,10.405846,11.128707,11.854958,12.587040,13.327526,14.078586,14.841219,15.613818,16.392501,17.170145,17.933588,18.671659,
-13.990071,-14.006019,-14.025872,-14.050018,-14.078447,-14.110903,-14.146990,-14.186210,-14.227931,-14.271446,-14.315994,-14.360748,-14.404848,-14.447423,-14.487606,-14.524522,-14.557268,-14.584892,-14.606378,-14.620609,-14.626267,-14.621920,-14.606043,-14.576988,-14.533170,-14.473296,-14.396749,-14.303541,-14.194616,-14.072679,-13.940175,
50.0,1.033333
50.000000,51.033333,52.066667,53.100000,54.133333,55.166667,56.200000,57.233333,58.266667,59.300000,60.333333,61.366667,62.400000,63.433333,64.466667,65.500000,66.533333,67.566667,68.600000,69.633333,70.666667,71.700000,72.733333,73.766667,74.800000,75.833333,76.866667,77.900000,78.933333,79.966667,81.000000,
-2.642225,-1.941322,-1.240529,-0.539848,0.160731,0.861223,1.561642,2.261999,2.962289,3.662494,4.362577,5.062464,5.762065,6.461285,7.160032,7.858258,8.556023,9.253612,9.951522,10.650553,11.352070,12.057735,12.769411,13.489160,14.218697,14.958657,15.707280,16.460757,17.212471,17.950747,18.665784,
-14.012202,-14.033103,-14.057347,-14.085147,-14.116354,-14.150622,-14.187507,-14.226503,-14.267055,-14.308572,-14.350440,-14.392003,-14.432579,-14.471460,-14.507891,-14.541080,-14.570184,-14.594267,-14.612317,-14.623226,-14.625714,-14.618410,-14.599882,-14.568633,-14.523260,-14.462655,-14.386372,-14.294550,-14.188154,-14.069653,-13.941241,
51.0,1.000000
51.000000,52.000000,53.000000,54.000000,55.000000,56.000000,57.000000,58.000000,59.000000,60.000000,61.000000,62.000000,63.000000,64.000000,65.000000,66.000000,67.000000,68.000000,69.000000,70.000000,71.000000,72.000000,73.000000,74.000000,75.000000,76.000000,77.000000,78.000000,79.000000,80.000000,81.000000,
-2.145038,-1.466805,-0.788653,-0.110581,0.567422,1.245363,1.923245,2.601055,3.278751,3.956271,4.633526,5.310385,5.986710,6.662379,7.337333,8.011609,8.685438,9.359432,10.034520,10.712037,11.394029,12.082861,12.780992,13.490800,14.213954,14.950436,15.696713,16.446598,17.190776,17.914768,18.606754,
-14.026261,-14.049030,-14.074798,-14.103737,-14.135682,-14.170290,-14.207124,-14.245693,-14.285469,-14.325900,-14.366415,-14.406414,-14.445279,-14.482368,-14.516995,-14.548439,-14.575918,-14.598548,-14.615358,-14.625264,-14.626988,-14.619144,-14.600275,-14.568841,-14.523399,-14.462805,-14.386594,-14.294892,-14.188641,-14.070229,-13.941771,
52.0,0.966667
52.000000,52.966667,53.933333,54.900000,55.866667,56.833333,57.800000,58.766667,59.733333,60.700000,61.666667,62.633333,63.600000,64.566667,65.533333,66.500000,67.466667,68.433333,69.400000,70.366667,71.333333,72.300000,73.266667,74.233333,75.200000,76.166667,77.133333,78.100000,79.066667,80.033333,81.000000,
-1.150584,-0.494880,0.160729,0.816244,1.471677,2.127041,2.782351,3.437616,4.092832,4.747987,5.403055,6.057993,6.712751,7.367285,8.021574,8.675631,9.329548,9.983564,10.638049,11.293536,11.950849,12.610952,13.274874,13.943661,14.618122,15.298452,15.983581,16.671374,17.358337,18.038683,18.707634,
-14.060176,-14.086931,-14.116171,-14.147984,-14.182159,-14.218325,-14.256028,-14.294769,-14.334017,-14.373224,-14.411823,-14.449224,-14.484818,-14.517973,-14.548013,-14.574229,-14.595862,-14.612077,-14.621978,-14.624610,-14.618919,-14.603820,-14.578239,-14.541171,-14.491757,-14.429436,-14.354229,-14.266615,-14.167614,-14.059132,-13.942778,
53.0,0.933333
53.000000,53.933333,54.866667,55.800000,56.733333,57.666667,58.600000,59.533333,60.466667,61.400000,62.333333,63.266667,64.200000,65.133333,66.066667,67.000000,67.933333,68.866667,69.800000,70.733333,71.666667,72.600000,73.533333,74.466667,75.400000,76.333333,77.266667,78.200000,79.133333,80.066667,81.000000,
-0.653233,-0.019715,0.613746,1.247153,1.880506,2.513807,3.147049,3.780213,4.413262,5.046142,5.678791,6.311128,6.943081,7.574609,8.205738,8.836580,9.467388,10.098671,10.731140,11.365743,12.003797,12.646768,13.296109,13.953095,14.618503,15.292073,15.971524,16.652982,17.330707,17.996023,18.641921,
-14.079900,-14.107825,-14.137879,-14.170123,-14.204342,-14.240184,-14.277216,-14.314970,-14.352953,-14.390656,-14.427560,-14.463129,-14.496812,-14.528033,-14.556181,-14.580605,-14.600604,-14.615392,-14.624114,-14.625844,-14.619540,-14.604112,-14.578466,-14.541545,-14.492423,-14.430458,-14.355567,-14.268123,-14.169066,-14.060245,-13.943236,
54.0,0.900000
54.000000,54.900000,55.800000,56.700000,57.600000,58.500000,59.400000,60.300000,61.200000,62.100000,63.000000,63.900000,64.800000,65.700000,66.600000,67.500000,68.400000,69.300000,70.200000,71.100000,72.000000,72.900000,73.800000,74.700000,75.600000,76.500000,77.400000,78.300000,79.200000,80.100000,81.000000,
-0.155746,0.455821,1.067382,1.678920,2.290408,2.901808,3.513071,4.124134,4.734918,5.345335,5.955308,6.564775,7.173721,7.782215,8.390485,8.998911,9.608088,10.218963,10.832722,11.450767,12.074784,12.706458,13.347190,13.997698,14.657867,15.326266,15.999127,16.671053,17.335074,17.982052,18.604897,
-14.101350,-14.130170,-14.160775,-14.193197,-14.227230,-14.262542,-14.298732,-14.335367,-14.371994,-14.408149,-14.443357,-14.477129,-14.508960,-14.538317,-14.564624,-14.587260,-14.605546,-14.618706,-14.625891,-14.626172,-14.618512,-14.601828,-14.575053,-14.537187,-14.487386,-14.425103,-14.350353,-14.263595,-14.165788,-14.058658,-13.943651,
55.0,0.866667
55.000000,55.866667,56.733333,57.600000,58.466667,59.333333,60.200000,61.066667,61.933333,62.800000,63.666667,64.533333,65.400000,66.266667,67.133333,68.000000,68.866667,69.733333,70.600000,71.466667,72.333333,73.200000,74.066667,74.933333,75.800000,76.666667,77.533333,78.400000,79.266667,80.133333,81.000000,
0.839779,1.429405,2.019003,2.608572,3.198111,3.787618,4.377088,4.966508,5.555857,6.145109,6.734236,7.323210,7.912014,8.500655,9.089188,9.677720,10.266434,10.855640,11.445746,12.037259,12.630828,13.227147,13.826865,14.430493,15.038271,15.649950,16.264382,16.879718,17.493344,18.101535,18.701337,
-14.148964,-14.179943,-14.212180,-14.245632,-14.280068,-14.315150,-14.350486,-14.385653,-14.420210,-14.453704,-14.485672,-14.515635,-14.543097,-14.567542,-14.588418,-14.605139,-14.617085,-14.623575,-14.623893,-14.617291,-14.602988,-14.580212,-14.548245,-14.506494,-14.454521,-14.392141,-14.319608,-14.237497,-14.146716,-14.048627,-13.944326,
56.0,0.833333
56.000000,56.833333,57.666667,58.500000,59.333333,60.166667,61.000000,61.833333,62.666667,63.500000,64.333333,65.166667,66.000000,66.833333,67.666667,68.500000,69.333333,70.166667,71.000000,71.833333,72.666667,73.500000,74.333333,75.166667,76.000000,76.833333,77.666667,78.500000,79.333333,80.166667,81.000000,
1.337884,1.905811,2.473749,3.041685,3.609593,4.177444,4.745199,5.312815,5.880241,6.447426,7.014332,7.580939,8.147259,8.713362,9.279414,9.845673,10.412519,10.980522,11.550380,12.122908,12.699062,13.279792,13.865904,14.457855,15.055626,15.658412,16.264053,16.869388,17.470262,18.061192,18.637936,
-14.174853,-14.205930,-14.237957,-14.270870,-14.304448,-14.338383,-14.372316,-14.405864,-14.438630,-14.470205,-14.500170,-14.528091,-14.553520,-14.575982,-14.594970,-14.609938,-14.620302,-14.625412,-14.624577,-14.617067,-14.602108,-14.578925,-14.546790,-14.505079,-14.453316,-14.391267,-14.319117,-14.237372,-14.146872,-14.048921,-13.944573,
57.0,0.800000
57.000000,57.800000,58.600000,59.400000,60.200000,61.000000,61.800000,62.600000,63.400000,64.200000,65.000000,65.800000,66.600000,67.400000,68.200000,69.000000,69.800000,70.600000,71.400000,72.200000,73.000000,73.800000,74.600000,75.400000,76.200000,77.000000,77.800000,78.600000,79.400000,80.200000,81.000000,
1.836259,2.382581,2.928937,3.475289,4.021587,4.567763,5.113748,5.659470,6.204859,6.749860,7.294445,7.838637,8.382522,8.926273,9.470209,10.014782,10.560594,11.108474,11.659392,12.214413,12.774694,13.341306,13.915043,14.496130,15.084112,15.677516,16.273186,16.866814,17.453082,18.025502,18.579186,
-14.201916,-14.232814,-14.264378,-14.296527,-14.329053,-14.361676,-14.394075,-14.425910,-14.456823,-14.486448,-14.514409,-14.540310,-14.563740,-14.584261,-14.601395,-14.614624,-14.623386,-14.627051,-14.624942,-14.616339,-14.600480,-14.576596,-14.543967,-14.501975,-14.450147,-14.388254,-14.316468,-14.235276,-14.145482,-14.048312,-13.944753,
58.0,0.766667
58.000000,58.766667,59.533333,60.300000,61.066667,61.833333,62.600000,63.366667,64.133333,64.900000,65.666667,66.433333,67.200000,67.966667,68.733333,69.500000,70.266667,71.033333,71.800000,72.566667,73.333333,74.100000,74.866667,75.633333,76.400000,77.166667,77.933333,78.700000,79.466667,80.233333,81.000000,
2.833910,3.358679,3.883625,4.408739,4.933973,5.459247,5.984460,6.509485,7.034167,7.558332,8.081799,8.604377,9.125902,9.646254,10.165413,10.683472,11.200682,11.717554,12.234780,12.753212,13.273883,13.797857,14.326072,14.859158,15.397337,15.940196,16.486283,17.033377,17.578529,18.117894,18.648523,
-14.258832,-14.289861,-14.321097,-14.352392,-14.383513,-14.414182,-14.444095,-14.472929,-14.500354,-14.526029,-14.549606,-14.570723,-14.589009,-14.604073,-14.615500,-14.622850,-14.625656,-14.623410,-14.615579,-14.601613,-14.580942,-14.553010,-14.517316,-14.473459,-14.421167,-14.360364,-14.291284,-14.214402,-14.130420,-14.040327,-13.944899,
59.0,0.733333
59.000000,59.733333,60.466667,61.200000,61.933333,62.666667,63.400000,64.133333,64.866667,65.600000,66.333333,67.066667,67.800000,68.533333,69.266667,70.000000,70.733333,71.466667,72.200000,72.933333,73.666667,74.400000,75.133333,75.866667,76.600000,77.333333,78.066667,78.800000,79.533333,80.266667,81.000000,
3.333225,3.836243,4.339267,4.842272,5.345221,5.848075,6.350799,6.853358,7.355735,7.857925,8.359950,8.861874,9.363803,9.865897,10.368397,10.871611,11.375916,11.881782,12.389724,12.900272,13.413942,13.931162,14.452175,14.976896,15.504871,16.035147,16.566003,17.095188,17.620022,18.137375,18.644938,
-14.288278,-14.318354,-14.348442,-14.378376,-14.407940,-14.436880,-14.464922,-14.491776,-14.517140,-14.540697,-14.562122,-14.581065,-14.597165,-14.610034,-14.619258,-14.624396,-14.624983,-14.620526,-14.610514,-14.594436,-14.571793,-14.542118,-14.505014,-14.460209,-14.407561,-14.347108,-14.279163,-14.204234,-14.122999,-14.036322,-13.944861,
60.0,0.700000
60.000000,60.700000,61.400000,62.100000,62.800000,63.500000,64.200000,64.900000,65.600000,66.300000,67.000000,67.700000,68.400000,69.100000,69.800000,70.500000,71.200000,71.900000,72.600000,73.300000,74.000000,74.700000,75.400000,76.100000,76.800000,77.500000,78.200000,78.900000,79.600000,80.300000,81.000000,
4.332899,4.812308,5.289044,5.762913,6.234079,6.702882,7.169747,7.635119,8.099396,8.562940,9.026085,9.489122,9.952333,10.416013,10.880490,11.346135,11.813369,12.282692,12.754642,13.229773,13.708624,14.191655,14.679151,15.171092,15.667111,16.166373,16.667335,17.167957,17.665801,18.158019,18.642517,
-14.348016,-14.376632,-14.404742,-14.432137,-14.458617,-14.483986,-14.508043,-14.530583,-14.551383,-14.570210,-14.586811,-14.600910,-14.612208,-14.620383,-14.625080,-14.625918,-14.622494,-14.614374,-14.601114,-14.582265,-14.557392,-14.526093,-14.488029,-14.442968,-14.390800,-14.331570,-14.265558,-14.193215,-14.115135,-14.032063,-13.944565,
61.0,0.666667
61.000000,61.666667,62.333333,63.000000,63.666667,64.333333,65.000000,65.666667,66.333333,67.000000,67.666667,68.333333,69.000000,69.666667,70.333333,71.000000,71.666667,72.333333,73.000000,73.666667,74.333333,75.000000,75.666667,76.333333,77.000000,77.666667,78.333333,79.000000,79.666667,80.333333,81.000000,
4.833268,5.292447,5.751181,6.209230,6.666361,7.122366,7.577072,8.030359,8.482192,8.932613,9.381744,9.829821,10.277161,10.724162,11.171308,11.619147,12.068278,12.519345,12.973003,13.429873,13.890497,14.355283,14.824417,15.297733,15.774695,16.254302,16.734893,17.214358,17.690266,18.159910,18.621335,
-14.377819,-14.404857,-14.431373,-14.457135,-14.481922,-14.505519,-14.527710,-14.548278,-14.566999,-14.583644,-14.597970,-14.609720,-14.618617,-14.624365,-14.626642,-14.625101,-14.619380,-14.609090,-14.593835,-14.573223,-14.546878,-14.514459,-14.475686,-14.430386,-14.378490,-14.320075,-14.255419,-14.184945,-14.109193,-14.028818,-13.944311,
62.0,0.633333
62.000000,62.633333,63.266667,63.900000,64.533333,65.166667,65.800000,66.433333,67.066667,67.700000,68.333333,68.966667,69.600000,70.233333,70.866667,71.500000,72.133333,72.766667,73.400000,74.033333,74.666667,75.300000,75.933333,76.566667,77.200000,77.833333,78.466667,79.100000,79.733333,80.366667,81.000000,
5.333990,5.771314,6.208542,6.645647,7.082615,7.519444,7.956144,8.392739,8.829277,9.265825,9.702478,10.139368,10.576661,11.014556,11.453295,11.893151,12.334416,12.777397,13.222389,13.669645,14.119334,14.571516,15.026082,15.482669,15.940668,16.399171,16.856873,17.312218,17.763502,18.208945,18.647296,
-14.407228,-14.432443,-14.457086,-14.480919,-14.503717,-14.525260,-14.545333,-14.563715,-14.580180,-14.594490,-14.606397,-14.615639,-14.621936,-14.624999,-14.624517,-14.620171,-14.611634,-14.598578,-14.580678,-14.557632,-14.529170,-14.495072,-14.455181,-14.409443,-14.357902,-14.300717,-14.238204,-14.170780,-14.098935,-14.023209,-13.943989,
63.0,0.600000
63.000000,63.600000,64.200000,64.800000,65.400000,66.000000,66.600000,67.200000,67.800000,68.400000,69.000000,69.600000,70.200000,70.800000,71.400000,72.000000,72.600000,73.200000,73.800000,74.400000,75.000000,75.600000,76.200000,76.800000,77.400000,78.000000,78.600000,79.200000,79.800000,80.400000,81.000000,
6.336456,6.750614,7.162978,7.573343,7.981749,8.388379,8.793502,9.197426,9.600468,10.002942,10.405156,10.807403,11.209968,11.613128,12.017164,12.422349,12.828956,13.237252,13.647485,14.059866,14.474549,14.891607,15.310997,15.732509,16.155760,16.580166,17.004876,17.428867,17.851013,18.270134,18.685400,
-14.463756,-14.485883,-14.507162,-14.527316,-14.546122,-14.563384,-14.578924,-14.592570,-14.604144,-14.613463,-14.620336,-14.624553,-14.625895,-14.624131,-14.619013,-14.610288,-14.597701,-14.580998,-14.559933,-14.534285,-14.503866,-14.468531,-14.428194,-14.382854,-14.332591,-14.277574,-14.218091,-14.154504,-14.087221,-14.016674,-13.943165,
64.0,0.566667
64.000000,64.566667,65.133333,65.700000,66.266667,66.833333,67.400000,67.966667,68.533333,69.100000,69.666667,70.233333,70.800000,71.366667,71.933333,72.500000,73.066667,73.633333,74.200000,74.766667,75.333333,75.900000,76.466667,77.033333,77.600000,78.166667,78.733333,79.300000,79.866667,80.433333,81.000000,
6.838167,7.230297,7.620763,8.009357,8.396104,8.781174,9.164829,9.547389,9.929194,10.310601,10.691975,11.073678,11.456076,11.839532,12.224406,12.611050,12.999799,13.390956,13.784777,14.181448,14.581042,14.983506,15.388620,15.795927,16.204750,16.614168,17.022951,17.429693,17.832905,18.231108,18.623291,
-14.490296,-14.510113,-14.529093,-14.546961,-14.563497,-14.578511,-14.591831,-14.603294,-14.612733,-14.619978,-14.624848,-14.627152,-14.626683,-14.623227,-14.616554,-14.606428,-14.592609,-14.574861,-14.552956,-14.526686,-14.495874,-14.460386,-14.420140,-14.375132,-14.325431,-14.271191,-14.212670,-14.150195,-14.084131,-14.014868,-13.942675,
65.0,0.533333
65.000000,65.533333,66.066667,66.600000,67.133333,67.666667,68.200000,68.733333,69.266667,69.800000,70.333333,70.866667,71.400000,71.933333,72.466667,73.000000,73.533333,74.066667,74.600000,75.133333,75.666667,76.200000,76.733333,77.266667,77.800000,78.333333,78.866667,79.400000,79.933333,80.466667,81.000000,
7.340165,7.711022,8.081612,8.451882,8.821812,9.191411,9.560711,9.929771,10.298673,10.667526,11.036464,11.405657,11.775303,12.145627,12.516887,12.889353,13.263297,13.638980,14.016623,14.396381,14.778303,15.162312,15.548172,15.935429,16.323426,16.711292,17.097898,17.481972,17.862194,18.237283,18.606381,
-14.515285,-14.532708,-14.549324,-14.564856,-14.579074,-14.591778,-14.602786,-14.611929,-14.619036,-14.623940,-14.626467,-14.626438,-14.623666,-14.617958,-14.609118,-14.596943,-14.581235,-14.561801,-14.538460,-14.511054,-14.479454,-14.443571,-14.403361,-14.358850,-14.310125,-14.257342,-14.200738,-14.140606,-14.077262,-14.011034,-13.942143,
66.0,0.500000
66.000000,66.500000,67.000000,67.500000,68.000000,68.500000,69.000000,69.500000,70.000000,70.500000,71.000000,71.500000,72.000000,72.500000,73.000000,73.500000,74.000000,74.500000,75.000000,75.500000,76.000000,76.500000,77.000000,77.500000,78.000000,78.500000,79.000000,79.500000,80.000000,80.500000,81.000000,
8.344885,8.692487,9.038257,9.381889,9.723329,10.062692,10.400211,10.736196,11.071006,11.405024,11.738651,12.072284,12.406313,12.741116,13.077046,13.414428,13.753551,14.094655,14.437922,14.783463,15.131296,15.481338,15.833389,16.187101,16.541991,16.897437,17.252657,17.606789,17.958950,18.308301,18.654284,
-14.559371,-14.572621,-14.584975,-14.596141,-14.605890,-14.614036,-14.620419,-14.624897,-14.627334,-14.627597,-14.625555,-14.621071,-14.614007,-14.604221,-14.591567,-14.575904,-14.557091,-14.535000,-14.509514,-14.480536,-14.447999,-14.411867,-14.372143,-14.328883,-14.282188,-14.232209,-14.179153,-14.123261,-14.064785,-14.003971,-13.940987,
67.0,0.466667
67.000000,67.466667,67.933333,68.400000,68.866667,69.333333,69.800000,70.266667,70.733333,71.200000,71.666667,72.133333,72.600000,73.066667,73.533333,74.000000,74.466667,74.933333,75.400000,75.866667,76.333333,76.800000,77.266667,77.733333,78.200000,78.666667,79.133333,79.600000,80.066667,80.533333,81.000000,
8.847527,9.173250,9.498014,9.821688,10.144285,10.465917,10.786764,11.107052,11.427029,11.746959,12.067108,12.387736,12.709092,13.031410,13.354896,13.679727,14.006044,14.333940,14.663451,14.994553,15.327139,15.661020,15.995916,16.331436,16.667090,17.002297,17.336380,17.668619,17.998306,18.324800,18.647687,
-14.577832,-14.588497,-14.598312,-14.606987,-14.614289,-14.620026,-14.624033,-14.626161,-14.626275,-14.624245,-14.619947,-14.613257,-14.604054,-14.592219,-14.577638,-14.560201,-14.539808,-14.516370,-14.489817,-14.460095,-14.427181,-14.391079,-14.351825,-14.309496,-14.264208,-14.216111,-14.165392,-14.112261,-14.056928,-13.999592,-13.940380,
68.0,0.433333
68.000000,68.433333,68.866667,69.300000,69.733333,70.166667,70.600000,71.033333,71.466667,71.900000,72.333333,72.766667,73.200000,73.633333,74.066667,74.500000,74.933333,75.366667,75.800000,76.233333,76.666667,77.100000,77.533333,77.966667,78.400000,78.833333,79.266667,79.700000,80.133333,80.566667,81.000000,
9.853119,10.156569,10.459392,10.761461,11.062725,11.363189,11.662895,11.961911,12.260317,12.558201,12.855655,13.152766,13.449618,13.746291,14.042857,14.339384,14.635931,14.932553,15.229296,15.526204,15.823311,16.120649,16.418242,16.716109,17.014261,17.312702,17.611430,17.910436,18.209707,18.509225,18.808977,
-14.605972,-14.612000,-14.617080,-14.620902,-14.623229,-14.623877,-14.622700,-14.619579,-14.614418,-14.607135,-14.597659,-14.585930,-14.571898,-14.555520,-14.536761,-14.515599,-14.492021,-14.466030,-14.437640,-14.406884,-14.373814,-14.338499,-14.301029,-14.261512,-14.220076,-14.176860,-14.132017,-14.085697,-14.038043,-13.989173,-13.939160,
69.0,0.400000
69.000000,69.400000,69.800000,70.200000,70.600000,71.000000,71.400000,71.800000,72.200000,72.600000,73.000000,73.400000,73.800000,74.200000,74.600000,75.000000,75.400000,75.800000,76.200000,76.600000,77.000000,77.400000,77.800000,78.200000,78.600000,79.000000,79.400000,79.800000,80.200000,80.600000,81.000000,
10.355949,10.637076,10.918217,11.199380,11.480570,11.761795,12.043058,12.324366,12.605722,12.887128,13.168586,13.450095,13.731653,14.013255,14.294891,14.576550,14.858214,15.139861,15.421465,15.702990,15.984394,16.265630,16.546641,16.827362,17.107724,17.387651,17.667063,17.945880,18.224031,18.501454,18.778111,
-14.614999,-14.618532,-14.621169,-14.622612,-14.622630,-14.621048,-14.617724,-14.612551,-14.605440,-14.596321,-14.585138,-14.571848,-14.556415,-14.538814,-14.519032,-14.497062,-14.472910,-14.446593,-14.418141,-14.387595,-14.355015,-14.320470,-14.284048,-14.245849,-14.205985,-14.164576,-14.121751,-14.077635,-14.032342,-13.985967,-13.938566,
70.0,0.366667
70.000000,70.366667,70.733333,71.100000,71.466667,71.833333,72.200000,72.566667,72.933333,73.300000,73.666667,74.033333,74.400000,74.766667,75.133333,75.500000,75.866667,76.233333,76.600000,76.966667,77.333333,77.700000,78.066667,78.433333,78.800000,79.166667,79.533333,79.900000,80.266667,80.633333,81.000000,
10.858713,11.116606,11.374010,11.630855,11.887155,12.142982,12.398452,12.653709,12.908915,13.164241,13.419857,13.675926,13.932599,14.190005,14.448249,14.707407,14.967521,15.228589,15.490569,15.753372,16.016856,16.280829,16.545048,16.809216,17.072992,17.336000,17.597836,17.858096,18.116402,18.372436,18.626003,
-14.620226,-14.621497,-14.622045,-14.621615,-14.620000,-14.617035,-14.612581,-14.606525,-14.598770,-14.589234,-14.577846,-14.564544,-14.549276,-14.531998,-14.512673,-14.491273,-14.467781,-14.442189,-14.414500,-14.384729,-14.352908,-14.319081,-14.283306,-14.245659,-14.206228,-14.165113,-14.122423,-14.078271,-14.032761,-13.985985,-13.937997,
71.0,0.333333
71.000000,71.333333,71.666667,72.000000,72.333333,72.666667,73.000000,73.333333,73.666667,74.000000,74.333333,74.666667,75.000000,75.333333,75.666667,76.000000,76.333333,76.666667,77.000000,77.333333,77.666667,78.000000,78.333333,78.666667,79.000000,79.333333,79.666667,80.000000,80.333333,80.666667,81.000000,
11.863730,12.098799,12.333814,12.568751,12.803586,13.038296,13.272858,13.507251,13.741455,13.975452,14.209225,14.442759,14.676040,14.909058,15.141805,15.374277,15.606473,15.838396,16.070052,16.301454,16.532617,16.763563,16.994318,17.224912,17.455379,17.685756,17.916083,18.146397,18.376733,18.607121,18.837578,
-14.617979,-14.614896,-14.611035,-14.606138,-14.600011,-14.592510,-14.583529,-14.572997,-14.560866,-14.547107,-14.531710,-14.514676,-14.496018,-14.475758,-14.453927,-14.430561,-14.405707,-14.379412,-14.351735,-14.322736,-14.292482,-14.261043,-14.228494,-14.194910,-14.160370,-14.124951,-14.088727,-14.051765,-14.014125,-13.975851,-13.936970,
72.0,0.300000
72.000000,72.300000,72.600000,72.900000,73.200000,73.500000,73.800000,74.100000,74.400000,74.700000,75.000000,75.300000,75.600000,75.900000,76.200000,76.500000,76.800000,77.100000,77.400000,77.700000,78.000000,78.300000,78.600000,78.900000,79.200000,79.500000,79.800000,80.100000,80.400000,80.700000,81.000000,
12.365815,12.577471,12.788874,12.999974,13.210755,13.421230,13.631436,13.841420,14.051246,14.260981,14.470695,14.680457,14.890335,15.100387,15.310662,15.521197,15.732017,15.943128,16.154517,16.366153,16.577984,16.789935,17.001914,17.213803,17.425473,17.636778,17.847566,18.057684,18.266993,18.475377,18.682767,
-14.609861,-14.605065,-14.599675,-14.593479,-14.586310,-14.578036,-14.568552,-14.557779,-14.545654,-14.532132,-14.517179,-14.500774,-14.482904,-14.463565,-14.442759,-14.420498,-14.396797,-14.371679,-14.345175,-14.317319,-14.288152,-14.257723,-14.226083,-14.193290,-14.159404,-14.124490,-14.088610,-14.051826,-14.014192,-13.975751,-13.936530,
73.0,0.266667
73.000000,73.266667,73.533333,73.800000,74.066667,74.333333,74.600000,74.866667,75.133333,75.400000,75.666667,75.933333,76.200000,76.466667,76.733333,77.000000,77.266667,77.533333,77.800000,78.066667,78.333333,78.600000,78.866667,79.133333,79.400000,79.666667,79.933333,80.200000,80.466667,80.733333,81.000000,
12.867495,13.056012,13.244763,13.433832,13.623288,13.813181,14.003552,14.194427,14.385819,14.577731,14.770157,14.963075,15.156455,15.350255,15.544421,15.738887,15.933574,16.128390,16.323232,16.517985,16.712519,16.906697,17.100371,17.293386,17.485581,17.676797,17.866879,18.055680,18.243076,18.428968,18.613299,
-14.596657,-14.590415,-14.583637,-14.576131,-14.567741,-14.558345,-14.547845,-14.536168,-14.523259,-14.509077,-14.493596,-14.476800,-14.458683,-14.439247,-14.418504,-14.396469,-14.373165,-14.348621,-14.322870,-14.295948,-14.267900,-14.238769,-14.208606,-14.177461,-14.145388,-14.112437,-14.078662,-14.044109,-14.008821,-13.972828,-13.936150,
74.0,0.233333
74.000000,74.233333,74.466667,74.700000,74.933333,75.166667,75.400000,75.633333,75.866667,76.100000,76.333333,76.566667,76.800000,77.033333,77.266667,77.500000,77.733333,77.966667,78.200000,78.433333,78.666667,78.900000,79.133333,79.366667,79.600000,79.833333,80.066667,80.300000,80.533333,80.766667,81.000000,
13.869239,14.034002,14.198751,14.363481,14.528188,14.692868,14.857517,15.022133,15.186712,15.351251,15.515744,15.680187,15.844575,16.008900,16.173155,16.337330,16.501416,16.665401,16.829273,16.993017,17.156619,17.320062,17.483329,17.646403,17.809266,17.971901,18.134289,18.296417,18.458270,18.619838,18.781115,
-14.553757,-14.544558,-14.534944,-14.524766,-14.513906,-14.502270,-14.489788,-14.476410,-14.462098,-14.446831,-14.430597,-14.413395,-14.395233,-14.376123,-14.356085,-14.335143,-14.313326,-14.290664,-14.267192,-14.242946,-14.217963,-14.192282,-14.165941,-14.138979,-14.111432,-14.083336,-14.054724,-14.025623,-13.996059,-13.966048,-13.935601,
75.0,0.200000
75.000000,75.200000,75.400000,75.600000,75.800000,76.000000,76.200000,76.400000,76.600000,76.800000,77.000000,77.200000,77.400000,77.600000,77.800000,78.000000,78.200000,78.400000,78.600000,78.800000,79.000000,79.200000,79.400000,79.600000,79.800000,80.000000,80.200000,80.400000,80.600000,80.800000,81.000000,
14.369090,14.510345,14.651765,14.793405,14.935302,15.077480,15.219952,15.362718,15.505771,15.649094,15.792664,15.936449,16.080415,16.224521,16.368720,16.512964,16.657201,16.801374,16.945426,17.089297,17.232928,17.376256,17.519220,17.661761,17.803821,17.945346,18.086284,18.226592,18.366234,18.505181,18.643419,
-14.523462,-14.513848,-14.503901,-14.493496,-14.482532,-14.470925,-14.458612,-14.445542,-14.431678,-14.416994,-14.401473,-14.385108,-14.367898,-14.349848,-14.330970,-14.311278,-14.290792,-14.269535,-14.247531,-14.224807,-14.201392,-14.177316,-14.152608,-14.127298,-14.101415,-14.074988,-14.048041,-14.020596,-13.992674,-13.964287,-13.935443,
106.0,0.333333
106.000000,106.333333,106.666667,107.000000,107.333333,107.666667,108.000000,108.333333,108.666667,109.000000,109.333333,109.666667,110.000000,110.333333,110.666667,111.000000,111.333333,111.666667,112.000000,112.333333,112.666667,113.000000,113.333333,113.666667,114.000000,114.333333,114.666667,115.000000,115.333333,115.666667,116.000000,
34.385178,34.560371,34.735349,34.910037,35.084370,35.258299,35.431785,35.604799,35.777322,35.949343,36.120865,36.291896,36.462460,36.632591,36.802338,36.971765,37.140953,37.310002,37.479031,37.648179,37.817609,37.987504,38.158066,38.329519,38.502101,38.676059,38.851645,39.029099,39.208640,39.390442,39.574612,
-5.328924,-5.177820,-5.026685,-4.875563,-4.724528,-4.573677,-4.423123,-4.272990,-4.123416,-3.974539,-3.826503,-3.679454,-3.533533,-3.388880,-3.245626,-3.103895,-2.963802,-2.825447,-2.688915,-2.554274,-2.421574,-2.290843,-2.162086,-2.035288,-1.910407,-1.787385,-1.666144,-1.546594,-1.428645,-1.312214,-1.197245,
107.0,0.300000
107.000000,107.300000,107.600000,107.900000,108.200000,108.500000,108.800000,109.100000,109.400000,109.700000,110.000000,110.300000,110.600000,110.900000,111.200000,111.500000,111.800000,112.100000,112.400000,112.700000,113.000000,113.300000,113.600000,113.900000,114.200000,114.500000,114.800000,115.100000,115.400000,115.700000,116.000000,
34.766348,34.923426,35.080397,35.237233,35.393913,35.550427,35.706774,35.862957,36.018988,36.174884,36.330665,36.486360,36.641999,36.797621,36.953267,37.108985,37.264828,37.420856,37.577134,37.733734,37.890732,38.048211,38.206260,38.364969,38.524434,38.684750,38.846009,39.008299,39.171696,39.336260,39.502026,
-5.000079,-4.864410,-4.728857,-4.593484,-4.458356,-4.323537,-4.189095,-4.055096,-3.921605,-3.788685,-3.656400,-3.524808,-3.393965,-3.263924,-3.134732,-3.006431,-2.879057,-2.752640,-2.627202,-2.502756,-2.379308,-2.256854,-2.135383,-2.014872,-1.895294,-1.776612,-1.658786,-1.541771,-1.425528,-1.310019,-1.195223,
108.0,0.266667
108.000000,108.266667,108.533333,108.800000,109.066667,109.333333,109.600000,109.866667,110.133333,110.400000,110.666667,110.933333,111.200000,111.466667,111.733333,112.000000,112.266667,112.533333,112.800000,113.066667,113.333333,113.600000,113.866667,114.133333,114.400000,114.666667,114.933333,115.200000,115.466667,115.733333,116.000000,
35.526926,35.666131,35.804943,35.943240,36.080940,36.217992,36.354373,36.490084,36.625145,36.759594,36.893482,37.026876,37.159854,37.292503,37.424924,37.557225,37.689525,37.821949,37.954633,38.087719,38.221356,38.355700,38.490909,38.627144,38.764568,38.903335,39.043598,39.185491,39.329132,39.474609,39.621974,
-4.343475,-4.223510,-4.103895,-3.984774,-3.866274,-3.748506,-3.631571,-3.515559,-3.400550,-3.286617,-3.173824,-3.062230,-2.951884,-2.842831,-2.735108,-2.628743,-2.523760,-2.420172,-2.317986,-2.217198,-2.117798,-2.019766,-1.923074,-1.827684,-1.733553,-1.640631,-1.548866,-1.458204,-1.368596,-1.279998,-1.192388,
109.0,0.233333
109.000000,109.233333,109.466667,109.700000,109.933333,110.166667,110.400000,110.633333,110.866667,111.100000,111.333333,111.566667,111.800000,112.033333,112.266667,112.500000,112.733333,112.966667,113.200000,113.433333,113.666667,113.900000,114.133333,114.366667,114.600000,114.833333,115.066667,115.300000,115.533333,115.766667,116.000000,
35.906983,36.028856,36.150566,36.272064,36.393320,36.514316,36.635049,36.755527,36.875767,36.995794,37.115642,37.235349,37.354961,37.474528,37.594106,37.713754,37.833536,37.953518,38.073769,38.194362,38.315371,38.436871,38.558938,38.681648,38.805073,38.929284,39.054347,39.180321,39.307255,39.435186,39.564134,
-4.016714,-3.912263,-3.808095,-3.704319,-3.601032,-3.498313,-3.396231,-3.294845,-3.194202,-3.094345,-2.995306,-2.897112,-2.799784,-2.703338,-2.607783,-2.513124,-2.419363,-2.326493,-2.234507,-2.143390,-2.053127,-1.963695,-1.875071,-1.787226,-1.700132,-1.613757,-1.528069,-1.443040,-1.358643,-1.274856,-1.191668,
110.0,0.200000
110.000000,110.200000,110.400000,110.600000,110.800000,111.000000,111.200000,111.400000,111.600000,111.800000,112.000000,112.200000,112.400000,112.600000,112.800000,113.000000,113.200000,113.400000,113.600000,113.800000,114.000000,114.200000,114.400000,114.600000,114.800000,115.000000,115.200000,115.400000,115.600000,115.800000,116.000000,
36.287338,36.392008,36.496682,36.601365,36.706064,36.810788,36.915548,37.020356,37.125227,37.230173,37.335212,37.440358,37.545628,37.651041,37.756614,37.862365,37.968314,38.074478,38.180878,38.287532,38.394459,38.501678,38.609207,38.717063,38.825264,38.933825,39.042759,39.152080,39.261798,39.371919,39.482447,
-3.691644,-3.602617,-3.513768,-3.425165,-3.336864,-3.248912,-3.161347,-3.074197,-2.987488,-2.901235,-2.815452,-2.730146,-2.645321,-2.560977,-2.477112,-2.393721,-2.310796,-2.228327,-2.146303,-2.064712,-1.983538,-1.902767,-1.822384,-1.742372,-1.662716,-1.583399,-1.504407,-1.425728,-1.347349,-1.269264,-1.191466,
