761.0,0.433333
761.000000,761.433333,761.866667,762.300000,762.733333,763.166667,763.600000,764.033333,764.466667,764.900000,765.333333,765.766667,766.200000,766.633333,767.066667,767.500000,767.933333,768.366667,768.800000,769.233333,769.666667,770.100000,770.533333,770.966667,771.400000,771.833333,772.266667,772.700000,773.133333,773.566667,774.000000,
-13.138228,-12.940128,-12.743196,-12.547783,-12.354143,-12.162454,-11.972845,-11.785408,-11.600208,-11.417295,-11.236709,-11.058479,-10.882633,-10.709193,-10.538178,-10.369604,-10.203478,-10.039799,-9.878555,-9.719716,-9.563234,-9.409034,-9.257015,-9.107039,-8.958936,-8.812497,-8.667479,-8.523617,-8.380646,-8.238320,-8.096477,
-14.087815,-14.083418,-14.079025,-14.074641,-14.070274,-14.065931,-14.061620,-14.057350,-14.053131,-14.048970,-14.044878,-14.040862,-14.036931,-14.033092,-14.029351,-14.025716,-14.022191,-14.018780,-14.015487,-14.012314,-14.009261,-14.006329,-14.003515,-14.000816,-13.998228,-13.995744,-13.993358,-13.991061,-13.988848,-13.986709,-13.984643,
762.0,0.400000
762.000000,762.400000,762.800000,763.200000,763.600000,764.000000,764.400000,764.800000,765.200000,765.600000,766.000000,766.400000,766.800000,767.200000,767.600000,768.000000,768.400000,768.800000,769.200000,769.600000,770.000000,770.400000,770.800000,771.200000,771.600000,772.000000,772.400000,772.800000,773.200000,773.600000,774.000000,
-12.635332,-12.457122,-12.279906,-12.104003,-11.929650,-11.757027,-11.586266,-11.417467,-11.250706,-11.086041,-10.923515,-10.763159,-10.604997,-10.449043,-10.295302,-10.143770,-9.994431,-9.847257,-9.702201,-9.559201,-9.418173,-9.279009,-9.141575,-9.005708,-8.871219,-8.737895,-8.605497,-8.473780,-8.342509,-8.211473,-8.080542,
-14.076514,-14.072449,-14.068402,-14.064382,-14.060397,-14.056454,-14.052560,-14.048723,-14.044949,-14.041243,-14.037612,-14.034062,-14.030596,-14.027221,-14.023939,-14.020755,-14.017671,-14.014689,-14.011811,-14.009037,-14.006366,-14.003797,-14.001328,-13.998955,-13.996673,-13.994479,-13.992365,-13.990325,-13.988355,-13.986448,-13.984602,
763.0,0.366667
763.000000,763.366667,763.733333,764.100000,764.466667,764.833333,765.200000,765.566667,765.933333,766.300000,766.666667,767.033333,767.400000,767.766667,768.133333,768.500000,768.866667,769.233333,769.600000,769.966667,770.333333,770.700000,771.066667,771.433333,771.800000,772.166667,772.533333,772.900000,773.266667,773.633333,774.000000,
-12.132595,-11.973611,-11.815477,-11.658480,-11.502837,-11.348720,-11.196259,-11.045554,-10.896680,-10.749697,-10.604647,-10.461558,-10.320448,-10.181324,-10.044180,-9.908998,-9.775749,-9.644386,-9.514845,-9.387045,-9.260880,-9.136223,-9.012922,-8.890798,-8.769647,-8.649248,-8.529358,-8.409736,-8.290152,-8.170411,-8.050390,
-14.064961,-14.061286,-14.057636,-14.054022,-14.050453,-14.046934,-14.043473,-14.040075,-14.036745,-14.033487,-14.030305,-14.027203,-14.024183,-14.021250,-14.018403,-14.015647,-14.012981,-14.010408,-14.007926,-14.005536,-14.003237,-14.001027,-13.998904,-13.996864,-13.994904,-13.993019,-13.991205,-13.989457,-13.987770,-13.986139,-13.984563,
764.0,0.333333
764.000000,764.333333,764.666667,765.000000,765.333333,765.666667,766.000000,766.333333,766.666667,767.000000,767.333333,767.666667,768.000000,768.333333,768.666667,769.000000,769.333333,769.666667,770.000000,770.333333,770.666667,771.000000,771.333333,771.666667,772.000000,772.333333,772.666667,773.000000,773.333333,773.666667,774.000000,
-11.630082,-11.489604,-11.349885,-11.211186,-11.073715,-10.937632,-10.803063,-10.670101,-10.538821,-10.409272,-10.281491,-10.155498,-10.031297,-9.908881,-9.788229,-9.669305,-9.552057,-9.436418,-9.322301,-9.209601,-9.098190,-8.987921,-8.878623,-8.770102,-8.662147,-8.554533,-8.447025,-8.339390,-8.231418,-8.122930,-8.013820,
-14.053325,-14.050081,-14.046865,-14.043688,-14.040557,-14.037479,-14.034461,-14.031508,-14.028622,-14.025808,-14.023068,-14.020404,-14.017820,-14.015315,-14.012892,-14.010551,-14.008293,-14.006117,-14.004023,-14.002011,-14.000079,-13.998224,-13.996446,-13.994740,-13.993103,-13.991532,-13.990022,-13.988571,-13.987173,-13.985826,-13.984528,
765.0,0.300000
765.000000,765.300000,765.600000,765.900000,766.200000,766.500000,766.800000,767.100000,767.400000,767.700000,768.000000,768.300000,768.600000,768.900000,769.200000,769.500000,769.800000,770.100000,770.400000,770.700000,771.000000,771.300000,771.600000,771.900000,772.200000,772.500000,772.800000,773.100000,773.400000,773.700000,774.000000,
-11.127847,-11.005086,-10.883049,-10.761990,-10.642106,-10.523552,-10.406444,-10.290866,-10.176879,-10.064521,-9.953808,-9.844742,-9.737305,-9.631467,-9.527181,-9.424383,-9.322995,-9.222921,-9.124049,-9.026249,-8.929371,-8.833250,-8.737703,-8.642532,-8.547525,-8.452467,-8.357139,-8.261330,-8.164855,-8.067563,-7.969364,
-14.041784,-14.038994,-14.036230,-14.033504,-14.030824,-14.028195,-14.025624,-14.023115,-14.020671,-14.018294,-14.015988,-14.013753,-14.011592,-14.009505,-14.007492,-14.005554,-14.003690,-14.001901,-14.000184,-13.998539,-13.996964,-13.995457,-13.994015,-13.992637,-13.991319,-13.990057,-13.988850,-13.987692,-13.986582,-13.985517,-13.984496,
766.0,0.266667
766.000000,766.266667,766.533333,766.800000,767.066667,767.333333,767.600000,767.866667,768.133333,768.400000,768.666667,768.933333,769.200000,769.466667,769.733333,770.000000,770.266667,770.533333,770.800000,771.066667,771.333333,771.600000,771.866667,772.133333,772.400000,772.666667,772.933333,773.200000,773.466667,773.733333,774.000000,
-10.625932,-10.520067,-10.414998,-10.310997,-10.208268,-10.106962,-10.007182,-9.908993,-9.812427,-9.717487,-9.624153,-9.532381,-9.442110,-9.353261,-9.265739,-9.179436,-9.094228,-9.009980,-8.926543,-8.843758,-8.761455,-8.679455,-8.597572,-8.515616,-8.433392,-8.350712,-8.267390,-8.183258,-8.098171,-8.012016,-7.924728,
-14.030516,-14.028184,-14.025879,-14.023610,-14.021385,-14.019210,-14.017090,-14.015028,-14.013029,-14.011093,-14.009222,-14.007418,-14.005680,-14.004008,-14.002403,-14.000864,-13.999389,-13.997977,-13.996628,-13.995338,-13.994107,-13.992932,-13.991810,-13.990740,-13.989718,-13.988742,-13.987809,-13.986917,-13.986064,-13.985248,-13.984469,
767.0,0.233333
767.000000,767.233333,767.466667,767.700000,767.933333,768.166667,768.400000,768.633333,768.866667,769.100000,769.333333,769.566667,769.800000,770.033333,770.266667,770.500000,770.733333,770.966667,771.200000,771.433333,771.666667,771.900000,772.133333,772.366667,772.600000,772.833333,773.066667,773.300000,773.533333,773.766667,774.000000,
-10.625932,-10.535698,-10.445660,-10.355891,-10.266456,-10.177406,-10.088788,-10.000636,-9.912982,-9.825850,-9.739261,-9.653229,-9.567767,-9.482882,-9.398579,-9.314860,-9.231724,-9.149166,-9.067180,-8.985755,-8.904881,-8.824541,-8.744720,-8.665398,-8.586555,-8.508171,-8.430223,-8.352691,-8.275557,-8.198806,-8.122429,
-14.030516,-14.028531,-14.026561,-14.024612,-14.022690,-14.020796,-14.018935,-14.017109,-14.015318,-14.013565,-14.011849,-14.010171,-14.008531,-14.006928,-14.005363,-14.003834,-14.002341,-14.000882,-13.999457,-13.998064,-13.996701,-13.995368,-13.994063,-13.992785,-13.991531,-13.990302,-13.989094,-13.987908,-13.986742,-13.985596,-13.984469,
768.0,0.200000
768.000000,768.200000,768.400000,768.600000,768.800000,769.000000,769.200000,769.400000,769.600000,769.800000,770.000000,770.200000,770.400000,770.600000,770.800000,771.000000,771.200000,771.400000,771.600000,771.800000,772.000000,772.200000,772.400000,772.600000,772.800000,773.000000,773.200000,773.400000,773.600000,773.800000,774.000000,
-10.124369,-10.049259,-9.974378,-9.899813,-9.825631,-9.751885,-9.678617,-9.605856,-9.533622,-9.461927,-9.390774,-9.320160,-9.250077,-9.180511,-9.111442,-9.042849,-8.974705,-8.906980,-8.839641,-8.772655,-8.705985,-8.639592,-8.573438,-8.507485,-8.441693,-8.376027,-8.310451,-8.244934,-8.179451,-8.113982,-8.048516,
-14.019699,-14.018126,-14.016565,-14.015023,-14.013502,-14.012006,-14.010539,-14.009101,-14.007694,-14.006320,-14.004979,-14.003672,-14.002398,-14.001158,-13.999951,-13.998777,-13.997635,-13.996524,-13.995444,-13.994393,-13.993370,-13.992373,-13.991403,-13.990458,-13.989536,-13.988637,-13.987759,-13.986902,-13.986064,-13.985246,-13.984446,
831.0,0.700000
831.000000,831.700000,832.400000,833.100000,833.800000,834.500000,835.200000,835.900000,836.600000,837.300000,838.000000,838.700000,839.400000,840.100000,840.800000,841.500000,842.200000,842.900000,843.600000,844.300000,845.000000,845.700000,846.400000,847.100000,847.800000,848.500000,849.200000,849.900000,850.600000,851.300000,852.000000,
7.340165,7.658340,7.980926,8.308547,8.641292,8.978927,9.321020,9.667028,10.016350,10.368370,10.722498,11.078216,11.435086,11.792784,12.151155,12.510187,12.870018,13.230984,13.593560,13.958337,14.326031,14.697398,15.073157,15.453915,15.840086,16.231770,16.628562,17.029660,17.433884,17.839600,18.245541,
-14.515285,-14.530173,-14.544531,-14.558168,-14.570917,-14.582625,-14.593146,-14.602335,-14.610047,-14.616132,-14.620437,-14.622800,-14.623050,-14.621004,-14.616464,-14.609215,-14.599030,-14.585659,-14.568839,-14.548304,-14.523785,-14.495030,-14.461820,-14.423997,-14.381480,-14.334287,-14.282591,-14.226679,-14.166937,-14.103859,-14.037822,
832.0,0.666667
832.000000,832.666667,833.333333,834.000000,834.666667,835.333333,836.000000,836.666667,837.333333,838.000000,838.666667,839.333333,840.000000,840.666667,841.333333,842.000000,842.666667,843.333333,844.000000,844.666667,845.333333,846.000000,846.666667,847.333333,848.000000,848.666667,849.333333,850.000000,850.666667,851.333333,852.000000,
7.842417,8.153471,8.468024,8.786437,9.108604,9.434142,9.762520,10.093146,10.425450,10.758906,11.093071,11.427640,11.762432,12.097400,12.432673,12.768522,13.105355,13.443744,13.784370,14.127989,14.475417,14.827456,15.184804,15.547959,15.917158,16.292260,16.672552,17.056890,17.443755,17.831221,18.217832,
-14.538415,-14.551661,-14.564263,-14.576022,-14.586779,-14.596397,-14.604756,-14.611744,-14.617245,-14.621147,-14.623329,-14.623660,-14.621999,-14.618189,-14.612053,-14.603397,-14.592007,-14.577645,-14.560061,-14.538997,-14.514189,-14.485390,-14.452384,-14.415012,-14.373185,-14.326908,-14.276331,-14.221706,-14.163382,-14.101806,-14.037318,
833.0,0.633333
833.000000,833.633333,834.266667,834.900000,835.533333,836.166667,836.800000,837.433333,838.066667,838.700000,839.333333,839.966667,840.600000,841.233333,841.866667,842.500000,843.133333,843.766667,844.400000,845.033333,845.666667,846.300000,846.933333,847.566667,848.200000,848.833333,849.466667,850.100000,850.733333,851.366667,852.000000,
8.344885,8.647861,8.953887,9.263325,9.576125,9.891995,10.210501,10.531149,10.853448,11.176934,11.501201,11.825942,12.150940,12.476074,12.801353,13.126883,13.452875,13.779655,14.107631,14.437283,14.769149,15.103791,15.441746,15.783486,16.129374,16.479611,16.834137,17.192683,17.554785,17.919752,18.287036,
-14.559371,-14.570833,-14.581594,-14.591436,-14.600192,-14.607720,-14.613898,-14.618612,-14.621748,-14.623195,-14.622836,-14.620548,-14.616198,-14.609646,-14.600740,-14.589320,-14.575219,-14.558261,-14.538274,-14.515088,-14.488551,-14.458533,-14.424938,-14.387729,-14.346924,-14.302612,-14.254980,-14.204278,-14.150805,-14.094895,-14.036792,
834.0,0.600000
834.000000,834.600000,835.200000,835.800000,836.400000,837.000000,837.600000,838.200000,838.800000,839.400000,840.000000,840.600000,841.200000,841.800000,842.400000,843.000000,843.600000,844.200000,844.800000,845.400000,846.000000,846.600000,847.200000,847.800000,848.400000,849.000000,849.600000,850.200000,850.800000,851.400000,852.000000,
8.847527,9.140671,9.435381,9.731786,10.029785,10.329158,10.629623,10.930883,11.232682,11.534805,11.837100,12.139506,12.442041,12.744809,13.048014,13.351947,13.656972,13.963541,14.272159,14.583358,14.897685,15.215658,15.537716,15.864162,16.195135,16.530555,16.870026,17.212920,17.558419,17.905522,18.253482,
-14.577832,-14.587362,-14.596146,-14.603969,-14.610672,-14.616134,-14.620255,-14.622945,-14.624117,-14.623683,-14.621550,-14.617615,-14.611764,-14.603873,-14.593802,-14.581403,-14.566515,-14.548971,-14.528601,-14.505240,-14.478735,-14.448953,-14.415794,-14.379212,-14.339212,-14.295864,-14.249329,-14.199828,-14.147628,-14.093030,-14.036252,
835.0,0.566667
835.000000,835.566667,836.133333,836.700000,837.266667,837.833333,838.400000,838.966667,839.533333,840.100000,840.666667,841.233333,841.800000,842.366667,842.933333,843.500000,844.066667,844.633333,845.200000,845.766667,846.333333,846.900000,847.466667,848.033333,848.600000,849.166667,849.733333,850.300000,850.866667,851.433333,852.000000,
9.350290,9.632202,9.913819,10.195075,10.475938,10.756409,11.036511,11.316301,11.595866,11.875329,12.154849,12.434639,12.714957,12.996108,13.278463,13.562432,13.848470,14.137066,14.428720,14.723916,15.023095,15.326616,15.634718,15.947447,16.264652,16.585951,16.910654,17.237866,17.566559,17.895619,18.224258,
-14.593474,-14.600992,-14.607774,-14.613614,-14.618363,-14.621913,-14.624175,-14.625072,-14.624531,-14.622473,-14.618817,-14.613467,-14.606318,-14.597252,-14.586135,-14.572825,-14.557168,-14.539005,-14.518175,-14.494522,-14.467906,-14.438208,-14.405341,-14.369269,-14.330005,-14.287624,-14.242277,-14.194170,-14.143541,-14.090658,-14.035708,
836.0,0.533333
836.000000,836.533333,837.066667,837.600000,838.133333,838.666667,839.200000,839.733333,840.266667,840.800000,841.333333,841.866667,842.400000,842.933333,843.466667,844.000000,844.533333,845.066667,845.600000,846.133333,846.666667,847.200000,847.733333,848.266667,848.800000,849.333333,849.866667,850.400000,850.933333,851.466667,852.000000,
9.853119,10.123970,10.394580,10.664894,10.934890,11.204569,11.473953,11.743085,12.012031,12.280881,12.549750,12.818784,13.088161,13.358090,13.628819,13.900624,14.173812,14.448714,14.725675,15.005037,15.287128,15.572239,15.860600,16.152349,16.447516,16.746007,17.047556,17.351776,17.658192,17.966256,18.275573,
-14.605972,-14.611400,-14.616098,-14.619852,-14.622507,-14.623942,-14.624064,-14.622792,-14.620050,-14.615765,-14.609861,-14.602257,-14.592867,-14.581600,-14.568355,-14.553032,-14.535524,-14.515729,-14.493547,-14.468890,-14.441685,-14.411880,-14.379450,-14.344410,-14.306810,-14.266743,-14.224351,-14.179809,-14.133310,-14.085050,-14.035167,
837.0,0.500000
837.000000,837.500000,838.000000,838.500000,839.000000,839.500000,840.000000,840.500000,841.000000,841.500000,842.000000,842.500000,843.000000,843.500000,844.000000,844.500000,845.000000,845.500000,846.000000,846.500000,847.000000,847.500000,848.000000,848.500000,849.000000,849.500000,850.000000,850.500000,851.000000,851.500000,852.000000,
10.355949,10.614621,10.873094,11.131325,11.389292,11.646993,11.904444,12.161675,12.418733,12.675679,12.932594,13.189578,13.446751,13.704256,13.962259,14.220949,14.480533,14.741242,15.003318,15.267010,15.532568,15.800231,16.070213,16.342693,16.617798,16.895597,17.176078,17.459163,17.744720,18.032567,18.322562,
-14.614999,-14.618299,-14.620881,-14.622527,-14.623074,-14.622399,-14.620403,-14.617007,-14.612137,-14.605727,-14.597714,-14.588031,-14.576615,-14.563400,-14.548319,-14.531308,-14.512305,-14.491255,-14.468109,-14.442831,-14.415403,-14.385824,-14.354113,-14.320321,-14.284524,-14.246822,-14.207347,-14.166248,-14.123676,-14.079774,-14.034639,
838.0,0.466667
838.000000,838.466667,838.933333,839.400000,839.866667,840.333333,840.800000,841.266667,841.733333,842.200000,842.666667,843.133333,843.600000,844.066667,844.533333,845.000000,845.466667,845.933333,846.400000,846.866667,847.333333,847.800000,848.266667,848.733333,849.200000,849.666667,850.133333,850.600000,851.066667,851.533333,852.000000,
10.858713,11.104116,11.349350,11.594374,11.839163,12.083708,12.328013,12.572096,12.815982,13.059714,13.303341,13.546932,13.790569,14.034348,14.278386,14.522816,14.767787,15.013470,15.260048,15.507716,15.756680,16.007151,16.259336,16.513431,16.769617,17.028049,17.288845,17.552085,17.817811,18.086020,18.356694,
-14.620226,-14.621411,-14.621894,-14.621458,-14.619940,-14.617216,-14.613192,-14.607791,-14.600948,-14.592608,-14.582722,-14.571243,-14.558127,-14.543336,-14.526832,-14.508582,-14.488558,-14.466741,-14.443120,-14.417695,-14.390480,-14.361504,-14.330811,-14.298468,-14.264554,-14.229168,-14.192423,-14.154438,-14.115332,-14.075208,-14.034133,
839.0,0.433333
839.000000,839.433333,839.866667,840.300000,840.733333,841.166667,841.600000,842.033333,842.466667,842.900000,843.333333,843.766667,844.200000,844.633333,845.066667,845.500000,845.933333,846.366667,846.800000,847.233333,847.666667,848.100000,848.533333,848.966667,849.400000,849.833333,850.266667,850.700000,851.133333,851.566667,852.000000,
11.361334,11.592478,11.823461,12.054238,12.284782,12.515079,12.745126,12.974931,13.204512,13.433896,13.663121,13.892236,14.121301,14.350391,14.579594,14.809012,15.038762,15.268978,15.499808,15.731413,15.963967,16.197654,16.432662,16.669184,16.907407,17.147508,17.389648,17.633966,17.880569,18.129529,18.380879,
-14.621327,-14.620462,-14.618922,-14.616493,-14.613017,-14.608376,-14.602480,-14.595258,-14.586659,-14.576638,-14.565161,-14.552200,-14.537732,-14.521737,-14.504204,-14.485125,-14.464497,-14.442326,-14.418626,-14.393421,-14.366743,-14.338639,-14.309162,-14.278383,-14.246379,-14.213238,-14.179054,-14.143924,-14.107935,-14.071164,-14.033657,
840.0,0.400000
840.000000,840.400000,840.800000,841.200000,841.600000,842.000000,842.400000,842.800000,843.200000,843.600000,844.000000,844.400000,844.800000,845.200000,845.600000,846.000000,846.400000,846.800000,847.200000,847.600000,848.000000,848.400000,848.800000,849.200000,849.600000,850.000000,850.400000,850.800000,851.200000,851.600000,852.000000,
11.863730,12.079737,12.295574,12.511195,12.726568,12.941679,13.156521,13.371103,13.585438,13.799552,14.013477,14.227258,14.440945,14.654603,14.868307,15.082141,15.296205,15.510610,15.725478,15.940945,16.157157,16.374269,16.592443,16.811846,17.032646,17.255004,17.479074,17.704995,17.932879,18.162811,18.394836,
-14.617979,-14.615184,-14.611752,-14.607482,-14.602222,-14.595862,-14.588318,-14.579531,-14.569456,-14.558064,-14.545332,-14.531247,-14.515803,-14.498998,-14.480837,-14.461330,-14.440493,-14.418347,-14.394921,-14.370249,-14.344376,-14.317352,-14.289232,-14.260084,-14.229975,-14.198982,-14.167179,-14.134642,-14.101437,-14.067619,-14.033220,
841.0,0.366667
841.000000,841.366667,841.733333,842.100000,842.466667,842.833333,843.200000,843.566667,843.933333,844.300000,844.666667,845.033333,845.400000,845.766667,846.133333,846.500000,846.866667,847.233333,847.600000,847.966667,848.333333,848.700000,849.066667,849.433333,849.800000,850.166667,850.533333,850.900000,851.266667,851.633333,852.000000,
12.365815,12.565902,12.765812,12.965495,13.164921,13.364076,13.562958,13.761576,13.959949,14.158103,14.356074,14.553904,14.751646,14.949357,15.147105,15.344967,15.543028,15.741380,15.940126,16.139376,16.339247,16.539864,16.741354,16.943849,17.147480,17.352375,17.558653,17.766425,17.975780,18.186788,18.399485,
-14.609861,-14.605308,-14.600175,-14.594272,-14.587462,-14.579640,-14.570733,-14.560688,-14.549472,-14.537060,-14.523444,-14.508619,-14.492591,-14.475369,-14.456970,-14.437413,-14.416725,-14.394936,-14.372081,-14.348200,-14.323339,-14.297546,-14.270875,-14.243384,-14.215131,-14.186178,-14.156586,-14.126410,-14.095702,-14.064501,-14.032830,
842.0,0.333333
842.000000,842.333333,842.666667,843.000000,843.333333,843.666667,844.000000,844.333333,844.666667,845.000000,845.333333,845.666667,846.000000,846.333333,846.666667,847.000000,847.333333,847.666667,848.000000,848.333333,848.666667,849.000000,849.333333,849.666667,850.000000,850.333333,850.666667,851.000000,851.333333,851.666667,852.000000,
12.867495,13.051002,13.234341,13.417466,13.600352,13.782989,13.965378,14.147533,14.329476,14.511237,14.692853,14.874367,15.055828,15.237292,15.418818,15.600474,15.782329,15.964459,16.146946,16.329874,16.513330,16.697407,16.882196,17.067788,17.254276,17.441746,17.630280,17.819948,18.010812,18.202915,18.396283,
-14.596657,-14.590571,-14.583973,-14.576695,-14.568611,-14.559628,-14.549680,-14.538720,-14.526720,-14.513663,-14.499544,-14.484366,-14.468139,-14.450880,-14.432608,-14.413349,-14.393133,-14.371993,-14.349964,-14.327088,-14.303406,-14.278963,-14.253806,-14.227985,-14.201548,-14.174544,-14.147021,-14.119021,-14.090583,-14.061735,-14.032493,
843.0,0.300000
843.000000,843.300000,843.600000,843.900000,844.200000,844.500000,844.800000,845.100000,845.400000,845.700000,846.000000,846.300000,846.600000,846.900000,847.200000,847.500000,847.800000,848.100000,848.400000,848.700000,849.000000,849.300000,849.600000,849.900000,850.200000,850.500000,850.800000,851.100000,851.400000,851.700000,852.000000,
13.368671,13.535074,13.701347,13.867458,14.033387,14.199131,14.364697,14.530099,14.695359,14.860507,15.025577,15.190607,15.355639,15.520719,15.685897,15.851225,16.016755,16.182544,16.348649,16.515129,16.682043,16.849449,17.017405,17.185969,17.355194,17.525131,17.695825,17.867315,18.039635,18.212806,18.386840,
-14.578056,-14.570706,-14.562923,-14.554561,-14.545510,-14.535686,-14.525032,-14.513505,-14.501080,-14.487742,-14.473490,-14.458326,-14.442262,-14.425314,-14.407504,-14.388857,-14.369401,-14.349168,-14.328191,-14.306507,-14.284153,-14.261169,-14.237593,-14.213467,-14.188830,-14.163720,-14.138176,-14.112229,-14.085907,-14.059232,-14.032216,
844.0,0.266667
844.000000,844.266667,844.533333,844.800000,845.066667,845.333333,845.600000,845.866667,846.133333,846.400000,846.666667,846.933333,847.200000,847.466667,847.733333,848.000000,848.266667,848.533333,848.800000,849.066667,849.333333,849.600000,849.866667,850.133333,850.400000,850.666667,850.933333,851.200000,851.466667,851.733333,852.000000,
13.869239,14.018120,14.166938,14.315676,14.464332,14.612908,14.761412,14.909859,15.058268,15.206661,15.355064,15.503503,15.652008,15.800611,15.949342,16.098234,16.247321,16.396635,16.546209,16.696076,16.846266,16.996810,17.147736,17.299071,17.450839,17.603061,17.755756,17.908938,18.062621,18.216810,18.371510,
-14.553757,-14.545453,-14.536798,-14.527669,-14.517974,-14.507639,-14.496611,-14.484855,-14.472345,-14.459068,-14.445020,-14.430202,-14.414625,-14.398302,-14.381251,-14.363494,-14.345054,-14.325960,-14.306240,-14.285924,-14.265045,-14.243633,-14.221723,-14.199345,-14.176532,-14.153314,-14.129720,-14.105773,-14.081496,-14.056904,-14.032006,
845.0,0.233333
845.000000,845.233333,845.466667,845.700000,845.933333,846.166667,846.400000,846.633333,846.866667,847.100000,847.333333,847.566667,847.800000,848.033333,848.266667,848.500000,848.733333,848.966667,849.200000,849.433333,849.666667,849.900000,850.133333,850.366667,850.600000,850.833333,851.066667,851.300000,851.533333,851.766667,852.000000,
14.369090,14.500084,14.631089,14.762115,14.893172,15.024271,15.155423,15.286640,15.417935,15.549320,15.680809,15.812415,15.944150,16.076026,16.208055,16.340249,16.472619,16.605174,16.737922,16.870873,17.004032,17.137405,17.270997,17.404810,17.538847,17.673107,17.807592,17.942298,18.077226,18.212373,18.347737,
-14.523462,-14.514558,-14.505379,-14.495827,-14.485825,-14.475312,-14.464241,-14.452579,-14.440303,-14.427399,-14.413861,-14.399687,-14.384883,-14.369458,-14.353426,-14.336803,-14.319608,-14.301862,-14.283588,-14.264810,-14.245553,-14.225841,-14.205701,-14.185158,-14.164235,-14.142957,-14.121344,-14.099415,-14.077185,-14.054666,-14.031865,
846.0,0.200000
846.000000,846.200000,846.400000,846.600000,846.800000,847.000000,847.200000,847.400000,847.600000,847.800000,848.000000,848.200000,848.400000,848.600000,848.800000,849.000000,849.200000,849.400000,849.600000,849.800000,850.000000,850.200000,850.400000,850.600000,850.800000,851.000000,851.200000,851.400000,851.600000,851.800000,852.000000,
14.868111,14.980925,15.093812,15.206798,15.319906,15.433152,15.546550,15.660111,15.773841,15.887745,16.001825,16.116080,16.230509,16.345109,16.459873,16.574796,16.689869,16.805083,16.920430,17.035897,17.151473,17.267146,17.382905,17.498735,17.614624,17.730560,17.846532,17.962529,18.078542,18.194564,18.310592,
-14.486888,-14.477773,-14.468450,-14.458844,-14.448892,-14.438543,-14.427759,-14.416510,-14.404773,-14.392535,-14.379787,-14.366526,-14.352752,-14.338470,-14.323689,-14.308419,-14.292674,-14.276468,-14.259818,-14.242741,-14.225256,-14.207381,-14.189135,-14.170536,-14.151603,-14.132353,-14.112800,-14.092959,-14.072840,-14.052452,-14.031799,
855.0,1.900000
855.000000,856.900000,858.800000,860.700000,862.600000,864.500000,866.400000,868.300000,870.200000,872.100000,874.000000,875.900000,877.800000,879.700000,881.600000,883.500000,885.400000,887.300000,889.200000,891.100000,893.000000,894.900000,896.800000,898.700000,900.600000,902.500000,904.400000,906.300000,908.200000,910.100000,912.000000,
20.336210,21.425261,22.490211,23.524094,24.521064,25.477587,26.390929,27.259101,28.082145,28.860766,29.596172,30.290810,30.947530,31.569463,32.160424,32.724392,33.265304,33.786755,34.291667,34.780737,35.246866,35.682284,36.084459,36.471466,36.877273,37.375716,38.176439,39.478108,41.301800,43.003866,43.936266,
-13.542260,-13.140207,-12.679514,-12.154326,-11.562425,-10.906710,-10.191583,-9.422036,-8.603808,-7.742804,-6.844805,-5.914963,-4.958150,-3.978806,-2.980007,-1.964334,-0.933840,0.110922,1.168974,2.236203,3.297011,4.332833,5.325296,6.259740,7.142506,8.056139,9.352126,11.422233,14.542532,18.508595,23.058542,
856.0,1.866667
856.000000,857.866667,859.733333,861.600000,863.466667,865.333333,867.200000,869.066667,870.933333,872.800000,874.666667,876.533333,878.400000,880.266667,882.133333,884.000000,885.866667,887.733333,889.600000,891.466667,893.333333,895.200000,897.066667,898.933333,900.800000,902.666667,904.533333,906.400000,908.266667,910.133333,912.000000,
20.797025,21.871056,22.919327,23.934934,24.912254,25.848175,26.740452,27.587592,28.390036,29.148866,29.865622,30.542924,31.183751,31.791354,32.369631,32.922616,33.454192,33.967553,34.465069,34.946742,35.404509,35.829944,36.221320,36.602347,37.014180,37.537826,38.385987,39.756418,41.659237,43.417342,44.351494,
-13.385483,-12.956900,-12.470077,-11.919729,-11.304266,-10.626969,-9.892563,-9.106289,-8.273890,-7.401196,-6.493867,-5.556836,-4.594716,-3.611651,-2.610355,-1.593038,-0.561464,0.483767,1.541420,2.606710,3.662212,4.687534,5.663820,6.580928,7.452167,8.369890,9.698798,11.843904,15.088719,19.221767,23.971787,
857.0,1.833333
857.000000,858.833333,860.666667,862.500000,864.333333,866.166667,868.000000,869.833333,871.666667,873.500000,875.333333,877.166667,879.000000,880.833333,882.666667,884.500000,886.333333,888.166667,890.000000,891.833333,893.666667,895.500000,897.333333,899.166667,901.000000,902.833333,904.666667,906.500000,908.333333,910.166667,912.000000,
21.702284,22.748256,23.765221,24.746435,25.686757,26.583946,27.436744,28.244633,29.008817,29.731067,30.413523,31.059116,31.671047,32.252729,32.808091,33.341131,33.855594,34.354222,34.838877,35.309167,35.757295,36.175453,36.563191,36.947142,37.371019,37.914296,38.770993,40.118345,41.957269,43.656500,44.584579,
-13.038221,-12.554805,-12.014329,-11.412513,-10.748802,-10.027158,-9.252869,-8.431594,-7.569018,-6.670764,-5.742201,-4.787818,-3.811735,-2.817591,-1.807620,-0.783590,0.253041,1.301503,2.360233,3.424079,4.475465,5.494197,6.462869,7.376962,8.255596,9.192010,10.528603,12.644106,15.801813,19.803807,24.395922,
858.0,1.800000
858.000000,859.800000,861.600000,863.400000,865.200000,867.000000,868.800000,870.600000,872.400000,874.200000,876.000000,877.800000,879.600000,881.400000,883.200000,885.000000,886.800000,888.600000,890.400000,892.200000,894.000000,895.800000,897.600000,899.400000,901.200000,903.000000,904.800000,906.600000,908.400000,910.200000,912.000000,
22.146339,23.175488,24.174249,25.136076,26.056186,26.932765,27.765018,28.552868,29.297817,30.001893,30.667460,31.297567,31.895516,32.464841,33.009660,33.534124,34.041924,34.535040,35.014205,35.477321,35.913317,36.311670,36.672819,37.036344,37.464633,38.063509,39.073212,40.708366,42.956446,45.008271,46.057371,
-12.847583,-12.337870,-11.772177,-11.146740,-10.461520,-9.720684,-8.929647,-8.094129,-7.219723,-6.311901,-5.375855,-4.415850,-3.435749,-2.438861,-1.426910,-0.401130,0.637429,1.687885,2.748099,3.811207,4.854504,5.852338,6.784238,7.651431,8.486223,9.411735,10.848748,13.260599,16.966997,21.725181,27.223186,
859.0,1.766667
859.000000,860.766667,862.533333,864.300000,866.066667,867.833333,869.600000,871.366667,873.133333,874.900000,876.666667,878.433333,880.200000,881.966667,883.733333,885.500000,887.266667,889.033333,890.800000,892.566667,894.333333,896.100000,897.866667,899.633333,901.400000,903.166667,904.933333,906.700000,908.466667,910.233333,912.000000,
22.584439,23.596062,24.576054,25.518107,26.417816,27.273788,28.085671,28.853807,29.579972,30.266425,30.915730,31.531041,32.115735,32.673390,33.208084,33.723870,34.224218,34.710546,35.182979,35.639083,36.068608,36.462378,36.822855,37.192868,37.637327,38.259409,39.276450,40.878042,43.040828,45.010978,46.039784,
-12.645551,-12.109971,-11.519705,-10.871467,-10.165681,-9.406669,-8.599918,-7.751165,-6.865867,-5.949316,-5.006486,-4.041383,-3.057589,-2.058121,-1.044437,-0.017547,1.021547,2.071442,3.129308,4.187644,5.223728,6.212437,7.135309,7.999991,8.845392,9.795614,11.246828,13.633173,17.251896,21.874876,27.208813,
860.0,1.733333
860.000000,861.733333,863.466667,865.200000,866.933333,868.666667,870.400000,872.133333,873.866667,875.600000,877.333333,879.066667,880.800000,882.533333,884.266667,886.000000,887.733333,889.466667,891.200000,892.933333,894.666667,896.400000,898.133333,899.866667,901.600000,903.333333,905.066667,906.800000,908.533333,910.266667,912.000000,
23.442137,24.419833,25.363708,26.267939,27.128847,27.945855,28.719452,29.450761,30.142055,30.796003,31.415501,32.003850,32.564510,33.101086,33.617533,34.117720,34.604837,35.079807,35.542285,35.989740,36.413272,36.805481,37.170598,37.552079,38.013768,38.651680,39.654110,41.181281,43.202822,45.048922,46.056517,
-12.207298,-11.619676,-10.980246,-10.286535,-9.539668,-8.744191,-7.905666,-7.029790,-6.121721,-5.186362,-4.228256,-3.250944,-2.257533,-1.250590,-0.231245,0.799734,1.841414,2.891915,3.947839,5.001402,6.031002,7.013290,7.932640,8.802200,9.665165,10.641173,12.087551,14.393806,17.824461,22.174141,27.178715,
861.0,1.700000
861.000000,862.700000,864.400000,866.100000,867.800000,869.500000,871.200000,872.900000,874.600000,876.300000,878.000000,879.700000,881.400000,883.100000,884.800000,886.500000,888.200000,889.900000,891.600000,893.300000,895.000000,896.700000,898.400000,900.100000,901.800000,903.500000,905.200000,906.900000,908.600000,910.300000,912.000000,
23.861451,24.819522,25.743025,26.626463,27.466590,28.263192,29.017105,29.729765,30.403625,31.041489,31.646366,32.221612,32.770717,33.297281,33.805148,34.298013,34.778797,35.247915,35.704519,36.145906,36.564262,36.953765,37.320575,37.710136,38.187316,38.844617,39.850315,41.343198,43.284708,45.054803,46.042116,
-11.971140,-11.359626,-10.698117,-9.984522,-9.220285,-8.409955,-7.559008,-6.673015,-5.756939,-4.815458,-3.852868,-2.872455,-1.877053,-0.868974,0.150833,1.181718,2.222688,3.271281,4.323392,5.370705,6.392064,7.365175,8.276665,9.145040,10.018695,11.017103,12.474726,14.754049,18.099105,22.317848,27.163330,
862.0,1.666667
862.000000,863.666667,865.333333,867.000000,868.666667,870.333333,872.000000,873.666667,875.333333,877.000000,878.666667,880.333333,882.000000,883.666667,885.333333,887.000000,888.666667,890.333333,892.000000,893.666667,895.333333,897.000000,898.666667,900.333333,902.000000,903.666667,905.333333,907.000000,908.666667,910.333333,912.000000,
24.680405,25.600848,26.485582,27.329714,28.130771,28.889210,29.606512,30.284682,30.926491,31.534975,32.113318,32.664927,33.193292,33.701959,34.194578,34.674587,35.144597,35.604637,36.053543,36.488691,36.903714,37.294563,37.668801,38.071017,38.563376,39.230585,40.216153,41.634674,43.443929,45.099205,46.065411,
-11.465121,-10.806039,-10.100687,-9.347596,-8.548631,-7.708291,-6.831858,-5.924629,-4.991172,-4.035724,-3.062130,-2.073241,-1.071473,-0.058762,0.964143,1.996695,3.037853,4.084692,5.132608,6.173201,7.186873,8.153548,9.062731,9.936859,10.826666,11.845830,13.293061,15.490060,18.651415,22.605741,27.132757,
863.0,1.633333
863.000000,864.633333,866.266667,867.900000,869.533333,871.166667,872.800000,874.433333,876.066667,877.700000,879.333333,880.966667,882.600000,884.233333,885.866667,887.500000,889.133333,890.766667,892.400000,894.033333,895.666667,897.300000,898.933333,900.566667,902.200000,903.833333,905.466667,907.100000,908.733333,910.366667,912.000000,
25.079846,25.978753,26.841788,27.664415,28.444578,29.183009,29.881424,30.542028,31.167684,31.761489,32.326670,32.866644,33.384888,33.884895,34.370137,34.843817,35.308242,35.763020,36.206622,36.636420,37.047267,37.436768,37.814216,38.225117,38.731457,39.413945,40.399227,41.784244,43.520949,45.107641,46.053704,
-11.195480,-10.515644,-9.791706,-9.022461,-8.209937,-7.358523,-6.473309,-5.559376,-4.621061,-3.662360,-2.686870,-1.697192,-0.695500,0.316484,1.338100,2.368807,3.407411,4.450403,5.492530,6.525012,7.529083,8.486127,9.388026,10.261503,11.161138,12.199545,13.654955,15.824969,18.906143,22.738801,27.117910,
864.0,1.600000
864.000000,865.600000,867.200000,868.800000,870.400000,872.000000,873.600000,875.200000,876.800000,878.400000,880.000000,881.600000,883.200000,884.800000,886.400000,888.000000,889.600000,891.200000,892.800000,894.400000,896.000000,897.600000,899.200000,900.800000,902.400000,904.000000,905.600000,907.200000,908.800000,910.400000,912.000000,
25.858275,26.728674,27.577441,28.399943,29.193053,29.955972,30.688826,31.392437,32.068999,32.721266,33.352448,33.966703,34.568555,35.162801,35.754755,36.349740,36.952608,37.566646,38.194365,38.837297,39.494533,40.164357,40.844842,41.534178,42.231286,42.937375,43.660424,44.411211,45.202916,46.053815,46.979100,
-10.623667,-9.891232,-9.101930,-8.251235,-7.338602,-6.366742,-5.339437,-4.260726,-3.134426,-1.964214,-0.753533,0.494806,1.778209,3.094156,4.440162,5.813553,7.211004,8.627241,10.056414,11.492716,12.931080,14.366971,15.796868,17.220052,18.636852,20.048254,21.456338,22.863385,24.271247,25.680156,27.089913,
865.0,1.566667
865.000000,866.566667,868.133333,869.700000,871.266667,872.833333,874.400000,875.966667,877.533333,879.100000,880.666667,882.233333,883.800000,885.366667,886.933333,888.500000,890.066667,891.633333,893.200000,894.766667,896.333333,897.900000,899.466667,901.033333,902.600000,904.166667,905.733333,907.300000,908.866667,910.433333,912.000000,
26.237153,27.083824,27.908375,28.706584,29.475821,30.215653,30.926531,31.609561,32.267066,32.901881,33.517259,34.117299,34.706433,35.289323,35.871032,36.456596,37.050548,37.655836,38.274626,38.908137,39.555323,40.214440,40.883744,41.562200,42.249704,42.948444,43.667084,44.416450,45.207884,46.052214,46.957588,
-10.321860,-9.572881,-8.769775,-7.908435,-6.988606,-6.012948,-4.985091,-3.908886,-2.787924,-1.625643,-0.425252,0.810628,2.079577,3.379236,4.707237,6.061015,7.437384,8.831350,10.237362,11.649890,13.064016,14.475347,15.880562,17.279281,18.672369,20.061783,21.451742,22.846781,24.250184,25.660891,27.077065,
866.0,1.533333
866.000000,867.533333,869.066667,870.600000,872.133333,873.666667,875.200000,876.733333,878.266667,879.800000,881.333333,882.866667,884.400000,885.933333,887.466667,889.000000,890.533333,892.066667,893.600000,895.133333,896.666667,898.200000,899.733333,901.266667,902.800000,904.333333,905.866667,907.400000,908.933333,910.466667,912.000000,
26.974073,27.778192,28.559957,29.315833,30.043949,30.744464,31.418357,32.067181,32.693503,33.300320,33.890987,34.469569,35.040406,35.608002,36.177114,36.752407,37.338024,37.936525,38.549677,39.178318,39.821123,40.475971,41.140382,41.811519,42.487047,43.166570,43.855357,44.562189,45.301349,46.101064,46.986143,
-9.687520,-8.904303,-8.071415,-7.185302,-6.246004,-5.256038,-4.218752,-3.137666,-2.015992,-0.856785,0.337109,1.563344,2.819742,4.104153,5.414354,6.747932,8.101947,9.471972,10.853152,12.240751,13.630849,15.019937,16.405004,17.784209,19.155846,20.517492,21.864297,23.191325,24.495795,25.781860,27.054341,
867.0,1.500000
867.000000,868.500000,870.000000,871.500000,873.000000,874.500000,876.000000,877.500000,879.000000,880.500000,882.000000,883.500000,885.000000,886.500000,888.000000,889.500000,891.000000,892.500000,894.000000,895.500000,897.000000,898.500000,900.000000,901.500000,903.000000,904.500000,906.000000,907.500000,909.000000,910.500000,912.000000,
27.683169,28.444845,29.184542,29.899346,30.588051,31.251299,31.890494,32.507567,33.105334,33.686983,34.255961,34.816169,35.371596,35.926056,36.482727,37.044436,37.613541,38.191300,38.778459,39.375283,39.981032,40.594718,41.215590,41.843873,42.480864,43.130240,43.802032,44.508158,45.260079,46.065933,46.931082,
-9.013883,-8.201324,-7.343520,-6.437367,-5.483072,-4.482914,-3.439867,-2.356999,-1.236981,-0.082334,1.104501,2.321165,3.565150,4.833387,6.121208,7.423407,8.734697,10.050073,11.364878,12.675250,13.979472,15.276765,16.567140,17.852134,19.134193,20.417081,21.707768,23.013475,24.339004,25.681343,27.036317,
868.0,1.466667
868.000000,869.466667,870.933333,872.400000,873.866667,875.333333,876.800000,878.266667,879.733333,881.200000,882.666667,884.133333,885.600000,887.066667,888.533333,890.000000,891.466667,892.933333,894.400000,895.866667,897.333333,898.800000,900.266667,901.733333,903.200000,904.666667,906.133333,907.600000,909.066667,910.533333,912.000000,
28.027321,28.764779,29.480666,30.172397,30.839099,31.481609,32.101472,32.700724,33.282186,33.849011,34.404582,34.952659,35.497060,36.041410,36.588677,37.141455,37.701857,38.270872,38.848990,39.436268,40.031951,40.635167,41.245506,41.864088,42.493254,43.137552,43.807120,44.513226,45.265040,46.064141,46.909856,
-8.663024,-7.841480,-6.977396,-6.067897,-5.113269,-4.115655,-3.077828,-2.002645,-0.892590,0.249994,1.422824,2.623658,3.850099,5.099221,6.366637,7.647454,8.936685,10.229559,11.521614,12.809124,14.090314,15.364353,16.631369,17.893484,19.154011,20.417915,21.694065,22.991556,24.316283,25.664068,27.029284,
869.0,1.433333
869.000000,870.433333,871.866667,873.300000,874.733333,876.166667,877.600000,879.033333,880.466667,881.900000,883.333333,884.766667,886.200000,887.633333,889.066667,890.500000,891.933333,893.366667,894.800000,896.233333,897.666667,899.100000,900.533333,901.966667,903.400000,904.833333,906.266667,907.700000,909.133333,910.566667,912.000000,
28.695029,29.391049,30.066637,30.719737,31.349981,31.958514,32.547124,33.118029,33.674101,34.218491,34.754526,35.285808,35.815948,36.348328,36.885613,37.430075,37.983494,38.546565,39.119482,39.702002,40.293068,40.891399,41.495850,42.105908,42.721961,43.346474,43.987318,44.654755,45.360886,46.120992,46.947351,
-7.934766,-7.091759,-6.210331,-5.287899,-4.324780,-3.322876,-2.284640,-1.212596,-0.108937,1.024261,2.184951,3.371051,4.580305,5.809967,7.055975,8.313826,9.578990,10.847307,12.114979,13.378946,14.638012,15.891726,17.140033,18.383319,19.622192,20.857475,22.090433,23.322392,24.554428,25.786790,27.019463,
870.0,1.400000
870.000000,871.400000,872.800000,874.200000,875.600000,877.000000,878.400000,879.800000,881.200000,882.600000,884.000000,885.400000,886.800000,888.200000,889.600000,891.000000,892.400000,893.800000,895.200000,896.600000,898.000000,899.400000,900.800000,902.200000,903.600000,905.000000,906.400000,907.800000,909.200000,910.600000,912.000000,
29.018707,29.690824,30.343294,30.974321,31.583773,32.172902,32.743560,33.297993,33.839023,34.369721,34.893306,35.413205,35.932835,36.455359,36.983220,37.518447,38.062573,38.616054,39.178865,39.750619,40.330336,40.916969,41.509869,42.109645,42.717962,43.338378,43.979040,44.649551,45.359262,46.115322,46.922533,
-7.558026,-6.711023,-5.828125,-4.906902,-3.947681,-2.952221,-1.922783,-0.861699,0.228999,1.347382,2.491539,3.659495,4.849102,6.057752,7.281641,8.516549,9.758211,11.002635,12.246152,13.485762,14.720158,15.948810,17.171824,18.390422,19.606443,20.822466,22.042637,23.271156,24.510799,25.760060,27.016737,
871.0,1.366667
871.000000,872.366667,873.733333,875.100000,876.466667,877.833333,879.200000,880.566667,881.933333,883.300000,884.666667,886.033333,887.400000,888.766667,890.133333,891.500000,892.866667,894.233333,895.600000,896.966667,898.333333,899.700000,901.066667,902.433333,903.800000,905.166667,906.533333,907.900000,909.266667,910.633333,912.000000,
29.646107,30.278762,30.893403,31.488670,32.064784,32.623187,33.165853,33.695102,34.213731,34.724735,35.231219,35.736403,36.243449,36.755247,37.273931,37.801208,38.338293,38.885382,39.442193,40.008066,40.581703,41.161643,41.746577,42.335803,42.929484,43.529712,44.143372,44.779849,45.451076,46.173952,46.962345,
-6.781065,-5.920352,-5.027436,-4.100087,-3.138592,-2.144480,-1.119725,-0.066371,1.013784,2.119022,3.247615,4.397724,5.567328,6.753995,7.954251,9.164275,10.380264,11.598806,12.816841,14.031930,15.243117,16.449987,17.652240,18.849362,20.040683,21.225288,22.401696,23.568520,24.725216,25.873612,27.015678,
872.0,1.333333
872.000000,873.333333,874.666667,876.000000,877.333333,878.666667,880.000000,881.333333,882.666667,884.000000,885.333333,886.666667,888.000000,889.333333,890.666667,892.000000,893.333333,894.666667,896.000000,897.333333,898.666667,900.000000,901.333333,902.666667,904.000000,905.333333,906.666667,908.000000,909.333333,910.666667,912.000000,
30.247578,30.842646,31.421522,31.983228,32.528267,33.058210,33.575099,34.081277,34.579474,35.072579,35.563546,36.055360,36.550915,37.052806,37.562861,38.082473,38.612552,39.153049,39.703440,40.262794,40.829483,41.401623,41.977283,42.554667,43.132731,43.712484,44.300104,44.905181,45.541997,46.234977,47.004872,
-5.975238,-5.105291,-4.206516,-3.276853,-2.316532,-1.326870,-0.309586,0.733529,1.800876,2.890915,4.002073,5.132635,6.280711,7.444047,8.619514,9.803704,10.993280,12.185391,13.377538,14.567759,15.755286,16.939633,18.119934,19.293945,20.458612,21.609923,22.741904,23.848841,24.927725,25.983107,27.020312,
873.0,1.300000
873.000000,874.300000,875.600000,876.900000,878.200000,879.500000,880.800000,882.100000,883.400000,884.700000,886.000000,887.300000,888.600000,889.900000,891.200000,892.500000,893.800000,895.100000,896.400000,897.700000,899.000000,900.300000,901.600000,902.900000,904.200000,905.500000,906.800000,908.100000,909.400000,910.700000,912.000000,
30.538889,31.111809,31.669621,32.211514,32.738100,33.250962,33.752120,34.243863,34.728816,35.209735,35.689416,36.170642,36.656080,37.148090,37.648266,38.157770,38.677283,39.206569,39.744966,40.291512,40.844831,41.403494,41.966336,42.533000,43.104035,43.681755,44.272589,44.885166,45.530241,46.222431,46.973555,
-5.562444,-4.696066,-3.802960,-2.881159,-1.930858,-0.953249,0.050097,1.077536,2.127590,3.198830,4.289790,5.398855,6.524244,7.663833,8.814705,9.973674,11.137584,12.303638,13.469332,14.632658,15.792707,16.948957,18.100888,19.247598,20.387954,21.520555,22.643459,23.754902,24.854165,25.943324,27.024642,
874.0,1.266667
874.000000,875.266667,876.533333,877.800000,879.066667,880.333333,881.600000,882.866667,884.133333,885.400000,886.666667,887.933333,889.200000,890.466667,891.733333,893.000000,894.266667,895.533333,896.800000,898.066667,899.333333,900.600000,901.866667,903.133333,904.400000,905.666667,906.933333,908.200000,909.466667,910.733333,912.000000,
31.103354,31.641940,32.167378,32.679221,33.178323,33.666376,34.145429,34.617705,35.085548,35.551302,36.017164,36.484949,36.956239,37.432363,37.914162,38.402212,38.896838,39.397916,39.905128,40.418057,40.936194,41.459265,41.987728,42.523867,43.071118,43.634313,44.221051,44.839301,45.495309,46.190116,46.923122,
-4.719034,-3.849981,-2.957043,-2.038277,-1.093698,-0.124234,0.868784,1.883820,2.919160,3.972907,5.042837,6.125983,7.219095,8.318865,9.422117,10.525874,11.627589,12.725719,13.819228,14.907479,15.990466,17.068645,18.143150,19.216543,20.292214,21.374439,22.469154,23.582047,24.716459,25.869389,27.036961,
875.0,1.233333
875.000000,876.233333,877.466667,878.700000,879.933333,881.166667,882.400000,883.633333,884.866667,886.100000,887.333333,888.566667,889.800000,891.033333,892.266667,893.500000,894.733333,895.966667,897.200000,898.433333,899.666667,900.900000,902.133333,903.366667,904.600000,905.833333,907.066667,908.300000,909.533333,910.766667,912.000000,
31.376816,31.894850,32.400868,32.894546,33.376789,33.849245,34.313884,34.772813,35.228203,35.682195,36.136786,36.593603,37.054071,37.519429,37.990608,38.468386,38.953449,39.446363,39.947577,40.457333,40.975423,41.501593,42.035907,42.579364,43.133730,43.701957,44.289504,44.902524,45.546578,46.224909,46.939276,
-4.289204,-3.427635,-2.543963,-1.636318,-0.704684,0.250080,1.226718,2.223751,3.239480,4.272017,5.319178,6.378145,7.445902,8.519522,9.596522,10.674822,11.753019,12.831173,13.909907,14.989940,16.071688,17.155406,18.241196,19.328907,20.418458,21.510213,22.605692,23.706608,24.814044,25.927143,27.044764,
876.0,1.200000
876.000000,877.200000,878.400000,879.600000,880.800000,882.000000,883.200000,884.400000,885.600000,886.800000,888.000000,889.200000,890.400000,891.600000,892.800000,894.000000,895.200000,896.400000,897.600000,898.800000,900.000000,901.200000,902.400000,903.600000,904.800000,906.000000,907.200000,908.400000,909.600000,910.800000,912.000000,
31.907039,32.394408,32.871688,33.338804,33.796771,34.247246,34.692158,35.133546,35.573472,36.013943,36.456795,36.903449,37.355075,37.812567,38.276325,38.746489,39.222983,39.705408,40.193259,40.686068,41.183574,41.685873,42.193821,42.709989,43.237958,43.782338,44.349525,44.945933,45.576226,46.240298,46.936788,
-3.415260,-2.556625,-1.678315,-0.778589,0.142614,1.084569,2.046187,3.026177,4.023051,5.035153,6.060548,7.096720,8.140925,9.190374,10.242384,11.294443,12.344402,13.390915,14.433087,15.470419,16.503067,17.531666,18.557505,19.583180,20.612012,21.647990,22.696194,23.761344,24.846088,25.947794,27.063119,
877.0,1.166667
877.000000,878.166667,879.333333,880.500000,881.666667,882.833333,884.000000,885.166667,886.333333,887.500000,888.666667,889.833333,891.000000,892.166667,893.333333,894.500000,895.666667,896.833333,898.000000,899.166667,900.333333,901.500000,902.666667,903.833333,905.000000,906.166667,907.333333,908.500000,909.666667,910.833333,912.000000,
32.416208,32.875395,33.326379,33.769304,34.205259,34.635867,35.062974,35.488501,35.914339,36.342296,36.773993,37.210625,37.653127,38.102158,38.557905,39.020299,39.489079,39.963700,40.443523,40.927930,41.416455,41.908928,42.405817,42.909011,43.421356,43.946857,44.491654,45.062490,45.665598,46.305226,46.983929,
-2.524877,-1.672255,-0.802100,0.087208,0.995760,1.922924,2.867725,3.828987,4.805333,5.795227,6.796880,7.808010,8.826145,9.848789,10.873589,11.898375,12.921324,13.941363,14.957818,15.970328,16.978976,17.984121,18.986425,19.987079,20.987582,21.989726,22.995779,24.007874,25.027292,26.053175,27.084319,
878.0,1.133333
878.000000,879.133333,880.266667,881.400000,882.533333,883.666667,884.800000,885.933333,887.066667,888.200000,889.333333,890.466667,891.600000,892.733333,893.866667,895.000000,896.133333,897.266667,898.400000,899.533333,900.666667,901.800000,902.933333,904.066667,905.200000,906.333333,907.466667,908.600000,909.733333,910.866667,912.000000,
32.663381,33.104848,33.539134,33.966451,34.387876,34.804958,35.219438,35.633113,36.047717,36.464886,36.886060,37.312254,37.744217,38.182431,38.626921,39.077490,39.533798,39.995364,40.461725,40.932619,41.408288,41.889445,42.377551,42.875558,43.387158,43.916512,44.468267,45.046609,45.654014,46.288904,46.949020,
-2.074484,-1.234895,-0.379182,0.494210,1.385396,2.293813,3.218561,4.158543,5.112467,6.078882,7.056104,8.042000,9.034251,10.030498,11.028469,12.026043,13.021428,14.013534,15.001716,15.985801,16.966419,17.944746,18.922613,19.903024,20.889495,21.885723,22.895368,23.921435,24.965238,26.024268,27.095657,
879.0,1.100000
879.000000,880.100000,881.200000,882.300000,883.400000,884.500000,885.600000,886.700000,887.800000,888.900000,890.000000,891.100000,892.200000,893.300000,894.400000,895.500000,896.600000,897.700000,898.800000,899.900000,901.000000,902.100000,903.200000,904.300000,905.400000,906.500000,907.600000,908.700000,909.800000,910.900000,912.000000,
33.143929,33.560847,33.972318,34.378722,34.781162,35.181112,35.580196,35.980060,36.382251,36.788197,37.199121,37.615826,38.038850,38.468472,38.904546,39.346715,39.794494,40.247273,40.704459,41.165633,41.630802,42.100401,42.575543,43.058691,43.553089,44.062677,44.592419,45.147221,45.730814,46.343923,46.986239,
-1.165167,-0.336085,0.507335,1.366531,2.241635,3.132149,4.037263,4.955971,5.887089,6.829282,7.781020,8.740397,9.705357,10.673822,11.643811,12.613485,13.581284,14.546229,15.507698,16.465414,17.419643,18.371033,19.320689,20.270517,21.222851,22.180333,23.145981,24.122474,25.111234,26.110753,27.119125,
880.0,1.066667
880.000000,881.066667,882.133333,883.200000,884.266667,885.333333,886.400000,887.466667,888.533333,889.600000,890.666667,891.733333,892.800000,893.866667,894.933333,896.000000,897.066667,898.133333,899.200000,900.266667,901.333333,902.400000,903.466667,904.533333,905.600000,906.666667,907.733333,908.800000,909.866667,910.933333,912.000000,
33.607503,34.002427,34.393754,34.781950,35.167985,35.553030,35.938306,36.324966,36.713935,37.105994,37.501779,37.901701,38.306053,38.715044,39.128792,39.547377,39.970878,40.399397,40.833109,41.272340,41.717741,42.170294,42.631519,43.103973,43.590755,44.095320,44.621490,45.172594,45.750324,46.352659,46.977104,
-0.246871,0.569821,1.399737,2.244059,3.102638,3.974564,4.858522,5.752901,6.655743,7.564957,8.478461,9.394324,10.310799,11.226470,12.140576,13.052746,13.962961,14.871707,15.779716,16.687848,17.597039,18.508376,19.423250,20.343681,21.272075,22.211183,23.164274,24.134200,25.122230,26.125982,27.142719,
881.0,1.033333
881.000000,882.033333,883.066667,884.100000,885.133333,886.166667,887.200000,888.233333,889.266667,890.300000,891.333333,892.366667,893.400000,894.433333,895.466667,896.500000,897.533333,898.566667,899.600000,900.633333,901.666667,902.700000,903.733333,904.766667,905.800000,906.833333,907.866667,908.900000,909.933333,910.966667,912.000000,
33.833474,34.213303,34.590124,34.964488,35.337436,35.710240,36.084254,36.460806,36.841075,37.226098,37.616701,38.013319,38.416140,38.825129,39.239927,39.660033,40.084919,40.514121,40.947328,41.384540,41.826397,42.274039,42.729228,43.194802,43.674072,44.170471,44.687268,45.227073,45.790991,46.376977,46.982670,
0.214786,1.013828,1.824525,2.648148,3.484858,4.334266,5.195690,6.068271,6.950978,7.842649,8.741957,9.647293,10.556923,11.469096,12.382130,13.294474,14.204837,15.112458,16.016956,16.918391,17.817549,18.715722,19.614756,20.517401,21.426779,22.346065,23.278188,24.225417,25.188602,26.165648,27.154222,
882.0,1.000000
882.000000,883.000000,884.000000,885.000000,886.000000,887.000000,888.000000,889.000000,890.000000,891.000000,892.000000,893.000000,894.000000,895.000000,896.000000,897.000000,898.000000,899.000000,900.000000,901.000000,902.000000,903.000000,904.000000,905.000000,906.000000,907.000000,908.000000,909.000000,910.000000,911.000000,912.000000,
34.274913,34.636012,34.995604,35.354255,35.712836,36.072340,36.433785,36.798143,37.166238,37.538793,37.916419,38.299555,38.688505,39.083414,39.484161,39.890480,40.302011,40.718303,41.138977,41.563925,41.993645,42.429114,42.871914,43.324645,43.790385,44.272380,44.773823,45.297323,45.844066,46.412283,46.999865,
1.141513,1.924800,2.718625,3.523967,4.340713,5.168173,6.005361,6.851133,7.704240,8.563426,9.427504,10.295492,11.166506,12.039727,12.914385,13.789734,14.665044,15.539594,16.412785,17.284312,18.154481,19.024071,19.894426,20.767838,21.647059,22.535052,23.434848,24.348942,25.278443,26.221510,27.175988,
883.0,0.966667
883.000000,883.966667,884.933333,885.900000,886.866667,887.833333,888.800000,889.766667,890.733333,891.700000,892.666667,893.633333,894.600000,895.566667,896.533333,897.500000,898.466667,899.433333,900.400000,901.366667,902.333333,903.300000,904.266667,905.233333,906.200000,907.166667,908.133333,909.100000,910.066667,911.033333,912.000000,
34.703872,35.048252,35.392441,35.737072,36.082931,36.430832,36.781563,37.135830,37.494154,37.856937,38.224469,38.596887,38.974241,39.356531,39.743712,40.135712,40.532448,40.933819,41.339799,41.750554,42.166648,42.589009,43.019055,43.459062,43.911718,44.379871,44.866354,45.373531,45.902632,46.452548,47.021815,
2.070819,2.836689,3.612037,4.397728,5.193602,5.998926,6.812663,7.633591,8.460345,9.291529,10.125816,10.962091,11.799417,12.637097,13.474842,14.312566,15.150275,15.988004,16.825830,17.663911,18.502562,19.342310,20.184052,21.029387,21.880262,22.738796,23.607171,24.487171,25.379529,26.282794,27.195302,
884.0,0.933333
884.000000,884.933333,885.866667,886.800000,887.733333,888.666667,889.600000,890.533333,891.466667,892.400000,893.333333,894.266667,895.200000,896.133333,897.066667,898.000000,898.933333,899.866667,900.800000,901.733333,902.666667,903.600000,904.533333,905.466667,906.400000,907.333333,908.266667,909.200000,910.133333,911.066667,912.000000,
34.914246,35.246139,35.578236,35.911246,36.246015,36.583425,36.924341,37.269548,37.619661,37.975153,38.336320,38.703173,39.075554,39.453181,39.835638,40.222493,40.613406,41.008282,41.407266,41.810837,42.220061,42.636389,43.061626,43.498055,43.948084,44.413943,44.897312,45.399176,45.919378,46.455676,47.005875,
2.535763,3.281399,4.035352,4.798629,5.571395,6.353363,7.143996,7.942596,8.748331,9.560264,10.377359,11.198424,12.022213,12.847510,13.673207,14.498354,15.322253,16.144681,16.965770,17.786036,18.606583,19.428880,20.254688,21.086127,21.925419,22.774684,23.635687,24.509640,25.396755,26.295373,27.203769,
885.0,0.900000
885.000000,885.900000,886.800000,887.700000,888.600000,889.500000,890.400000,891.300000,892.200000,893.100000,894.000000,894.900000,895.800000,896.700000,897.600000,898.500000,899.400000,900.300000,901.200000,902.100000,903.000000,903.900000,904.800000,905.700000,906.600000,907.500000,908.400000,909.300000,910.200000,911.100000,912.000000,
35.327933,35.645878,35.965001,36.286056,36.609813,36.937017,37.268363,37.604458,37.945741,38.292515,38.644924,39.002858,39.366060,39.734163,40.106693,40.483164,40.863185,41.246588,41.633434,42.024108,42.419549,42.821086,43.230440,43.649881,44.081864,44.528743,44.992440,45.474250,45.974392,46.491118,47.022620,
3.465032,4.191243,4.924762,5.666516,6.416680,7.175016,7.941058,8.714188,9.493664,10.278656,11.068235,11.861340,12.656852,13.453658,14.250710,15.047068,15.841985,16.635073,17.426241,18.215744,19.004383,19.793347,20.584222,21.379152,22.180509,22.990655,23.811705,24.645232,25.491763,26.349843,27.217862,
886.0,0.866667
886.000000,886.866667,887.733333,888.600000,889.466667,890.333333,891.200000,892.066667,892.933333,893.800000,894.666667,895.533333,896.400000,897.266667,898.133333,899.000000,899.866667,900.733333,901.600000,902.466667,903.333333,904.200000,905.066667,905.933333,906.800000,907.666667,908.533333,909.400000,910.266667,911.133333,912.000000,
35.733718,36.039413,36.347130,36.657570,36.971325,37.288889,37.610681,37.937034,38.268152,38.604149,38.945057,39.290795,39.641212,39.996102,40.355202,40.718244,41.085022,41.455465,41.829675,42.208019,42.591332,42.980786,43.377888,43.784609,44.203083,44.635370,45.083198,45.547794,46.029541,46.527308,47.039850,
4.392104,5.098131,5.810624,6.530286,7.257094,7.990629,8.730259,9.475240,10.224775,10.978062,11.734336,12.492925,13.253218,14.014659,14.776752,15.539061,16.301218,17.062967,17.824196,18.585018,19.345942,20.107775,20.871631,21.639063,22.411802,23.191576,23.979910,24.777924,25.585962,26.402945,27.227687,
887.0,0.833333
887.000000,887.833333,888.666667,889.500000,890.333333,891.166667,892.000000,892.833333,893.666667,894.500000,895.333333,896.166667,897.000000,897.833333,898.666667,899.500000,900.333333,901.166667,902.000000,902.833333,903.666667,904.500000,905.333333,906.166667,907.000000,907.833333,908.666667,909.500000,910.333333,911.166667,912.000000,
36.133385,36.428281,36.725926,37.027011,37.331998,37.641186,37.954759,38.272797,38.595246,38.921969,39.252761,39.587348,39.925439,40.266767,40.611146,40.958487,41.308843,41.662509,42.019980,42.381980,42.749570,43.124041,43.506890,43.899863,44.304757,44.723233,45.156587,45.605659,46.070575,46.550253,47.043572,
5.315613,6.000786,6.691805,7.389269,8.093082,8.802748,9.517544,10.236616,10.959024,11.683812,12.410054,13.136931,13.863735,14.589915,15.315181,16.039436,16.762783,17.485592,18.208414,18.931957,19.657116,20.384917,21.116503,21.853169,22.596239,23.346950,24.106315,24.874987,25.653002,26.439306,27.232835,
888.0,0.800000
888.000000,888.800000,889.600000,890.400000,891.200000,892.000000,892.800000,893.600000,894.400000,895.200000,896.000000,896.800000,897.600000,898.400000,899.200000,900.000000,900.800000,901.600000,902.400000,903.200000,904.000000,904.800000,905.600000,906.400000,907.200000,908.000000,908.800000,909.600000,910.400000,911.200000,912.000000,
36.331468,36.617830,36.908658,37.204658,37.506075,37.812891,38.124934,38.441941,38.763585,39.089504,39.419317,39.752632,40.089074,40.428312,40.770108,41.114322,41.460958,41.810250,42.162628,42.518760,42.879657,43.246561,43.620910,44.004360,44.398592,44.805133,45.225114,45.659225,46.107524,46.569039,47.042782,
5.775698,6.441804,7.116728,7.801087,8.494386,9.195568,9.903294,10.616123,11.332673,12.051637,12.771819,13.492219,14.211990,14.930457,15.647184,16.361916,17.074581,17.785349,18.494578,19.202830,19.910937,20.619924,21.330985,22.045516,22.764959,23.490658,24.223685,24.964748,25.713982,26.470552,27.233585,
889.0,0.766667
889.000000,889.766667,890.533333,891.300000,892.066667,892.833333,893.600000,894.366667,895.133333,895.900000,896.666667,897.433333,898.200000,898.966667,899.733333,900.500000,901.266667,902.033333,902.800000,903.566667,904.333333,905.100000,905.866667,906.633333,907.400000,908.166667,908.933333,909.700000,910.466667,911.233333,912.000000,
36.725175,37.001039,37.280030,37.562857,37.849948,38.141545,38.437770,38.738646,39.044101,39.353993,39.668118,39.986203,40.307954,40.633083,40.961358,41.292629,41.626877,41.964314,42.305344,42.650593,43.000996,43.357689,43.721950,44.095196,44.478814,44.873992,45.281492,45.701639,46.134195,46.578062,47.032213,
6.692051,7.333346,7.979045,8.629791,9.285735,9.946738,10.612481,11.282533,11.956383,12.633463,13.313164,13.994841,14.677844,15.361558,16.045451,16.729090,17.412192,18.094714,18.776816,19.458883,20.141612,20.825913,21.512878,22.203801,22.900015,23.602749,24.312947,25.031202,25.757572,26.491253,27.231420,
890.0,0.733333
890.000000,890.733333,891.466667,892.200000,892.933333,893.666667,894.400000,895.133333,895.866667,896.600000,897.333333,898.066667,898.800000,899.533333,900.266667,901.000000,901.733333,902.466667,903.200000,903.933333,904.666667,905.400000,906.133333,906.866667,907.600000,908.333333,909.066667,909.800000,910.533333,911.266667,912.000000,
37.116940,37.384373,37.655140,37.929851,38.208769,38.491933,38.779248,39.070530,39.365529,39.663964,39.965554,40.270036,40.577193,40.886886,41.199106,41.513967,41.831731,42.152875,42.478038,42.808018,43.143812,43.486523,43.837304,44.197315,44.567616,44.949033,45.341962,45.746406,46.161901,46.587319,47.021672,
7.602932,8.221741,8.844440,9.471473,10.102790,10.738051,11.376745,12.018264,12.661959,13.307175,13.953294,14.599781,15.246195,15.892220,16.537726,17.182739,17.827451,18.472269,19.117759,19.764628,20.413751,21.066103,21.722725,22.384706,23.053091,23.728778,24.412373,25.104163,25.803994,26.511037,27.224510,
891.0,0.700000
891.000000,891.700000,892.400000,893.100000,893.800000,894.500000,895.200000,895.900000,896.600000,897.300000,898.000000,898.700000,899.400000,900.100000,900.800000,901.500000,902.200000,902.900000,903.600000,904.300000,905.000000,905.700000,906.400000,907.100000,907.800000,908.500000,909.200000,909.900000,910.600000,911.300000,912.000000,
37.508273,37.767738,38.030552,38.297307,38.568221,38.843284,39.122343,39.405157,39.691430,39.980841,40.273074,40.567843,40.864908,41.164107,41.465400,41.768865,42.074722,42.383386,42.695435,43.011603,43.332827,43.660158,43.994711,44.337628,44.689975,45.052623,45.426081,45.810519,46.205707,46.610856,47.025248,
8.508183,9.103826,9.702855,10.305679,10.912273,11.522348,12.135458,12.751063,13.368576,13.987397,14.606947,15.226705,15.846219,16.465134,17.083241,17.700461,18.316859,18.932700,19.548403,20.164548,20.781915,21.401410,22.024030,22.650842,23.282885,23.921057,24.565975,25.217956,25.876924,26.542223,27.213222,
892.0,0.666667
892.000000,892.666667,893.333333,894.000000,894.666667,895.333333,896.000000,896.666667,897.333333,898.000000,898.666667,899.333333,900.000000,900.666667,901.333333,902.000000,902.666667,903.333333,904.000000,904.666667,905.333333,906.000000,906.666667,907.333333,908.000000,908.666667,909.333333,910.000000,910.666667,911.333333,912.000000,
37.900576,38.152231,38.406876,38.664967,38.926602,39.191668,39.459926,39.731078,40.004821,40.280863,40.558961,40.838949,41.120743,41.404359,41.689946,41.977774,42.268239,42.561899,42.859430,43.161617,43.469354,43.783584,44.105250,44.435236,44.774312,45.123037,45.481632,45.850022,46.227813,46.614205,47.008517,
9.407980,9.979687,10.553874,11.130714,11.710023,12.291409,12.874369,13.458365,14.042883,14.627453,15.211685,15.795309,16.378164,16.960206,17.541546,18.122420,18.703188,19.284361,19.866563,20.450510,21.037017,21.626950,22.221188,22.820589,23.425930,24.037833,24.656652,25.282479,25.915095,26.553845,27.198144,
893.0,0.633333
893.000000,893.633333,894.266667,894.900000,895.533333,896.166667,896.800000,897.433333,898.066667,898.700000,899.333333,899.966667,900.600000,901.233333,901.866667,902.500000,903.133333,903.766667,904.400000,905.033333,905.666667,906.300000,906.933333,907.566667,908.200000,908.833333,909.466667,910.100000,910.733333,911.366667,912.000000,
38.295125,38.538818,38.784792,39.033419,39.284805,39.538902,39.795575,40.054650,40.315952,40.579327,40.844650,41.111850,41.380914,41.651899,41.924961,42.200344,42.478396,42.759600,43.044540,43.333896,43.628452,43.929038,44.236482,44.551568,44.874972,45.207190,45.548419,45.898598,46.257399,46.624160,46.998324,
10.302818,10.849645,11.397614,11.946783,12.497042,13.048198,13.600017,14.152262,14.704724,15.257228,15.809630,16.361834,16.913792,17.465506,18.017054,18.568587,19.120343,19.672685,20.226078,20.781085,21.338395,21.898764,22.462985,23.031854,23.606106,24.186334,24.772881,25.365851,25.965065,26.569970,27.180068,
894.0,0.600000
894.000000,894.600000,895.200000,895.800000,896.400000,897.000000,897.600000,898.200000,898.800000,899.400000,900.000000,900.600000,901.200000,901.800000,902.400000,903.000000,903.600000,904.200000,904.800000,905.400000,906.000000,906.600000,907.200000,907.800000,908.400000,909.000000,909.600000,910.200000,910.800000,911.400000,912.000000,
38.693061,38.928928,39.166745,39.406809,39.649177,39.893764,40.140404,40.388901,40.639070,40.890754,41.143840,41.398290,41.654142,41.911514,42.170635,42.431830,42.695518,42.962235,43.232601,43.507306,43.787103,44.072762,44.365029,44.664571,44.971943,45.287519,45.611405,45.943480,46.283411,46.630612,46.984606,
11.193475,11.715510,12.238370,12.762023,13.286288,13.810906,14.335585,14.860032,15.383995,15.907265,16.429691,16.951205,17.471814,17.991612,18.510795,19.029655,19.548577,20.068061,20.588695,21.111145,21.636156,22.164509,22.696983,23.234313,23.777141,24.325954,24.880983,25.442237,26.009487,26.582214,27.159969,
895.0,0.566667
895.000000,895.566667,896.133333,896.700000,897.266667,897.833333,898.400000,898.966667,899.533333,900.100000,900.666667,901.233333,901.800000,902.366667,902.933333,903.500000,904.066667,904.633333,905.200000,905.766667,906.333333,906.900000,907.466667,908.033333,908.600000,909.166667,909.733333,910.300000,910.866667,911.433333,912.000000,
39.095387,39.322576,39.550678,39.779879,40.010269,40.241880,40.474716,40.708772,40.944058,41.180607,41.418488,41.657823,41.898785,42.141606,42.386594,42.634116,42.884602,43.138547,43.396493,43.659011,43.926692,44.200114,44.479813,44.766243,45.059747,45.360524,45.668555,45.983653,46.305473,46.633507,46.967355,
12.080975,12.576660,13.071560,13.565494,14.058368,14.550149,15.040847,15.530512,16.019228,16.507110,16.994307,17.481010,17.967449,18.453898,18.940682,19.428174,19.916793,20.407007,20.899325,21.394286,21.892454,22.394396,22.900658,23.411733,23.928030,24.449835,24.977241,25.510174,26.048390,26.591443,27.138967,
896.0,0.533333
896.000000,896.533333,897.066667,897.600000,898.133333,898.666667,899.200000,899.733333,900.266667,900.800000,901.333333,901.866667,902.400000,902.933333,903.466667,904.000000,904.533333,905.066667,905.600000,906.133333,906.666667,907.200000,907.733333,908.266667,908.800000,909.333333,909.866667,910.400000,910.933333,911.466667,912.000000,
39.502960,39.721493,39.940731,40.160826,40.381857,40.603860,40.826851,41.050837,41.275841,41.501903,41.729094,41.957531,42.187371,42.418826,42.652166,42.887716,43.125854,43.367016,43.611678,43.860344,44.113536,44.371770,44.635530,44.905234,45.181221,45.463714,45.752783,46.048368,46.350291,46.658257,46.972023,
12.966542,13.436397,13.905581,14.373926,14.841336,15.307761,15.773192,16.237649,16.701180,17.163859,17.625786,18.087093,18.547946,19.008542,19.469124,19.929973,20.391409,20.853800,21.317544,21.783067,22.250814,22.721227,23.194728,23.671689,24.152413,24.637105,25.125828,25.618524,26.115022,26.615026,27.118292,
897.0,0.500000
897.000000,897.500000,898.000000,898.500000,899.000000,899.500000,900.000000,900.500000,901.000000,901.500000,902.000000,902.500000,903.000000,903.500000,904.000000,904.500000,905.000000,905.500000,906.000000,906.500000,907.000000,907.500000,908.000000,908.500000,909.000000,909.500000,910.000000,910.500000,911.000000,911.500000,912.000000,
39.916487,40.125694,40.335404,40.545745,40.756797,40.968613,41.181233,41.394695,41.609048,41.824354,42.040701,42.258209,42.477030,42.697352,42.919410,43.143477,43.369865,43.598927,43.831047,44.066631,44.306100,44.549876,44.798365,45.051937,45.310914,45.575552,45.846011,46.122370,46.404627,46.692690,46.986468,
13.851533,14.294930,14.737800,15.180011,15.621490,16.062201,16.502141,16.941327,17.379797,17.817603,18.254815,18.691517,19.127810,19.563811,19.999659,20.435507,20.871528,21.307915,21.744874,22.182622,22.621383,23.061379,23.502820,23.945893,24.390751,24.837501,25.286186,25.736791,26.189248,26.643430,27.099232,
898.0,0.466667
898.000000,898.466667,898.933333,899.400000,899.866667,900.333333,900.800000,901.266667,901.733333,902.200000,902.666667,903.133333,903.600000,904.066667,904.533333,905.000000,905.466667,905.933333,906.400000,906.866667,907.333333,907.800000,908.266667,908.733333,909.200000,909.666667,910.133333,910.600000,911.066667,911.533333,912.000000,
40.336531,40.535663,40.735125,40.935018,41.135421,41.336398,41.538007,41.740310,41.943378,42.147292,42.352154,42.558086,42.765237,42.973781,43.183922,43.395897,43.609965,43.826418,44.045570,44.267752,44.493307,44.722584,44.955923,45.193647,45.436052,45.683392,45.935868,46.193626,46.456755,46.725276,46.999184,
14.737369,15.153696,15.569658,15.985160,16.400141,16.814565,17.228416,17.641693,18.054403,18.466564,18.878198,19.289335,19.700011,20.110266,20.520149,20.929715,21.339022,21.748140,22.157143,22.566110,22.975123,23.384269,23.793632,24.203290,24.613315,25.023764,25.434677,25.846073,26.257952,26.670294,27.083074,
899.0,0.433333
899.000000,899.433333,899.866667,900.300000,900.733333,901.166667,901.600000,902.033333,902.466667,902.900000,903.333333,903.766667,904.200000,904.633333,905.066667,905.500000,905.933333,906.366667,906.800000,907.233333,907.666667,908.100000,908.533333,908.966667,909.400000,909.833333,910.266667,910.700000,911.133333,911.566667,912.000000,
40.763515,40.951668,41.139789,41.327911,41.516088,41.704399,41.892939,42.081819,42.271168,42.461132,42.651873,42.843572,43.036427,43.230652,43.426482,43.624167,43.823968,44.026164,44.231039,44.438881,44.649976,44.864604,45.083028,45.305484,45.532183,45.763294,45.998939,46.239196,46.484102,46.733647,46.987811,
15.625449,16.013828,16.401496,16.788275,17.174067,17.558833,17.942575,18.325331,18.707160,19.088138,19.468355,19.847909,20.226904,20.605449,20.983656,21.361638,21.739509,22.117386,22.495382,22.873606,23.252166,23.631161,24.010681,24.390801,24.771583,25.153068,25.535275,25.918202,26.301829,26.686119,27.071039,
900.0,0.400000
900.000000,900.400000,900.800000,901.200000,901.600000,902.000000,902.400000,902.800000,903.200000,903.600000,904.000000,904.400000,904.800000,905.200000,905.600000,906.000000,906.400000,906.800000,907.200000,907.600000,908.000000,908.400000,908.800000,909.200000,909.600000,910.000000,910.400000,910.800000,911.200000,911.600000,912.000000,
41.197724,41.374380,41.551017,41.727670,41.904389,42.081247,42.258329,42.435734,42.613578,42.791987,42.971105,43.151085,43.332097,43.514325,43.697964,43.883222,44.070317,44.259479,44.450941,44.644943,44.841722,45.041513,45.244545,45.451028,45.661158,45.875108,46.093019,46.315004,46.541142,46.771476,47.006025,
16.517048,16.877409,17.237390,17.596868,17.955756,18.313990,18.671526,19.028334,19.384397,19.739707,20.094264,20.448077,20.801156,21.153520,21.505188,21.856185,22.206537,22.556276,22.905433,23.254045,23.602148,23.949783,24.296992,24.643818,24.990305,25.336496,25.682430,26.028144,26.373666,26.719017,27.064208,
901.0,0.366667
901.000000,901.366667,901.733333,902.100000,902.466667,902.833333,903.200000,903.566667,903.933333,904.300000,904.666667,905.033333,905.400000,905.766667,906.133333,906.500000,906.866667,907.233333,907.600000,907.966667,908.333333,908.700000,909.066667,909.433333,909.800000,910.166667,910.533333,910.900000,911.266667,911.633333,912.000000,
41.639327,41.803637,41.967704,42.131518,42.295117,42.458582,42.622022,42.785573,42.949388,43.113636,43.278497,43.444161,43.610827,43.778696,43.947974,44.118871,44.291596,44.466357,44.643356,44.822794,45.004858,45.189727,45.377567,45.568522,45.762721,45.960270,46.161247,46.365711,46.573696,46.785213,47.000264,
17.413210,17.744682,18.075423,18.405239,18.734015,19.061696,19.388274,19.713773,20.038239,20.361739,20.684348,21.006148,21.327224,21.647663,21.967550,22.286968,22.605995,22.924708,23.243176,23.561465,23.879636,24.197741,24.515831,24.833946,25.152121,25.470383,25.788752,26.107239,26.425850,26.744584,27.063437,
902.0,0.333333
902.000000,902.333333,902.666667,903.000000,903.333333,903.666667,904.000000,904.333333,904.666667,905.000000,905.333333,905.666667,906.000000,906.333333,906.666667,907.000000,907.333333,907.666667,908.000000,908.333333,908.666667,909.000000,909.333333,909.666667,910.000000,910.333333,910.666667,911.000000,911.333333,911.666667,912.000000,
42.088385,42.239891,42.391178,42.542235,42.693093,42.843824,42.994526,43.145322,43.296350,43.447765,43.599730,43.752419,43.906009,44.060682,44.216620,44.374008,44.533025,44.693849,44.856654,45.021603,45.188852,45.358546,45.530818,45.705783,45.883543,46.064181,46.247762,46.434330,46.623917,46.816535,47.012187,
18.314616,18.617048,18.918808,19.219702,19.519605,19.818445,20.116191,20.412845,20.708432,21.002997,21.296595,21.589293,21.881164,22.172282,22.462724,22.752568,23.041887,23.330755,23.619239,23.907404,24.195311,24.483014,24.770563,25.058001,25.345366,25.632688,25.919991,26.207292,26.494603,26.781928,27.069270,
903.0,0.300000
903.000000,903.300000,903.600000,903.900000,904.200000,904.500000,904.800000,905.100000,905.400000,905.700000,906.000000,906.300000,906.600000,906.900000,907.200000,907.500000,907.800000,908.100000,908.400000,908.700000,909.000000,909.300000,909.600000,909.900000,910.200000,910.500000,910.800000,911.100000,911.400000,911.700000,912.000000,
42.544875,42.683099,42.821191,42.959155,43.097025,43.234865,43.372760,43.510811,43.649135,43.787858,43.927115,44.067048,44.207801,44.349522,44.492358,44.636459,44.781969,44.929030,45.077781,45.228351,45.380865,45.535437,45.692171,45.851162,46.012491,46.176225,46.342420,46.511116,46.682342,46.856114,47.032436,
19.221448,19.494481,19.766949,20.038674,20.309531,20.579437,20.848341,21.116223,21.383080,21.648927,21.913794,22.177719,22.440747,22.702929,22.964320,23.224978,23.484959,23.744321,24.003122,24.261416,24.519256,24.776693,25.033774,25.290542,25.547037,25.803293,26.059340,26.315203,26.570901,26.826445,27.081842,
904.0,0.266667
904.000000,904.266667,904.533333,904.800000,905.066667,905.333333,905.600000,905.866667,906.133333,906.400000,906.666667,906.933333,907.200000,907.466667,907.733333,908.000000,908.266667,908.533333,908.800000,909.066667,909.333333,909.600000,909.866667,910.133333,910.400000,910.666667,910.933333,911.200000,911.466667,911.733333,912.000000,
43.008714,43.133243,43.257748,43.382255,43.506808,43.631466,43.756303,43.881401,44.006851,44.132751,44.259203,44.386314,44.514190,44.642942,44.772679,44.903510,45.035541,45.168876,45.303616,45.439856,45.577687,45.717192,45.858450,46.001530,46.146491,46.293388,46.442262,46.593147,46.746067,46.901037,47.058065,
20.133225,20.376473,20.619253,20.861407,21.102814,21.343388,21.583068,21.821815,22.059608,22.296441,22.532319,22.767258,23.001281,23.234418,23.466702,23.698171,23.928867,24.158831,24.388109,24.616743,24.844779,25.072259,25.299228,25.525725,25.751789,25.977455,26.202756,26.427720,26.652368,26.876717,27.100775,
905.0,0.233333
905.000000,905.233333,905.466667,905.700000,905.933333,906.166667,906.400000,906.633333,906.866667,907.100000,907.333333,907.566667,907.800000,908.033333,908.266667,908.500000,908.733333,908.966667,909.200000,909.433333,909.666667,909.900000,910.133333,910.366667,910.600000,910.833333,911.066667,911.300000,911.533333,911.766667,912.000000,
43.479788,43.590278,43.700844,43.811535,43.922406,44.033517,44.144931,44.256715,44.368939,44.481673,44.594991,44.708964,44.823666,44.939170,45.055547,45.172868,45.291201,45.410614,45.531169,45.652928,45.775947,45.900281,46.025977,46.153080,46.281628,46.411655,46.543189,46.676251,46.810858,46.947021,47.084744,
21.048634,21.261721,21.474415,21.686576,21.898091,22.108877,22.318867,22.528017,22.736293,22.943678,23.150165,23.355755,23.560456,23.764285,23.967262,24.169414,24.370767,24.571355,24.771211,24.970370,25.168868,25.366744,25.564032,25.760770,25.956992,26.152731,26.348015,26.542872,26.737324,26.931384,27.125064,
906.0,0.200000
906.000000,906.200000,906.400000,906.600000,906.800000,907.000000,907.200000,907.400000,907.600000,907.800000,908.000000,908.200000,908.400000,908.600000,908.800000,909.000000,909.200000,909.400000,909.600000,909.800000,910.000000,910.200000,910.400000,910.600000,910.800000,911.000000,911.200000,911.400000,911.600000,911.800000,912.000000,
43.957988,44.054150,44.150455,44.246967,44.343749,44.440859,44.538354,44.636290,44.734716,44.833685,44.933244,45.033439,45.134314,45.235913,45.338276,45.441441,45.545447,45.650327,45.756115,45.862842,45.970535,46.079222,46.188925,46.299666,46.411463,46.524331,46.638285,46.753333,46.869483,46.986740,47.105107,
21.965338,22.147940,22.330213,22.512034,22.693304,22.873941,23.053885,23.233085,23.411509,23.589131,23.765939,23.941925,24.117091,24.291445,24.464998,24.637769,24.809777,24.981047,25.151604,25.321476,25.490692,25.659283,25.827277,25.994706,26.161597,26.327977,26.493872,26.659303,26.824288,26.988840,27.152966,
