1.0,0.566667
1.000000,1.566667,2.133333,2.700000,3.266667,3.833333,4.400000,4.966667,5.533333,6.100000,6.666667,7.233333,7.800000,8.366667,8.933333,9.500000,10.066667,10.633333,11.200000,11.766667,12.333333,12.900000,13.466667,14.033333,14.600000,15.166667,15.733333,16.300000,16.866667,17.433333,18.000000,
21.139873,20.746156,20.353070,19.960779,19.569386,19.178941,18.789456,18.400902,18.013208,17.626263,17.239912,16.853947,16.468113,16.082110,15.695587,15.308157,14.919417,14.528956,14.136385,13.741372,13.343686,12.943219,12.540038,12.134448,11.726986,11.318437,10.909902,10.502666,10.098108,9.697620,9.302156,
11.021970,11.008580,10.991056,10.968411,10.940064,10.905695,10.865152,10.818381,10.765375,10.706145,10.640700,10.569023,10.491067,10.406755,10.315960,10.218523,10.114254,10.002933,9.884326,9.758203,9.624356,9.482616,9.332879,9.175146,9.009522,8.836239,8.655700,8.468422,8.274997,8.076077,7.872121,
2.0,0.533333
2.000000,2.533333,3.066667,3.600000,4.133333,4.666667,5.200000,5.733333,6.266667,6.800000,7.333333,7.866667,8.400000,8.933333,9.466667,10.000000,10.533333,11.066667,11.600000,12.133333,12.666667,13.200000,13.733333,14.266667,14.800000,15.333333,15.866667,16.400000,16.933333,17.466667,18.000000,
20.645431,20.273403,19.900864,19.527792,19.154244,18.780317,18.406122,18.031763,17.657315,17.282817,16.908269,16.533616,16.158760,15.783565,15.407850,15.031414,14.654048,14.275549,13.895738,13.514487,13.131743,12.747547,12.362058,11.975597,11.588639,11.201826,10.816008,10.432150,10.051269,9.674368,9.302126,
11.003874,10.984660,10.961639,10.933851,10.900708,10.861864,10.817135,10.766435,10.709732,10.647020,10.578300,10.503563,10.422779,10.335903,10.242858,10.143551,10.037870,9.925694,9.806898,9.681370,9.549020,9.409795,9.263696,9.110799,8.951260,8.785325,8.613361,8.435808,8.253154,8.065907,7.874421,
3.0,0.500000
3.000000,3.500000,4.000000,4.500000,5.000000,5.500000,6.000000,6.500000,7.000000,7.500000,8.000000,8.500000,9.000000,9.500000,10.000000,10.500000,11.000000,11.500000,12.000000,12.500000,13.000000,13.500000,14.000000,14.500000,15.000000,15.500000,16.000000,16.500000,17.000000,17.500000,18.000000,
19.660559,19.312382,18.964932,18.618378,18.272808,17.928248,17.584680,17.242045,16.900254,16.559186,16.218697,15.878612,15.538736,15.198851,14.858717,14.518084,14.176695,13.834299,13.490659,13.145572,12.798888,12.450525,12.100491,11.748916,11.396052,11.042283,10.688155,10.334311,9.981441,9.630239,9.281177,
10.940972,10.910396,10.876693,10.839041,10.796921,10.750018,10.698153,10.641236,10.579229,10.512121,10.439911,10.362595,10.280155,10.192563,10.099765,10.001696,9.898275,9.789410,9.675011,9.554991,9.429286,9.297860,9.160718,9.017931,8.869633,8.716028,8.557414,8.394145,8.226607,8.055193,7.880173,
4.0,0.466667
4.000000,4.466667,4.933333,5.400000,5.866667,6.333333,6.800000,7.266667,7.733333,8.200000,8.666667,9.133333,9.600000,10.066667,10.533333,11.000000,11.466667,11.933333,12.400000,12.866667,13.333333,13.800000,14.266667,14.733333,15.200000,15.666667,16.133333,16.600000,17.066667,17.533333,18.000000,
19.170325,18.844913,18.520105,18.195990,17.872569,17.549775,17.227496,16.905584,16.583866,16.262155,15.940251,15.617948,15.295040,14.971327,14.646616,14.320729,13.993514,13.664848,13.334651,13.002897,12.669634,12.334987,11.999177,11.662541,11.325523,10.988674,10.652659,10.318202,9.986025,9.656801,9.330967,
10.895989,10.861485,10.824353,10.783850,10.739469,10.690871,10.637834,10.580210,10.517902,10.450841,10.378976,10.302256,10.220632,10.134049,10.042444,9.945749,9.843893,9.736807,9.624426,9.506701,9.383608,9.255153,9.121384,8.982406,8.838378,8.689516,8.536109,8.378482,8.216978,8.051929,7.883560,
5.0,0.433333
5.000000,5.433333,5.866667,6.300000,6.733333,7.166667,7.600000,8.033333,8.466667,8.900000,9.333333,9.766667,10.200000,10.633333,11.066667,11.500000,11.933333,12.366667,12.800000,13.233333,13.666667,14.100000,14.533333,14.966667,15.400000,15.833333,16.266667,16.700000,17.133333,17.566667,18.000000,
18.194710,17.892996,17.591940,17.291698,16.992347,16.693908,16.396355,16.099632,15.803655,15.508321,15.213509,14.919085,14.624904,14.330815,14.036659,13.742279,13.447517,13.152224,12.856261,12.559510,12.261878,11.963303,11.663763,11.363285,11.061943,10.759863,10.457229,10.154261,9.851192,9.548257,9.245611,
10.778687,10.735245,10.689557,10.640975,10.589056,10.533504,10.474129,10.410816,10.343503,10.272159,10.196776,10.117357,10.033912,9.946454,9.854997,9.759554,9.660141,9.556777,9.449490,9.338316,9.223311,9.104545,8.982117,8.856153,8.726808,8.594264,8.458737,8.320454,8.179639,8.036499,7.891166,
6.0,0.400000
6.000000,6.400000,6.800000,7.200000,7.600000,8.000000,8.400000,8.800000,9.200000,9.600000,10.000000,10.400000,10.800000,11.200000,11.600000,12.000000,12.400000,12.800000,13.200000,13.600000,14.000000,14.400000,14.800000,15.200000,15.600000,16.000000,16.400000,16.800000,17.200000,17.600000,18.000000,
17.709488,17.430790,17.152648,16.875165,16.598365,16.322211,16.046622,15.771485,15.496664,15.222005,14.947344,14.672514,14.397344,14.121673,13.845347,13.568228,13.290199,13.011172,12.731091,12.449940,12.167754,11.884617,11.600671,11.316125,11.031245,10.746351,10.461819,10.178046,9.895422,9.614296,9.334890,
10.706327,10.660980,10.613856,10.564399,10.512204,10.456973,10.398495,10.336613,10.271215,10.202216,10.129553,10.053173,9.973033,9.889097,9.801331,9.709705,9.614198,9.514795,9.411491,9.304297,9.193244,9.078383,8.959792,8.837582,8.711892,8.582891,8.450777,8.315765,8.178063,8.037866,7.895297,
7.0,0.366667
7.000000,7.366667,7.733333,8.100000,8.466667,8.833333,9.200000,9.566667,9.933333,10.300000,10.666667,11.033333,11.400000,11.766667,12.133333,12.500000,12.866667,13.233333,13.600000,13.966667,14.333333,14.700000,15.066667,15.433333,15.800000,16.166667,16.533333,16.900000,17.266667,17.633333,18.000000,
17.226083,16.970007,16.713739,16.457201,16.200317,15.943023,15.685253,15.426952,15.168063,14.908537,14.648331,14.387407,14.125734,13.863294,13.600079,13.336100,13.071383,12.805980,12.539968,12.273454,12.006579,11.739520,11.472489,11.205740,10.939562,10.674267,10.410196,10.147689,9.887062,9.628586,9.372427,
10.624836,10.578254,10.530045,10.479682,10.426768,10.371014,10.312201,10.250176,10.184824,10.116065,10.043844,9.968124,9.888881,9.806103,9.719785,9.629933,9.536560,9.439691,9.339360,9.235616,9.128521,9.018158,8.904624,8.788040,8.668546,8.546296,8.421463,8.294223,8.164741,8.033165,7.899586,
8.0,0.333333
8.000000,8.333333,8.666667,9.000000,9.333333,9.666667,10.000000,10.333333,10.666667,11.000000,11.333333,11.666667,12.000000,12.333333,12.666667,13.000000,13.333333,13.666667,14.000000,14.333333,14.666667,15.000000,15.333333,15.666667,16.000000,16.333333,16.666667,17.000000,17.333333,17.666667,18.000000,
16.264967,16.033130,15.801564,15.570323,15.339422,15.108846,14.878556,14.648498,14.418602,14.188794,13.958993,13.729117,13.499084,13.268819,13.038250,12.807316,12.575966,12.344165,12.111890,11.879138,11.645926,11.412291,11.178291,10.944009,10.709544,10.475015,10.240556,10.006305,9.772392,9.538932,9.305996,
10.434619,10.383456,10.331082,10.277092,10.221177,10.163102,10.102695,10.039828,9.974410,9.906379,9.835695,9.762336,9.686294,9.607574,9.526190,9.442165,9.355531,9.266330,9.174611,9.080435,8.983871,8.884998,8.783907,8.680699,8.575483,8.468375,8.359497,8.248966,8.136892,8.023364,7.908440,
9.0,0.300000
9.000000,9.300000,9.600000,9.900000,10.200000,10.500000,10.800000,11.100000,11.400000,11.700000,12.000000,12.300000,12.600000,12.900000,13.200000,13.500000,13.800000,14.100000,14.400000,14.700000,15.000000,15.300000,15.600000,15.900000,16.200000,16.500000,16.800000,17.100000,17.400000,17.700000,18.000000,
15.787355,15.578257,15.368970,15.159419,14.949541,14.739284,14.528602,14.317457,14.105820,13.893667,13.680983,13.467759,13.253997,13.039707,12.824908,12.609633,12.393927,12.177847,11.961467,11.744875,11.528176,11.311492,11.094958,10.878726,10.662957,10.447822,10.233493,10.020138,9.807905,9.596918,9.387248,
10.326026,10.275865,10.224653,10.172025,10.117691,10.061429,10.003066,9.942470,9.879545,9.814219,9.746446,9.676195,9.603453,9.528218,9.450500,9.370320,9.287709,9.202705,9.115359,9.025726,8.933875,8.839882,8.743829,8.645810,8.545923,8.444270,8.340956,8.236081,8.129737,8.021998,7.912907,
10.0,0.266667
10.000000,10.266667,10.533333,10.800000,11.066667,11.333333,11.600000,11.866667,12.133333,12.400000,12.666667,12.933333,13.200000,13.466667,13.733333,14.000000,14.266667,14.533333,14.800000,15.066667,15.333333,15.600000,15.866667,16.133333,16.400000,16.666667,16.933333,17.200000,17.466667,17.733333,18.000000,
14.838214,14.653120,14.468122,14.283242,14.098486,13.913854,13.729335,13.544910,13.360558,13.176254,12.991968,12.807672,12.623337,12.438934,12.254435,12.069817,11.885059,11.700141,11.515053,11.329784,11.144333,10.958702,10.772899,10.586938,10.400837,10.214620,10.028313,9.841944,9.655539,9.469121,9.282704,
10.082356,10.030782,9.978456,9.925113,9.870546,9.814596,9.757143,9.698100,9.637407,9.575026,9.510937,9.445136,9.377633,9.308445,9.237603,9.165142,9.091104,9.015540,8.938500,8.860044,8.780232,8.699129,8.616799,8.533310,8.448731,8.363125,8.276558,8.189086,8.100759,8.011615,7.921676,
11.0,0.233333
11.000000,11.233333,11.466667,11.700000,11.933333,12.166667,12.400000,12.633333,12.866667,13.100000,13.333333,13.566667,13.800000,14.033333,14.266667,14.500000,14.733333,14.966667,15.200000,15.433333,15.666667,15.900000,16.133333,16.366667,16.600000,16.833333,17.066667,17.300000,17.533333,17.766667,18.000000,
14.366736,14.204328,14.041731,13.878878,13.715718,13.552213,13.388337,13.224073,13.059416,12.894366,12.728933,12.563132,12.396987,12.230526,12.063784,11.896802,11.729626,11.562307,11.394903,11.227475,11.060089,10.892815,10.725726,10.558898,10.392405,10.226322,10.060721,9.895668,9.731218,9.567415,9.404283,
9.947535,9.899199,9.850225,9.800378,9.749467,9.697341,9.643879,9.588989,9.532602,9.474669,9.415156,9.354048,9.291339,9.227034,9.161149,9.093708,9.024741,8.954284,8.882381,8.809079,8.734427,8.658481,8.581298,8.502934,8.423450,8.342901,8.261342,8.178824,8.095390,8.011070,7.925886,
12.0,0.200000
12.000000,12.200000,12.400000,12.600000,12.800000,13.000000,13.200000,13.400000,13.600000,13.800000,14.000000,14.200000,14.400000,14.600000,14.800000,15.000000,15.200000,15.400000,15.600000,15.800000,16.000000,16.200000,16.400000,16.600000,16.800000,17.000000,17.200000,17.400000,17.600000,17.800000,18.000000,
13.430035,13.291360,13.152716,13.014110,12.875547,12.737028,12.598550,12.460110,12.321701,12.183316,12.044947,11.906583,11.768214,11.629829,11.491418,11.352970,11.214474,11.075920,10.937298,10.798601,10.659818,10.520944,10.381973,10.242898,10.103717,9.964427,9.825025,9.685510,9.545883,9.406143,9.266292,
9.652703,9.606204,9.559335,9.511958,9.463963,9.415259,9.365777,9.315464,9.264282,9.212205,9.159218,9.105315,9.050498,8.994777,8.938166,8.880685,8.822357,8.763208,8.703269,8.642570,8.581144,8.519023,8.456242,8.392833,8.328829,8.264258,8.199148,8.133524,8.067405,8.000805,7.933734,
19.0,1.600000
19.000000,20.600000,22.200000,23.800000,25.400000,27.000000,28.600000,30.200000,31.800000,33.400000,35.000000,36.600000,38.200000,39.800000,41.400000,43.000000,44.600000,46.200000,47.800000,49.400000,51.000000,52.600000,54.200000,55.800000,57.400000,59.000000,60.600000,62.200000,63.800000,65.400000,67.000000,
8.421135,7.298830,6.167726,5.025198,3.868649,2.694884,1.500514,0.282106,-0.963732,-2.240108,-3.549254,-4.890811,-6.263620,-7.666491,-9.098942,-10.560627,-12.050937,-13.568271,-15.110434,-16.674263,-18.254034,-19.843575,-21.437823,-23.035795,-24.638555,-26.249806,-27.879861,-29.539820,-31.236746,-32.963691,-34.712052,
7.505690,6.903458,6.271668,5.610002,4.920685,4.208312,3.478336,2.736643,1.989682,1.244148,0.506968,-0.214405,-0.912629,-1.581233,-2.216505,-2.815906,-3.377978,-3.903646,-4.394729,-4.853604,-5.283583,-5.688211,-6.070854,-6.434075,-6.779901,-7.109416,-7.421145,-7.713246,-7.985225,-8.241382,-8.486133,
20.0,1.566667
20.000000,21.566667,23.133333,24.700000,26.266667,27.833333,29.400000,30.966667,32.533333,34.100000,35.666667,37.233333,38.800000,40.366667,41.933333,43.500000,45.066667,46.633333,48.200000,49.766667,51.333333,52.900000,54.466667,56.033333,57.600000,59.166667,60.733333,62.300000,63.866667,65.433333,67.000000,
7.976490,6.871061,5.756618,4.630530,3.490265,2.332889,1.155294,-0.045775,-1.273878,-2.532594,-3.825263,-5.154418,-6.521970,-7.928598,-9.371656,-10.847233,-12.350663,-13.876121,-15.417583,-16.969549,-18.528415,-20.091492,-21.657156,-23.226303,-24.801260,-26.386458,-27.991679,-29.626951,-31.297733,-32.994510,-34.706471,
7.274189,6.668748,6.036160,5.376389,4.691813,3.986957,3.267115,2.537922,1.805340,1.075430,0.354230,-0.352381,-1.038662,-1.699168,-2.329258,-2.924872,-3.483020,-4.003580,-4.487634,-4.937266,-5.356612,-5.750337,-6.122783,-6.476704,-6.814060,-7.135828,-7.440616,-7.726695,-7.993618,-8.245422,-8.486249,
21.0,1.533333
21.000000,22.533333,24.066667,25.600000,27.133333,28.666667,30.200000,31.733333,33.266667,34.800000,36.333333,37.866667,39.400000,40.933333,42.466667,44.000000,45.533333,47.066667,48.600000,50.133333,51.666667,53.200000,54.733333,56.266667,57.800000,59.333333,60.866667,62.400000,63.933333,65.466667,67.000000,
7.091555,6.007703,4.913520,3.805847,2.681840,1.538834,0.374407,-0.813266,-2.024345,-3.258543,-4.515808,-5.797283,-7.104615,-8.439858,-9.805851,-11.205209,-12.639048,-14.103951,-15.594860,-17.106030,-18.631189,-20.164513,-21.702128,-23.245910,-24.800297,-26.372114,-27.973206,-29.613941,-31.294994,-32.987721,-34.663317,
6.797523,6.182252,5.543649,4.882003,4.199842,3.501736,2.793076,2.079828,1.368951,0.667561,-0.017724,-0.682014,-1.321242,-1.932208,-2.513655,-3.065060,-3.586278,-4.077644,-4.539800,-4.973892,-5.382344,-5.767967,-6.133509,-6.481130,-6.812608,-7.129079,-7.430041,-7.714772,-7.983497,-8.239674,-8.486706,
22.0,1.500000
22.000000,23.500000,25.000000,26.500000,28.000000,29.500000,31.000000,32.500000,34.000000,35.500000,37.000000,38.500000,40.000000,41.500000,43.000000,44.500000,46.000000,47.500000,49.000000,50.500000,52.000000,53.500000,55.000000,56.500000,58.000000,59.500000,61.000000,62.500000,64.000000,65.500000,67.000000,
6.651084,5.584347,4.507346,3.417174,2.311163,1.186491,0.040268,-1.130441,-2.328664,-3.557356,-4.819171,-6.115883,-7.448632,-8.817450,-10.219544,-11.651012,-13.107303,-14.582965,-16.072433,-17.570691,-19.074565,-20.581862,-22.091628,-23.605788,-25.127720,-26.662456,-28.218748,-29.804747,-31.423011,-33.059216,-34.698420,
6.553050,5.938346,5.302698,4.646683,3.972903,3.285582,2.589545,1.889876,1.191864,0.500838,-0.177968,-0.839638,-1.479480,-2.093162,-2.677270,-3.228984,-3.746422,-4.230046,-4.681315,-5.102468,-5.497181,-5.869472,-6.222981,-6.559839,-6.881442,-7.188397,-7.479591,-7.753722,-8.010622,-8.253859,-8.487040,
23.0,1.466667
23.000000,24.466667,25.933333,27.400000,28.866667,30.333333,31.800000,33.266667,34.733333,36.200000,37.666667,39.133333,40.600000,42.066667,43.533333,45.000000,46.466667,47.933333,49.400000,50.866667,52.333333,53.800000,55.266667,56.733333,58.200000,59.666667,61.133333,62.600000,64.066667,65.533333,67.000000,
5.773659,4.727529,3.670069,2.598106,1.508797,0.399274,-0.733283,-1.891526,-3.077631,-4.293375,-5.539767,-6.815879,-8.120124,-9.450844,-10.806812,-12.186886,-13.589756,-15.013515,-16.455880,-17.914028,-19.383837,-20.861161,-22.343078,-23.830458,-25.325953,-26.833911,-28.362104,-29.917722,-31.502739,-33.103662,-34.706514,
6.053585,5.435332,4.799758,4.147752,3.481980,2.806465,2.125756,1.444666,0.768299,0.101843,-0.549520,-1.180734,-1.787041,-2.364492,-2.911308,-3.426694,-3.910705,-4.365031,-4.791982,-5.194139,-5.574305,-5.935236,-6.279336,-6.607960,-6.921925,-7.221451,-7.505441,-7.772735,-8.023283,-8.260519,-8.487890,
24.0,1.433333
24.000000,25.433333,26.866667,28.300000,29.733333,31.166667,32.600000,34.033333,35.466667,36.900000,38.333333,39.766667,41.200000,42.633333,44.066667,45.500000,46.933333,48.366667,49.800000,51.233333,52.666667,54.100000,55.533333,56.966667,58.400000,59.833333,61.266667,62.700000,64.133333,65.566667,67.000000,
4.900256,3.873306,2.833565,1.777683,0.702932,-0.392872,-1.511541,-2.654295,-3.820939,-5.010860,-6.223580,-7.459455,-8.719222,-10.003928,-11.315182,-12.654406,-14.021900,-15.414750,-16.828822,-18.259502,-19.701952,-21.151729,-22.605825,-24.065171,-25.532492,-27.012012,-28.510691,-30.034791,-31.585723,-33.150906,-34.717413,
5.542447,4.924139,4.291738,3.646428,2.991011,2.329588,1.666805,1.007647,0.357589,-0.277906,-0.893887,-1.486952,-2.054474,-2.594624,-3.107211,-3.592699,-4.051895,-4.485991,-4.896380,-5.284689,-5.653041,-6.003634,-6.338398,-6.658373,-6.964136,-7.255747,-7.532175,-7.792378,-8.036388,-8.267485,-8.488943,
25.0,1.400000
25.000000,26.400000,27.800000,29.200000,30.600000,32.000000,33.400000,34.800000,36.200000,37.600000,39.000000,40.400000,41.800000,43.200000,44.600000,46.000000,47.400000,48.800000,50.200000,51.600000,53.000000,54.400000,55.800000,57.200000,58.600000,60.000000,61.400000,62.800000,64.200000,65.600000,67.000000,
4.464805,3.454860,2.432327,1.393973,0.337077,-0.740896,-1.842337,-2.969399,-4.123674,-5.306335,-6.517876,-7.757181,-9.022566,-10.312258,-11.624794,-12.958769,-14.312637,-15.684378,-17.071715,-18.472083,-19.882313,-21.299528,-22.722312,-24.153325,-25.596951,-27.058644,-28.545314,-30.061843,-31.605617,-33.153701,-34.683821,
5.283381,4.671093,4.046726,3.411570,2.768327,2.120673,1.472673,0.828566,0.192728,-0.430455,-1.036697,-1.622028,-2.182832,-2.716227,-3.221173,-3.697490,-4.145709,-4.567639,-4.965564,-5.341929,-5.699166,-6.039586,-6.365140,-6.676839,-6.975247,-7.260530,-7.532120,-7.789490,-8.032969,-8.265397,-8.489529,
26.0,1.366667
26.000000,27.366667,28.733333,30.100000,31.466667,32.833333,34.200000,35.566667,36.933333,38.300000,39.666667,41.033333,42.400000,43.766667,45.133333,46.500000,47.866667,49.233333,50.600000,51.966667,53.333333,54.700000,56.066667,57.433333,58.800000,60.166667,61.533333,62.900000,64.266667,65.633333,67.000000,
3.595878,2.603498,1.597165,0.573624,-0.469581,-1.534226,-2.621671,-3.732727,-4.867012,-6.023773,-7.202359,-8.402789,-9.625394,-10.870748,-12.139822,-13.433405,-14.751347,-16.090937,-17.448498,-18.820093,-20.201983,-21.591047,-22.985782,-24.388813,-25.804461,-27.237895,-28.695075,-30.179838,-31.688999,-33.200894,-34.694669,
4.760002,4.152752,3.536274,2.912118,2.283083,1.652893,1.025660,0.405703,-0.202436,-0.794307,-1.365965,-1.914845,-2.439096,-2.937585,-3.410571,-3.858880,-4.283632,-4.686222,-5.068174,-5.431115,-5.776847,-6.107138,-6.423482,-6.726609,-7.016880,-7.294342,-7.558488,-7.808900,-8.045972,-8.272402,-8.490785,
27.0,1.333333
27.000000,28.333333,29.666667,31.000000,32.333333,33.666667,35.000000,36.333333,37.666667,39.000000,40.333333,41.666667,43.000000,44.333333,45.666667,47.000000,48.333333,49.666667,51.000000,52.333333,53.666667,55.000000,56.333333,57.666667,59.000000,60.333333,61.666667,63.000000,64.333333,65.666667,67.000000,
2.728874,1.752304,0.760609,-0.248406,-1.275735,-2.321347,-3.384914,-4.466277,-5.566071,-6.685330,-7.825472,-8.988606,-10.176901,-11.392013,-12.634051,-13.902272,-15.195015,-16.508824,-17.839627,-19.183355,-20.536581,-21.896636,-23.262412,-24.636546,-26.023178,-27.427051,-28.853143,-30.304307,-31.777034,-33.251548,-34.708978,
4.231902,3.632388,3.026354,2.416041,1.804829,1.196899,0.596627,0.008143,-0.565326,-1.121052,-1.656854,-2.171628,-2.664747,-3.135888,-3.585121,-4.012739,-4.419275,-4.805741,-5.173362,-5.523506,-5.857745,-6.177626,-6.484428,-6.778683,-7.060569,-7.330006,-7.586498,-7.829685,-8.059990,-8.279977,-8.492104,
28.0,1.300000
28.000000,29.300000,30.600000,31.900000,33.200000,34.500000,35.800000,37.100000,38.400000,39.700000,41.000000,42.300000,43.600000,44.900000,46.200000,47.500000,48.800000,50.100000,51.400000,52.700000,54.000000,55.300000,56.600000,57.900000,59.200000,60.500000,61.800000,63.100000,64.400000,65.700000,67.000000,
2.295827,1.336340,0.362472,-0.628918,-1.640172,-2.673189,-3.729608,-4.810771,-5.917430,-7.049937,-8.208098,-9.390562,-10.595541,-11.821172,-13.065795,-14.327808,-15.605558,-16.897194,-18.200791,-19.514424,-20.836232,-22.164814,-23.500031,-24.844858,-26.203455,-27.580247,-28.979214,-30.401981,-31.843898,-33.284836,-34.705872,
3.966916,3.377878,2.784012,2.187077,1.589666,0.994868,0.405953,-0.173770,-0.741075,-1.292837,-1.826138,-2.338542,-2.827998,-3.293064,-3.733653,-4.150328,-4.544155,-4.916984,-5.270938,-5.608139,-5.930435,-6.239445,-6.536411,-6.821732,-7.095433,-7.357326,-7.606979,-7.844134,-8.069260,-8.284723,-8.492769,
29.0,1.266667
29.000000,30.266667,31.533333,32.800000,34.066667,35.333333,36.600000,37.866667,39.133333,40.400000,41.666667,42.933333,44.200000,45.466667,46.733333,48.000000,49.266667,50.533333,51.800000,53.066667,54.333333,55.600000,56.866667,58.133333,59.400000,60.666667,61.933333,63.200000,64.466667,65.733333,67.000000,
1.430116,0.485339,-0.474855,-1.453434,-2.452300,-3.472558,-4.514863,-5.579400,-6.665488,-7.772165,-8.898538,-10.044201,-11.208980,-12.392880,-13.596160,-14.818945,-16.060727,-17.319351,-18.592061,-19.876055,-21.169010,-22.469237,-23.776360,-25.093028,-26.423019,-27.770240,-29.137830,-30.526648,-31.931924,-33.335403,-34.720085,
3.436687,2.859511,2.279780,1.699436,1.121109,0.547860,-0.017085,-0.570469,-1.109121,-1.630068,-2.130805,-2.609948,-3.066714,-3.500903,-3.913323,-4.305214,-4.678005,-5.033227,-5.372428,-5.697094,-6.008528,-6.307858,-6.595911,-6.872836,-7.138491,-7.392591,-7.634745,-7.864773,-8.083190,-8.292252,-8.494078,
30.0,1.233333
30.000000,31.233333,32.466667,33.700000,34.933333,36.166667,37.400000,38.633333,39.866667,41.100000,42.333333,43.566667,44.800000,46.033333,47.266667,48.500000,49.733333,50.966667,52.200000,53.433333,54.666667,55.900000,57.133333,58.366667,59.600000,60.833333,62.066667,63.300000,64.533333,65.766667,67.000000,
0.564224,-0.366985,-1.314159,-2.279261,-3.262911,-4.264835,-5.284469,-6.321355,-7.375612,-8.447671,-9.538256,-10.648584,-11.779913,-12.933121,-14.107995,-15.303692,-16.518709,-17.750361,-18.995585,-20.251458,-21.515820,-22.787231,-24.065468,-25.352951,-26.653053,-27.969133,-29.303562,-30.656584,-32.023577,-33.388593,-34.736912,
2.908170,2.345078,1.781651,1.220306,0.663994,0.115942,-0.420630,-0.942787,-1.448386,-1.935743,-2.403660,-2.851814,-3.280299,-3.689480,-4.080058,-4.452901,-4.808998,-5.149511,-5.475654,-5.788608,-6.089416,-6.378972,-6.657888,-6.926157,-7.183510,-7.429581,-7.663992,-7.886604,-8.097952,-8.300187,-8.495317,
31.0,1.200000
31.000000,32.200000,33.400000,34.600000,35.800000,37.000000,38.200000,39.400000,40.600000,41.800000,43.000000,44.200000,45.400000,46.600000,47.800000,49.000000,50.200000,51.400000,52.600000,53.800000,55.000000,56.200000,57.400000,58.600000,59.800000,61.000000,62.200000,63.400000,64.600000,65.800000,67.000000,
0.130958,-0.783876,-1.713794,-2.661579,-3.629004,-4.617328,-5.627556,-6.660507,-7.716757,-8.796684,-9.900376,-11.027319,-12.176584,-13.346717,-14.535241,-15.739242,-16.955643,-18.181357,-19.413524,-20.649915,-21.889785,-23.133289,-24.381538,-25.637351,-26.904083,-28.184839,-29.481511,-30.794110,-32.118747,-33.442808,-34.754722,
2.645293,2.095583,1.546742,1.000748,0.459883,-0.073465,-0.596907,-1.108162,-1.605232,-2.086328,-2.549924,-2.995016,-3.420910,-3.827226,-4.214131,-4.582106,-4.931923,-5.264851,-5.582347,-5.885905,-6.176916,-6.456607,-6.725851,-6.984740,-7.233024,-7.470328,-7.696264,-7.910680,-8.114078,-8.308512,-8.495896,
32.0,1.166667
32.000000,33.166667,34.333333,35.500000,36.666667,37.833333,39.000000,40.166667,41.333333,42.500000,43.666667,44.833333,46.000000,47.166667,48.333333,49.500000,50.666667,51.833333,53.000000,54.166667,55.333333,56.500000,57.666667,58.833333,60.000000,61.166667,62.333333,63.500000,64.666667,65.833333,67.000000,
-0.736702,-1.638631,-2.556339,-3.492379,-4.448054,-5.423855,-6.419837,-7.435681,-8.470513,-9.523276,-10.592974,-11.678952,-12.780734,-13.897974,-15.030489,-16.178027,-17.339968,-18.514790,-19.700686,-20.895990,-22.099703,-23.311434,-24.531770,-25.763294,-27.009143,-28.271925,-29.552291,-30.848409,-32.153737,-33.451614,-34.727150,
2.123690,1.591140,1.061117,0.535688,0.017085,-0.492387,-0.990436,-1.474861,-1.943700,-2.395230,-2.828128,-3.241906,-3.636539,-4.012430,-4.370640,-4.712513,-5.039482,-5.352934,-5.654188,-5.944405,-6.224410,-6.494799,-6.755903,-7.007561,-7.249429,-7.481161,-7.702585,-7.913796,-8.115423,-8.309265,-8.496949,
33.0,1.133333
33.000000,34.133333,35.266667,36.400000,37.533333,38.666667,39.800000,40.933333,42.066667,43.200000,44.333333,45.466667,46.600000,47.733333,48.866667,50.000000,51.133333,52.266667,53.400000,54.533333,55.666667,56.800000,57.933333,59.066667,60.200000,61.333333,62.466667,63.600000,64.733333,65.866667,67.000000,
-1.606488,-2.495775,-3.400703,-4.322971,-5.262869,-6.219915,-7.193353,-8.182491,-9.187077,-10.207106,-11.242801,-12.294731,-13.363502,-14.449459,-15.552242,-16.671063,-17.804723,-18.951362,-20.108961,-21.275748,-22.450751,-23.633630,-24.824920,-26.026815,-27.241926,-28.472292,-29.718030,-30.977024,-32.243189,-33.502183,-34.741331,
1.609350,1.095732,0.586328,0.083467,-0.410511,-0.893343,-1.362907,-1.817374,-2.255547,-2.676620,-3.080179,-3.466455,-3.836005,-4.189588,-4.528186,-4.852870,-5.164732,-5.464828,-5.754148,-6.033551,-6.303614,-6.564714,-6.816999,-7.060197,-7.293893,-7.517700,-7.731464,-7.935312,-8.129880,-8.316878,-8.497838,
34.0,1.100000
34.000000,35.100000,36.200000,37.300000,38.400000,39.500000,40.600000,41.700000,42.800000,43.900000,45.000000,46.100000,47.200000,48.300000,49.400000,50.500000,51.600000,52.700000,53.800000,54.900000,56.000000,57.100000,58.200000,59.300000,60.400000,61.500000,62.600000,63.700000,64.800000,65.900000,67.000000,
-2.479102,-3.353984,-4.241715,-5.143419,-6.059248,-6.989346,-7.933915,-8.893336,-9.868376,-10.859905,-11.868674,-12.895015,-13.938974,-15.000267,-16.078045,-17.171138,-18.278108,-19.397144,-20.526398,-21.664301,-22.810052,-23.963420,-25.124892,-26.296260,-27.479592,-28.676378,-29.886319,-31.107188,-32.333508,-33.553282,-34.756031,
1.104180,0.611807,0.126150,-0.350388,-0.815791,-1.268549,-1.707467,-2.131654,-2.540703,-2.934464,-3.312980,-3.676533,-4.025546,-4.360582,-4.682411,-4.991894,-5.289928,-5.577398,-5.855138,-6.123853,-6.383962,-6.635690,-6.879047,-7.113672,-7.339083,-7.554858,-7.760847,-7.957197,-8.144544,-8.324509,-8.498540,
35.0,1.066667
35.000000,36.066667,37.133333,38.200000,39.266667,40.333333,41.400000,42.466667,43.533333,44.600000,45.666667,46.733333,47.800000,48.866667,49.933333,51.000000,52.066667,53.133333,54.200000,55.266667,56.333333,57.400000,58.466667,59.533333,60.600000,61.666667,62.733333,63.800000,64.866667,65.933333,67.000000,
-2.916676,-3.776689,-4.651354,-5.542998,-6.452741,-7.381049,-8.328028,-9.293523,-10.277053,-11.277917,-12.295183,-13.327527,-14.373474,-15.431543,-16.500388,-17.578774,-18.665613,-19.760084,-20.861593,-21.969862,-23.085200,-24.208329,-25.340457,-26.483620,-27.639831,-28.810218,-29.993657,-31.186875,-32.383323,-33.570194,-34.736516,
0.855578,0.378462,-0.092615,-0.555754,-1.009353,-1.452022,-1.882512,-2.299724,-2.702804,-3.091071,-3.464047,-3.821608,-4.163865,-4.491187,-4.804369,-5.104412,-5.392417,-5.669540,-5.936895,-6.195429,-6.445702,-6.688037,-6.922518,-7.148868,-7.366692,-7.575663,-7.775739,-7.967151,-8.150543,-8.327347,-8.498815,
36.0,1.033333
36.000000,37.033333,38.066667,39.100000,40.133333,41.166667,42.200000,43.233333,44.266667,45.300000,46.333333,47.366667,48.400000,49.433333,50.466667,51.500000,52.533333,53.566667,54.600000,55.633333,56.666667,57.700000,58.733333,59.766667,60.800000,61.833333,62.866667,63.900000,64.933333,65.966667,67.000000,
-3.794737,-4.641832,-5.503432,-6.381518,-7.276741,-8.189005,-9.117819,-10.062440,-11.021884,-11.995099,-12.981099,-13.979138,-14.988608,-16.009018,-17.040030,-18.081332,-19.132518,-20.192925,-21.261863,-22.338835,-23.423856,-24.517306,-25.619981,-26.733357,-27.858848,-28.997022,-30.146374,-31.303487,-32.462194,-33.611250,-34.741156,
0.367308,-0.087679,-0.535769,-0.975064,-1.404068,-1.821541,-2.226411,-2.617766,-2.994946,-3.357490,-3.705201,-4.038346,-4.357461,-4.663301,-4.956909,-5.239431,-5.511992,-5.775553,-6.030937,-6.278768,-6.519318,-6.752641,-6.978607,-7.196828,-7.406856,-7.608347,-7.801285,-7.985934,-8.162942,-8.333649,-8.499211,
37.0,1.000000
37.000000,38.000000,39.000000,40.000000,41.000000,42.000000,43.000000,44.000000,45.000000,46.000000,47.000000,48.000000,49.000000,50.000000,51.000000,52.000000,53.000000,54.000000,55.000000,56.000000,57.000000,58.000000,59.000000,60.000000,61.000000,62.000000,63.000000,64.000000,65.000000,66.000000,67.000000,
-4.677142,-5.510448,-6.357297,-7.219078,-8.095843,-8.986994,-9.891676,-10.809050,-11.738569,-12.679867,-13.632752,-14.597268,-15.573516,-16.561503,-17.560940,-18.571360,-19.592147,-20.622485,-21.661570,-22.708807,-23.764133,-24.827829,-25.900513,-26.983303,-28.077182,-29.182314,-30.296929,-31.417567,-32.538454,-33.649738,-34.743219,
-0.107905,-0.539725,-0.963816,-1.378226,-1.781525,-2.172634,-2.550713,-2.915173,-3.265817,-3.602696,-3.926098,-4.236652,-4.535159,-4.822512,-5.099660,-5.367546,-5.627040,-5.878837,-6.123493,-6.361388,-6.592604,-6.817048,-7.034483,-7.244488,-7.446618,-7.640557,-7.826329,-8.004232,-8.174913,-8.339616,-8.499399,
38.0,0.966667
38.000000,38.966667,39.933333,40.900000,41.866667,42.833333,43.800000,44.766667,45.733333,46.700000,47.666667,48.633333,49.600000,50.566667,51.533333,52.500000,53.466667,54.433333,55.400000,56.366667,57.333333,58.300000,59.266667,60.233333,61.200000,62.166667,63.133333,64.100000,65.066667,66.033333,67.000000,
-5.564386,-6.383016,-7.214663,-8.061288,-8.923651,-9.801864,-10.695670,-11.604558,-12.527749,-13.464275,-14.412961,-15.372311,-16.340687,-17.316414,-18.297874,-19.283602,-20.272444,-21.263873,-22.257831,-23.254784,-24.256036,-25.263342,-26.278746,-27.304543,-28.342726,-29.394302,-30.458129,-31.531202,-32.608061,-33.679054,-34.736101,
-0.568884,-0.976901,-1.376875,-1.767156,-2.146734,-2.514972,-2.871445,-3.215880,-3.548168,-3.868311,-4.176421,-4.472762,-4.757706,-5.031725,-5.295432,-5.549510,-5.794666,-6.031595,-6.260947,-6.483257,-6.698836,-6.907850,-7.110340,-7.306174,-7.495193,-7.677331,-7.852790,-8.021972,-8.185506,-8.344377,-8.499388,
39.0,0.933333
39.000000,39.933333,40.866667,41.800000,42.733333,43.666667,44.600000,45.533333,46.466667,47.400000,48.333333,49.266667,50.200000,51.133333,52.066667,53.000000,53.933333,54.866667,55.800000,56.733333,57.666667,58.600000,59.533333,60.466667,61.400000,62.333333,63.266667,64.200000,65.133333,66.066667,67.000000,
-6.456895,-7.260272,-8.075888,-8.905566,-9.749961,-10.609099,-11.482643,-12.370020,-13.270429,-14.182911,-15.106341,-16.039354,-16.980477,-17.928231,-18.881210,-19.838153,-20.798076,-21.760517,-22.725407,-23.693098,-24.664585,-25.641209,-26.624512,-27.616177,-28.617646,-29.629617,-30.651228,-31.680276,-32.712853,-33.742237,-34.762843,
-1.014673,-1.398557,-1.774224,-2.140129,-2.495433,-2.839696,-3.172705,-3.494395,-3.804837,-4.104194,-4.392709,-4.670737,-4.938702,-5.197093,-5.446480,-5.687469,-5.920656,-6.146589,-6.365750,-6.578504,-6.785001,-6.985258,-7.179186,-7.366560,-7.547151,-7.720839,-7.887785,-8.048360,-8.203172,-8.353186,-8.499192,
40.0,0.900000
40.000000,40.900000,41.800000,42.700000,43.600000,44.500000,45.400000,46.300000,47.200000,48.100000,49.000000,49.900000,50.800000,51.700000,52.600000,53.500000,54.400000,55.300000,56.200000,57.100000,58.000000,58.900000,59.800000,60.700000,61.600000,62.500000,63.400000,64.300000,65.200000,66.100000,67.000000,
-7.355019,-8.142151,-8.940328,-9.750774,-10.573549,-11.408134,-12.253745,-13.109547,-13.974838,-14.849005,-15.731508,-16.621896,-17.519741,-18.424561,-19.335745,-20.252656,-21.174739,-22.101651,-23.033277,-23.969835,-24.912117,-25.861211,-26.818348,-27.784802,-28.761511,-29.748566,-30.744347,-31.745838,-32.748360,-33.744647,-34.728806,
-1.444539,-1.804143,-2.155452,-2.496909,-2.827700,-3.147444,-3.456021,-3.753508,-4.040186,-4.316468,-4.582868,-4.840016,-5.088591,-5.329270,-5.562677,-5.789381,-6.009872,-6.224499,-6.433509,-6.637039,-6.835066,-7.027473,-7.214091,-7.394705,-7.569134,-7.737327,-7.899503,-8.056070,-8.207617,-8.354983,-8.498831,
41.0,0.866667
41.000000,41.866667,42.733333,43.600000,44.466667,45.333333,46.200000,47.066667,47.933333,48.800000,49.666667,50.533333,51.400000,52.266667,53.133333,54.000000,54.866667,55.733333,56.600000,57.466667,58.333333,59.200000,60.066667,60.933333,61.800000,62.666667,63.533333,64.400000,65.266667,66.133333,67.000000,
-8.259039,-9.027682,-9.804796,-10.591442,-11.387859,-12.193967,-13.009537,-13.834307,-14.668083,-15.510678,-16.361853,-17.221240,-18.088381,-18.962729,-19.843625,-20.730400,-21.622487,-22.519557,-23.421513,-24.328555,-25.241366,-26.160864,-27.088041,-28.023827,-28.968797,-29.922734,-30.883895,-31.849331,-32.814739,-33.773811,-34.721518,
-1.857971,-2.193095,-2.519654,-2.836215,-3.142195,-3.437524,-3.722421,-3.997285,-4.262648,-4.519107,-4.767283,-5.007789,-5.241217,-5.468115,-5.688949,-5.904117,-6.113937,-6.318606,-6.518230,-6.712828,-6.902295,-7.086462,-7.265129,-7.438093,-7.605201,-7.766434,-7.922025,-8.072383,-8.218074,-8.359860,-8.498333,
42.0,0.833333
42.000000,42.833333,43.666667,44.500000,45.333333,46.166667,47.000000,47.833333,48.666667,49.500000,50.333333,51.166667,52.000000,52.833333,53.666667,54.500000,55.333333,56.166667,57.000000,57.833333,58.666667,59.500000,60.333333,61.166667,62.000000,62.833333,63.666667,64.500000,65.333333,66.166667,67.000000,
-9.169156,-9.917424,-10.670868,-11.430912,-12.198586,-12.974614,-13.759509,-14.553583,-15.356896,-16.169333,-16.990623,-17.820297,-18.657775,-19.502410,-20.353507,-21.210405,-22.072566,-22.939713,-23.811787,-24.688991,-25.571915,-26.461320,-27.357979,-28.262524,-29.175213,-30.095576,-31.021799,-31.951033,-32.879339,-33.801259,-34.712510,
-2.254675,-2.565477,-2.867412,-3.159351,-3.441112,-3.712997,-3.975555,-4.229440,-4.475294,-4.713745,-4.945380,-5.170721,-5.390236,-5.604334,-5.813338,-6.017504,-6.217014,-6.411946,-6.602304,-6.788022,-6.968943,-7.144865,-7.315583,-7.480911,-7.640730,-7.795052,-7.944121,-8.088344,-8.228255,-8.364540,-8.497727,
43.0,0.800000
43.000000,43.800000,44.600000,45.400000,46.200000,47.000000,47.800000,48.600000,49.400000,50.200000,51.000000,51.800000,52.600000,53.400000,54.200000,55.000000,55.800000,56.600000,57.400000,58.200000,59.000000,59.800000,60.600000,61.400000,62.200000,63.000000,63.800000,64.600000,65.400000,66.200000,67.000000,
-10.085496,-10.814690,-11.548676,-12.288672,-13.035490,-13.789642,-14.551429,-15.320967,-16.098159,-16.882767,-17.674447,-18.472752,-19.277201,-20.087355,-20.902884,-21.723575,-22.549354,-23.380368,-24.216914,-25.059416,-25.908446,-26.764595,-27.628354,-28.499963,-29.379264,-30.265429,-31.156471,-32.049539,-32.940938,-33.825875,-34.700669,
-2.634568,-2.922485,-3.202326,-3.473036,-3.734438,-3.986817,-4.230700,-4.466712,-4.695473,-4.917580,-5.133593,-5.344000,-5.549237,-5.749688,-5.945664,-6.137418,-6.325131,-6.508876,-6.688648,-6.864365,-7.035847,-7.202867,-7.365197,-7.522645,-7.675090,-7.822537,-7.965211,-8.103482,-8.237834,-8.368870,-8.497048,
44.0,0.766667
44.000000,44.766667,45.533333,46.300000,47.066667,47.833333,48.600000,49.366667,50.133333,50.900000,51.666667,52.433333,53.200000,53.966667,54.733333,55.500000,56.266667,57.033333,57.800000,58.566667,59.333333,60.100000,60.866667,61.633333,62.400000,63.166667,63.933333,64.700000,65.466667,66.233333,67.000000,
-11.008111,-11.719601,-12.439004,-13.167376,-13.904858,-14.651055,-15.405264,-16.166611,-16.934128,-17.706827,-18.483751,-19.264046,-20.046975,-20.831958,-21.618673,-22.407004,-23.197058,-23.989238,-24.784156,-25.582589,-26.385501,-27.193896,-28.008689,-28.830546,-29.659769,-30.496065,-31.338144,-32.183958,-33.030721,-33.874710,-34.713046,
-2.997769,-3.264326,-3.524673,-3.777795,-4.023331,-4.261286,-4.491876,-4.715422,-4.932289,-5.142857,-5.347510,-5.546613,-5.740513,-5.929528,-6.113933,-6.293958,-6.469782,-6.641502,-6.809154,-6.972720,-7.132115,-7.287223,-7.437935,-7.584178,-7.725938,-7.863304,-7.996535,-8.126000,-8.252138,-8.375457,-8.496329,
45.0,0.733333
45.000000,45.733333,46.466667,47.200000,47.933333,48.666667,49.400000,50.133333,50.866667,51.600000,52.333333,53.066667,53.800000,54.533333,55.266667,56.000000,56.733333,57.466667,58.200000,58.933333,59.666667,60.400000,61.133333,61.866667,62.600000,63.333333,64.066667,64.800000,65.533333,66.266667,67.000000,
-11.936979,-12.626290,-13.322104,-14.025255,-14.735804,-15.453380,-16.177377,-16.907089,-17.641816,-18.380892,-19.123705,-19.869749,-20.618612,-21.369987,-22.123719,-22.879787,-23.638326,-24.399686,-25.164365,-25.932981,-26.706266,-27.484960,-28.269685,-29.060808,-29.858348,-30.661800,-31.469813,-32.280412,-33.091055,-33.898531,-34.700409,
-3.344586,-3.589758,-3.829331,-4.062377,-4.288570,-4.507936,-4.720704,-4.927218,-5.127872,-5.323078,-5.513245,-5.698745,-5.879912,-6.057034,-6.230322,-6.399931,-6.565953,-6.728402,-6.887240,-7.042386,-7.193715,-7.341093,-7.484402,-7.623580,-7.758630,-7.889649,-8.016890,-8.140697,-8.261475,-8.379671,-8.495606,
46.0,0.700000
46.000000,46.700000,47.400000,48.100000,48.800000,49.500000,50.200000,50.900000,51.600000,52.300000,53.000000,53.700000,54.400000,55.100000,55.800000,56.500000,57.200000,57.900000,58.600000,59.300000,60.000000,60.700000,61.400000,62.100000,62.800000,63.500000,64.200000,64.900000,65.600000,66.300000,67.000000,
-12.872006,-13.536621,-14.204607,-14.876781,-15.553646,-16.235478,-16.922396,-17.614392,-18.311336,-19.013015,-19.719162,-20.429471,-21.143632,-21.861383,-22.582557,-23.307090,-24.035047,-24.766680,-25.502366,-26.242572,-26.987840,-27.738682,-28.495466,-29.258265,-30.026796,-30.800263,-31.577086,-32.355127,-33.131781,-33.903963,-34.669384,
-3.675506,-3.900017,-4.119118,-4.332026,-4.538582,-4.738980,-4.933608,-5.122938,-5.307442,-5.487571,-5.663731,-5.836245,-6.005370,-6.171300,-6.334145,-6.493955,-6.650729,-6.804405,-6.954887,-7.102053,-7.245771,-7.385911,-7.522381,-7.655148,-7.784247,-7.909801,-8.032058,-8.151341,-8.268012,-8.382447,-8.494911,
47.0,0.666667
47.000000,47.666667,48.333333,49.000000,49.666667,50.333333,51.000000,51.666667,52.333333,53.000000,53.666667,54.333333,55.000000,55.666667,56.333333,57.000000,57.666667,58.333333,59.000000,59.666667,60.333333,61.000000,61.666667,62.333333,63.000000,63.666667,64.333333,65.000000,65.666667,66.333333,67.000000,
-13.813030,-14.453720,-15.097162,-15.743992,-16.394576,-17.049092,-17.707599,-18.370067,-19.036401,-19.706474,-20.380155,-21.057341,-21.737961,-22.422001,-23.109529,-23.800683,-24.495673,-25.194797,-25.898402,-26.606854,-27.320516,-28.039672,-28.764438,-29.494640,-30.229774,-30.968902,-31.710447,-32.452397,-33.192411,-33.927855,-34.656822,
-3.991173,-4.196712,-4.397696,-4.593422,-4.783711,-4.968694,-5.148676,-5.324043,-5.495193,-5.662511,-5.826349,-5.986997,-6.144692,-6.299609,-6.451851,-6.601459,-6.748424,-6.892678,-7.034114,-7.172608,-7.308026,-7.440246,-7.569179,-7.694801,-7.817151,-7.936344,-8.052604,-8.166219,-8.277505,-8.386782,-8.494275,
48.0,0.633333
48.000000,48.633333,49.266667,49.900000,50.533333,51.166667,51.800000,52.433333,53.066667,53.700000,54.333333,54.966667,55.600000,56.233333,56.866667,57.500000,58.133333,58.766667,59.400000,60.033333,60.666667,61.300000,61.933333,62.566667,63.200000,63.833333,64.466667,65.100000,65.733333,66.366667,67.000000,
-14.759826,-15.375357,-15.992794,-16.612613,-17.235118,-17.860497,-18.488871,-19.120320,-19.754907,-20.392694,-21.033749,-21.678162,-22.326043,-22.977525,-23.632769,-24.291962,-24.955317,-25.623080,-26.295504,-26.972821,-27.655214,-28.342768,-29.035399,-29.732746,-30.434161,-31.138632,-31.844639,-32.550332,-33.253639,-33.952337,-34.644852,
-4.292369,-4.480118,-4.664063,-4.843578,-5.018482,-5.188858,-5.354948,-5.517074,-5.675576,-5.830792,-5.983029,-6.132542,-6.279533,-6.424147,-6.566455,-6.706475,-6.844174,-6.979469,-7.112249,-7.242388,-7.369764,-7.494267,-7.615823,-7.734422,-7.850109,-7.962998,-8.073293,-8.181247,-8.287137,-8.391233,-8.493721,
49.0,0.600000
49.000000,49.600000,50.200000,50.800000,51.400000,52.000000,52.600000,53.200000,53.800000,54.400000,55.000000,55.600000,56.200000,56.800000,57.400000,58.000000,58.600000,59.200000,59.800000,60.400000,61.000000,61.600000,62.200000,62.800000,63.400000,64.000000,64.600000,65.200000,65.800000,66.400000,67.000000,
-15.712110,-16.302961,-16.897022,-17.494757,-18.096221,-18.701224,-19.309437,-19.920470,-20.533945,-21.149520,-21.766920,-22.385984,-23.006648,-23.628956,-24.253079,-24.879284,-25.507918,-26.139405,-26.774197,-27.412734,-28.055400,-28.702471,-29.354051,-30.009972,-30.669787,-31.332715,-31.997521,-32.662677,-33.326462,-33.987037,-34.643101,
-4.579998,-4.751538,-4.920439,-5.086177,-5.248511,-5.407386,-5.562854,-5.715034,-5.864071,-6.010117,-6.153323,-6.293815,-6.431700,-6.567057,-6.699932,-6.830347,-6.958298,-7.083757,-7.206685,-7.327042,-7.444790,-7.559910,-7.672412,-7.782349,-7.889818,-7.994961,-8.097978,-8.199099,-8.298557,-8.396568,-8.493272,
50.0,0.566667
50.000000,50.566667,51.133333,51.700000,52.266667,52.833333,53.400000,53.966667,54.533333,55.100000,55.666667,56.233333,56.800000,57.366667,57.933333,58.500000,59.066667,59.633333,60.200000,60.766667,61.333333,61.900000,62.466667,63.033333,63.600000,64.166667,64.733333,65.300000,65.866667,66.433333,67.000000,
-16.669542,-17.233026,-17.798597,-18.366630,-18.937259,-19.510472,-20.086170,-20.664218,-21.244482,-21.826846,-22.411229,-22.997610,-23.586023,-24.176562,-24.769398,-25.364752,-25.962891,-26.564111,-27.168713,-27.776959,-28.389041,-29.005039,-29.624879,-30.248246,-30.874597,-31.503120,-32.132660,-32.761850,-33.389209,-34.013220,-34.632835,
-4.855054,-5.011194,-5.165195,-5.316614,-5.465240,-5.611014,-5.753973,-5.894205,-6.031821,-6.166939,-6.299668,-6.430098,-6.558295,-6.684306,-6.808146,-6.929810,-7.049277,-7.166511,-7.281469,-7.394111,-7.504410,-7.612356,-7.717967,-7.821302,-7.922457,-8.021566,-8.118807,-8.214379,-8.308483,-8.401299,-8.492942,
51.0,0.533333
51.000000,51.533333,52.066667,52.600000,53.133333,53.666667,54.200000,54.733333,55.266667,55.800000,56.333333,56.866667,57.400000,57.933333,58.466667,59.000000,59.533333,60.066667,60.600000,61.133333,61.666667,62.200000,62.733333,63.266667,63.800000,64.333333,64.866667,65.400000,65.933333,66.466667,67.000000,
-17.631740,-18.167018,-18.703453,-19.241364,-19.780968,-20.322413,-20.865798,-21.411194,-21.958654,-22.508230,-23.059981,-23.613985,-24.170343,-24.729181,-25.290656,-25.854948,-26.422244,-26.992733,-27.566579,-28.143896,-28.724713,-29.308955,-29.896401,-30.486632,-31.079039,-31.672804,-32.266856,-32.859976,-33.450893,-34.038358,-34.621528,
-5.118600,-5.260524,-5.400741,-5.538886,-5.674778,-5.808359,-5.939645,-6.068694,-6.195579,-6.320377,-6.443159,-6.563975,-6.682860,-6.799831,-6.914883,-7.027999,-7.139148,-7.248295,-7.355402,-7.460438,-7.563389,-7.664258,-7.763071,-7.859894,-7.954820,-8.047972,-8.139508,-8.229598,-8.318411,-8.406093,-8.492739,
52.0,0.500000
52.000000,52.500000,53.000000,53.500000,54.000000,54.500000,55.000000,55.500000,56.000000,56.500000,57.000000,57.500000,58.000000,58.500000,59.000000,59.500000,60.000000,60.500000,61.000000,61.500000,62.000000,62.500000,63.000000,63.500000,64.000000,64.500000,65.000000,65.500000,66.000000,66.500000,67.000000,
-18.598279,-19.104896,-19.612415,-20.121118,-20.631221,-21.142889,-21.656256,-22.171432,-22.688516,-23.207603,-23.728787,-24.252173,-24.777872,-25.306005,-25.836705,-26.370105,-26.906328,-27.445480,-27.987628,-28.532786,-29.080883,-29.631752,-30.185106,-30.740498,-31.297337,-31.854877,-32.412196,-32.968284,-33.522112,-34.072709,-34.619434,
-5.371735,-5.500625,-5.628267,-5.754364,-5.878748,-6.001336,-6.122101,-6.241048,-6.358197,-6.473573,-6.587197,-6.699083,-6.809234,-6.917643,-7.024293,-7.129159,-7.232211,-7.333421,-7.432762,-7.530219,-7.625789,-7.719491,-7.811362,-7.901470,-7.989906,-8.076786,-8.162248,-8.246437,-8.329497,-8.411547,-8.492665,
53.0,0.466667
53.000000,53.466667,53.933333,54.400000,54.866667,55.333333,55.800000,56.266667,56.733333,57.200000,57.666667,58.133333,58.600000,59.066667,59.533333,60.000000,60.466667,60.933333,61.400000,61.866667,62.333333,62.800000,63.266667,63.733333,64.200000,64.666667,65.133333,65.600000,66.066667,66.533333,67.000000,
-19.568707,-20.045614,-20.522966,-21.000965,-21.479807,-21.959681,-22.440776,-22.923281,-23.407385,-23.893280,-24.381159,-24.871218,-25.363647,-25.858629,-26.356330,-26.856893,-27.360426,-27.866986,-28.376575,-28.889121,-29.404453,-29.922303,-30.442288,-30.963880,-31.486429,-32.009165,-32.531188,-33.051543,-33.569291,-34.083581,-34.593863,
-5.615562,-5.732362,-5.848202,-5.962831,-6.076089,-6.187882,-6.298161,-6.406902,-6.514099,-6.619754,-6.723872,-6.826455,-6.927504,-7.027013,-7.124974,-7.221374,-7.316201,-7.409444,-7.501098,-7.591165,-7.679660,-7.766615,-7.852076,-7.936110,-8.018802,-8.100251,-8.180571,-8.259879,-8.338285,-8.415879,-8.492717,
54.0,0.433333
54.000000,54.433333,54.866667,55.300000,55.733333,56.166667,56.600000,57.033333,57.466667,57.900000,58.333333,58.766667,59.200000,59.633333,60.066667,60.500000,60.933333,61.366667,61.800000,62.233333,62.666667,63.100000,63.533333,63.966667,64.400000,64.833333,65.266667,65.700000,66.133333,66.566667,67.000000,
-20.542547,-20.989172,-21.436299,-21.884148,-22.332925,-22.782827,-23.234039,-23.686740,-24.141100,-24.597283,-25.055443,-25.515724,-25.978254,-26.443148,-26.910492,-27.380348,-27.852740,-28.327647,-28.804994,-29.284647,-29.766389,-30.249928,-30.734880,-31.220760,-31.706995,-32.192929,-32.677828,-33.160931,-33.641510,-34.118923,-34.592762,
-5.851155,-5.956791,-6.061743,-6.165812,-6.268856,-6.370777,-6.471507,-6.570998,-6.669213,-6.766127,-6.861716,-6.955958,-7.048833,-7.140321,-7.230405,-7.319067,-7.406295,-7.492082,-7.576431,-7.659351,-7.740867,-7.821016,-7.899849,-7.977431,-8.053844,-8.129176,-8.203525,-8.276989,-8.349660,-8.421610,-8.492885,
55.0,0.400000
55.000000,55.400000,55.800000,56.200000,56.600000,57.000000,57.400000,57.800000,58.200000,58.600000,59.000000,59.400000,59.800000,60.200000,60.600000,61.000000,61.400000,61.800000,62.200000,62.600000,63.000000,63.400000,63.800000,64.200000,64.600000,65.000000,65.400000,65.800000,66.200000,66.600000,67.000000,
-21.519315,-21.934947,-22.351331,-22.768729,-23.187348,-23.607359,-24.028903,-24.452100,-24.877052,-25.303847,-25.732559,-26.163253,-26.595975,-27.030759,-27.467616,-27.906532,-28.347465,-28.790334,-29.235015,-29.681335,-30.129061,-30.577902,-31.027501,-31.477429,-31.927199,-32.376272,-32.824063,-33.269982,-33.713476,-34.154068,-34.591465,
-6.079521,-6.174764,-6.269537,-6.363681,-6.457070,-6.549605,-6.641204,-6.731800,-6.821337,-6.909766,-6.997045,-7.083136,-7.168007,-7.251630,-7.333984,-7.415053,-7.494828,-7.573308,-7.650501,-7.726426,-7.801113,-7.874603,-7.946947,-8.018210,-8.088464,-8.157787,-8.226262,-8.293972,-8.360989,-8.427371,-8.493153,
56.0,0.366667
56.000000,56.366667,56.733333,57.100000,57.466667,57.833333,58.200000,58.566667,58.933333,59.300000,59.666667,60.033333,60.400000,60.766667,61.133333,61.500000,61.866667,62.233333,62.600000,62.966667,63.333333,63.700000,64.066667,64.433333,64.800000,65.166667,65.533333,65.900000,66.266667,66.633333,67.000000,
-22.988894,-23.372126,-23.754912,-24.137198,-24.519008,-24.900426,-25.281578,-25.662624,-26.043741,-26.425123,-26.806969,-27.189477,-27.572841,-27.957244,-28.342853,-28.729813,-29.118248,-29.508247,-29.899867,-30.293128,-30.688004,-31.084427,-31.482281,-31.881400,-32.281577,-32.682563,-33.084078,-33.485827,-33.887530,-34.288937,-34.689895,
-6.410449,-6.494709,-6.578400,-6.661339,-6.743387,-6.824444,-6.904434,-6.983304,-7.061015,-7.137542,-7.212868,-7.286986,-7.359891,-7.431588,-7.502084,-7.571391,-7.639528,-7.706519,-7.772392,-7.837183,-7.900933,-7.963691,-8.025510,-8.086451,-8.146577,-8.205953,-8.264647,-8.322720,-8.380229,-8.437215,-8.493704,
57.0,0.333333
57.000000,57.333333,57.666667,58.000000,58.333333,58.666667,59.000000,59.333333,59.666667,60.000000,60.333333,60.666667,61.000000,61.333333,61.666667,62.000000,62.333333,62.666667,63.000000,63.333333,63.666667,64.000000,64.333333,64.666667,65.000000,65.333333,65.666667,66.000000,66.333333,66.666667,67.000000,
-23.970882,-24.321488,-24.671755,-25.021648,-25.371196,-25.720475,-26.069600,-26.418707,-26.767955,-27.117507,-27.467535,-27.818205,-28.169677,-28.522098,-28.875597,-29.230285,-29.586245,-29.943532,-30.302169,-30.662143,-31.023404,-31.385865,-31.749398,-32.113836,-32.478981,-32.844605,-33.210458,-33.576288,-33.941855,-34.306959,-34.671473,
-6.624347,-6.699527,-6.774190,-6.848165,-6.921325,-6.993576,-7.064851,-7.135104,-7.204305,-7.272438,-7.339496,-7.405483,-7.470408,-7.534286,-7.597138,-7.658989,-7.719868,-7.779810,-7.838850,-7.897031,-7.954397,-8.010995,-8.066877,-8.122094,-8.176700,-8.230746,-8.284282,-8.337356,-8.390005,-8.442260,-8.494136,
58.0,0.300000
58.000000,58.300000,58.600000,58.900000,59.200000,59.500000,59.800000,60.100000,60.400000,60.700000,61.000000,61.300000,61.600000,61.900000,62.200000,62.500000,62.800000,63.100000,63.400000,63.700000,64.000000,64.300000,64.600000,64.900000,65.200000,65.500000,65.800000,66.100000,66.400000,66.700000,67.000000,
-24.954177,-25.271632,-25.589059,-25.906492,-26.223987,-26.541615,-26.859461,-27.177615,-27.496173,-27.815230,-28.134878,-28.455204,-28.776285,-29.098188,-29.420965,-29.744653,-30.069269,-30.394811,-30.721253,-31.048550,-31.376627,-31.705389,-32.034716,-32.364467,-32.694481,-33.024583,-33.354592,-33.684327,-34.013624,-34.342348,-34.670417,
-6.833417,-6.899886,-6.965917,-7.031358,-7.096098,-7.160051,-7.223155,-7.285367,-7.346660,-7.407019,-7.466437,-7.524920,-7.582476,-7.639122,-7.694879,-7.749773,-7.803834,-7.857092,-7.909586,-7.961352,-8.012431,-8.062866,-8.112699,-8.161975,-8.210736,-8.259026,-8.306882,-8.354342,-8.401433,-8.448178,-8.494589,
59.0,0.266667
59.000000,59.266667,59.533333,59.800000,60.066667,60.333333,60.600000,60.866667,61.133333,61.400000,61.666667,61.933333,62.200000,62.466667,62.733333,63.000000,63.266667,63.533333,63.800000,64.066667,64.333333,64.600000,64.866667,65.133333,65.400000,65.666667,65.933333,66.200000,66.466667,66.733333,67.000000,
-25.938391,-26.222095,-26.506014,-26.790238,-27.074850,-27.359921,-27.645518,-27.931697,-28.218506,-28.505987,-28.794169,-29.083075,-29.372717,-29.663095,-29.954198,-30.246004,-30.538476,-30.831564,-31.125206,-31.419322,-31.713822,-32.008600,-32.303541,-32.598515,-32.893389,-33.188023,-33.482278,-33.776022,-34.069138,-34.361535,-34.653158,
-7.037834,-7.095838,-7.153472,-7.210609,-7.267149,-7.323018,-7.378160,-7.432537,-7.486125,-7.538909,-7.590887,-7.642062,-7.692445,-7.742052,-7.790903,-7.839024,-7.886441,-7.933186,-7.979290,-8.024788,-8.069715,-8.114107,-8.158000,-8.201430,-8.244432,-8.287038,-8.329279,-8.371180,-8.412764,-8.454047,-8.495037,
60.0,0.233333
60.000000,60.233333,60.466667,60.700000,60.933333,61.166667,61.400000,61.633333,61.866667,62.100000,62.333333,62.566667,62.800000,63.033333,63.266667,63.500000,63.733333,63.966667,64.200000,64.433333,64.666667,64.900000,65.133333,65.366667,65.600000,65.833333,66.066667,66.300000,66.533333,66.766667,67.000000,
-26.923198,-27.172605,-27.422374,-27.672635,-27.923486,-28.175005,-28.427246,-28.680243,-28.934016,-29.188570,-29.443893,-29.699966,-29.956753,-30.214212,-30.472287,-30.730915,-30.990021,-31.249524,-31.509334,-31.769352,-32.029473,-32.289588,-32.549581,-32.809334,-33.068731,-33.327653,-33.585993,-33.843647,-34.100531,-34.356579,-34.611753,
-7.237459,-7.287166,-7.336577,-7.385587,-7.434114,-7.482094,-7.529479,-7.576235,-7.622341,-7.667783,-7.712557,-7.756666,-7.800119,-7.842928,-7.885110,-7.926687,-7.967682,-8.008120,-8.048028,-8.087433,-8.126365,-8.164853,-8.202924,-8.240608,-8.277929,-8.314914,-8.351585,-8.387960,-8.424056,-8.459885,-8.495451,
61.0,0.200000
61.000000,61.200000,61.400000,61.600000,61.800000,62.000000,62.200000,62.400000,62.600000,62.800000,63.000000,63.200000,63.400000,63.600000,63.800000,64.000000,64.200000,64.400000,64.600000,64.800000,65.000000,65.200000,65.400000,65.600000,65.800000,66.000000,66.200000,66.400000,66.600000,66.800000,67.000000,
-27.908348,-28.122983,-28.338038,-28.553659,-28.769951,-28.986991,-29.204826,-29.423480,-29.642955,-29.863237,-30.084292,-30.306074,-30.528527,-30.751580,-30.975155,-31.199167,-31.423523,-31.648124,-31.872868,-32.097650,-32.322360,-32.546890,-32.771131,-32.994978,-33.218329,-33.441086,-33.663161,-33.884476,-34.104968,-34.324589,-34.543313,
-7.431778,-7.473316,-7.514638,-7.555667,-7.596338,-7.636601,-7.676416,-7.715754,-7.754594,-7.792925,-7.830738,-7.868032,-7.904812,-7.941083,-7.976858,-8.012148,-8.046970,-8.081342,-8.115281,-8.148807,-8.181941,-8.214703,-8.247114,-8.279192,-8.310957,-8.342427,-8.373616,-8.404540,-8.435207,-8.465627,-8.495804,
