2460.0,0.533333
2460.000000,2460.533333,2461.066667,2461.600000,2462.133333,2462.666667,2463.200000,2463.733333,2464.266667,2464.800000,2465.333333,2465.866667,2466.400000,2466.933333,2467.466667,2468.000000,2468.533333,2469.066667,2469.600000,2470.133333,2470.666667,2471.200000,2471.733333,2472.266667,2472.800000,2473.333333,2473.866667,2474.400000,2474.933333,2475.466667,2476.000000,
36.926118,36.840443,36.754719,36.668986,36.583313,36.497782,36.412489,36.327539,36.243038,36.159096,36.075820,35.993314,35.911678,35.831002,35.751365,35.672833,35.595460,35.519281,35.444316,35.370571,35.298038,35.226696,35.156514,35.087458,35.019490,34.952575,34.886684,34.821796,34.757903,34.695010,34.633125,
-25.925963,-25.744194,-25.560037,-25.372968,-25.182723,-24.989219,-24.792486,-24.592632,-24.389809,-24.184190,-23.975958,-23.765286,-23.552331,-23.337227,-23.120067,-22.900910,-22.679773,-22.456625,-22.231395,-22.003983,-21.774256,-21.542068,-21.307277,-21.069758,-20.829420,-20.586221,-20.340198,-20.091451,-19.840137,-19.586474,-19.330632,
2461.0,0.500000
2461.000000,2461.500000,2462.000000,2462.500000,2463.000000,2463.500000,2464.000000,2464.500000,2465.000000,2465.500000,2466.000000,2466.500000,2467.000000,2467.500000,2468.000000,2468.500000,2469.000000,2469.500000,2470.000000,2470.500000,2471.000000,2471.500000,2472.000000,2472.500000,2473.000000,2473.500000,2474.000000,2474.500000,2475.000000,2475.500000,2476.000000,
36.717622,36.638982,36.560417,36.481995,36.403794,36.325899,36.248400,36.171387,36.094949,36.019168,35.944124,35.869885,35.796512,35.724053,35.652544,35.582010,35.512462,35.443899,35.376313,35.309683,35.243984,35.179183,35.115245,35.052134,34.989814,34.928251,34.867417,34.807289,34.747854,34.689106,34.631047,
-25.478039,-25.304419,-25.128942,-24.951198,-24.770984,-24.588240,-24.403001,-24.215357,-24.025430,-23.833353,-23.639256,-23.443248,-23.245417,-23.045819,-22.844473,-22.641364,-22.436449,-22.229648,-22.020866,-21.809992,-21.596912,-21.381520,-21.163725,-20.943469,-20.720727,-20.495519,-20.267922,-20.038054,-19.806066,-19.572136,-19.336392,
2462.0,0.466667
2462.000000,2462.466667,2462.933333,2463.400000,2463.866667,2464.333333,2464.800000,2465.266667,2465.733333,2466.200000,2466.666667,2467.133333,2467.600000,2468.066667,2468.533333,2469.000000,2469.466667,2469.933333,2470.400000,2470.866667,2471.333333,2471.800000,2472.266667,2472.733333,2473.200000,2473.666667,2474.133333,2474.600000,2475.066667,2475.533333,2476.000000,
36.516396,36.444444,36.372607,36.300960,36.229578,36.158543,36.087935,36.017837,35.948326,35.879478,35.811361,35.744038,35.677561,35.611975,35.547311,35.483589,35.420818,35.358993,35.298095,35.238094,35.178948,35.120605,35.063001,35.006068,34.949731,34.893911,34.838532,34.783519,34.728809,34.674352,34.620120,
-25.027713,-24.862208,-24.695093,-24.525994,-24.354719,-24.181200,-24.005455,-23.827562,-23.647633,-23.465798,-23.282196,-23.096959,-22.910209,-22.722054,-22.532580,-22.341853,-22.149921,-21.956811,-21.762535,-21.567095,-21.370484,-21.172694,-20.973720,-20.773569,-20.572258,-20.369822,-20.166315,-19.961802,-19.756359,-19.550062,-19.342963,
2463.0,0.433333
2463.000000,2463.433333,2463.866667,2464.300000,2464.733333,2465.166667,2465.600000,2466.033333,2466.466667,2466.900000,2467.333333,2467.766667,2468.200000,2468.633333,2469.066667,2469.500000,2469.933333,2470.366667,2470.800000,2471.233333,2471.666667,2472.100000,2472.533333,2472.966667,2473.400000,2473.833333,2474.266667,2474.700000,2475.133333,2475.566667,2476.000000,
36.516396,36.448499,36.380758,36.313231,36.245966,36.179006,36.112388,36.046140,35.980292,35.914864,35.849877,35.785344,35.721276,35.657683,35.594570,35.531942,35.469804,35.408164,35.347033,35.286427,35.226375,35.166914,35.108094,35.049981,34.992657,34.936218,34.880776,34.826449,34.773352,34.721590,34.671232,
-25.027713,-24.871849,-24.715080,-24.557138,-24.397839,-24.237047,-24.074662,-23.910602,-23.744791,-23.577146,-23.407575,-23.235964,-23.062176,-22.886051,-22.707398,-22.526000,-22.341625,-22.154017,-21.962916,-21.768065,-21.569221,-21.366168,-21.158732,-20.946801,-20.730328,-20.509343,-20.283970,-20.054402,-19.820877,-19.583666,-19.342963,
2464.0,0.400000
2464.000000,2464.400000,2464.800000,2465.200000,2465.600000,2466.000000,2466.400000,2466.800000,2467.200000,2467.600000,2468.000000,2468.400000,2468.800000,2469.200000,2469.600000,2470.000000,2470.400000,2470.800000,2471.200000,2471.600000,2472.000000,2472.400000,2472.800000,2473.200000,2473.600000,2474.000000,2474.400000,2474.800000,2475.200000,2475.600000,2476.000000,
36.322389,36.260816,36.199402,36.138205,36.077273,36.016647,35.956363,35.896450,35.836934,35.777837,35.719178,35.660972,35.603233,35.545971,35.489195,35.432912,35.377128,35.321850,35.267085,35.212843,35.159138,35.105985,35.053408,35.001436,34.950105,34.899455,34.849536,34.800398,34.752091,34.704659,34.658132,
-24.575044,-24.427626,-24.279413,-24.130158,-23.979677,-23.827837,-23.674533,-23.519686,-23.363225,-23.205086,-23.045202,-22.883502,-22.719907,-22.554328,-22.386663,-22.216805,-22.044636,-21.870036,-21.692884,-21.513065,-21.330478,-21.145039,-20.956692,-20.765414,-20.571219,-20.374161,-20.174342,-19.971894,-19.766967,-19.559720,-19.350261,
2465.0,0.366667
2465.000000,2465.366667,2465.733333,2466.100000,2466.466667,2466.833333,2467.200000,2467.566667,2467.933333,2468.300000,2468.666667,2469.033333,2469.400000,2469.766667,2470.133333,2470.500000,2470.866667,2471.233333,2471.600000,2471.966667,2472.333333,2472.700000,2473.066667,2473.433333,2473.800000,2474.166667,2474.533333,2474.900000,2475.266667,2475.633333,2476.000000,
36.135549,36.080134,36.024934,35.970022,35.915450,35.861260,35.807482,35.754138,35.701243,35.648806,35.596832,35.545322,35.494274,35.443683,35.393544,35.343850,35.294593,35.245766,35.197363,35.149381,35.101817,35.054673,35.007954,34.961671,34.915837,34.870471,34.825594,34.781230,34.737405,34.694139,34.651448,
-24.120088,-23.981599,-23.842604,-23.702928,-23.562429,-23.420991,-23.278514,-23.134912,-22.990104,-22.844013,-22.696561,-22.547670,-22.397260,-22.245244,-22.091538,-21.936053,-21.778702,-21.619401,-21.458073,-21.294650,-21.129078,-20.961319,-20.791358,-20.619202,-20.444886,-20.268469,-20.090035,-19.909688,-19.727536,-19.543685,-19.358204,
2466.0,0.333333
2466.000000,2466.333333,2466.666667,2467.000000,2467.333333,2467.666667,2468.000000,2468.333333,2468.666667,2469.000000,2469.333333,2469.666667,2470.000000,2470.333333,2470.666667,2471.000000,2471.333333,2471.666667,2472.000000,2472.333333,2472.666667,2473.000000,2473.333333,2473.666667,2474.000000,2474.333333,2474.666667,2475.000000,2475.333333,2475.666667,2476.000000,
35.955823,35.906370,35.857141,35.808208,35.759627,35.711438,35.663670,35.616342,35.569465,35.523047,35.477087,35.431584,35.386532,35.341922,35.297743,35.253986,35.210635,35.167678,35.125100,35.082886,35.041023,34.999497,34.958296,34.917408,34.876824,34.836536,34.796539,34.756829,34.717405,34.678268,34.639416,
-23.662902,-23.533705,-23.404092,-23.273916,-23.143062,-23.011438,-22.878967,-22.745589,-22.611253,-22.475913,-22.339532,-22.202076,-22.063513,-21.923814,-21.782953,-21.640904,-21.497646,-21.353161,-21.207435,-21.060459,-20.912231,-20.762757,-20.612052,-20.460141,-20.307058,-20.152845,-19.997555,-19.841245,-19.683970,-19.525783,-19.366715,
2467.0,0.300000
2467.000000,2467.300000,2467.600000,2467.900000,2468.200000,2468.500000,2468.800000,2469.100000,2469.400000,2469.700000,2470.000000,2470.300000,2470.600000,2470.900000,2471.200000,2471.500000,2471.800000,2472.100000,2472.400000,2472.700000,2473.000000,2473.300000,2473.600000,2473.900000,2474.200000,2474.500000,2474.800000,2475.100000,2475.400000,2475.700000,2476.000000,
35.783160,35.739520,35.696114,35.653019,35.610291,35.567972,35.526089,35.484658,35.443689,35.403182,35.363131,35.323529,35.284360,35.245609,35.207257,35.169282,35.131662,35.094373,35.057391,35.020690,34.984245,34.948033,34.912028,34.876207,34.840550,34.805035,34.769646,34.734367,34.699187,34.664096,34.629092,
-23.203543,-23.084245,-22.964679,-22.844753,-22.724391,-22.603536,-22.482142,-22.360172,-22.237598,-22.114397,-21.990552,-21.866047,-21.740872,-21.615019,-21.488480,-21.361252,-21.233332,-21.104721,-20.975423,-20.845443,-20.714792,-20.583481,-20.451527,-20.318952,-20.185779,-20.052034,-19.917747,-19.782947,-19.647661,-19.511914,-19.375718,
2468.0,0.266667
2468.000000,2468.266667,2468.533333,2468.800000,2469.066667,2469.333333,2469.600000,2469.866667,2470.133333,2470.400000,2470.666667,2470.933333,2471.200000,2471.466667,2471.733333,2472.000000,2472.266667,2472.533333,2472.800000,2473.066667,2473.333333,2473.600000,2473.866667,2474.133333,2474.400000,2474.666667,2474.933333,2475.200000,2475.466667,2475.733333,2476.000000,
35.617508,35.579526,35.541777,35.504337,35.467263,35.430593,35.394353,35.358556,35.323207,35.288303,35.253833,35.219782,35.186131,35.152857,35.119935,35.087338,35.055037,35.023000,34.991198,34.959599,34.928171,34.896884,34.865708,34.834612,34.803570,34.772556,34.741547,34.710521,34.679464,34.648363,34.617212,
-22.742069,-22.633308,-22.524445,-22.415440,-22.306264,-22.196893,-22.087305,-21.977486,-21.867424,-21.757109,-21.646536,-21.535700,-21.424599,-21.313232,-21.201602,-21.089710,-20.977561,-20.865161,-20.752515,-20.639633,-20.526522,-20.413192,-20.299655,-20.185920,-20.072000,-19.957904,-19.843645,-19.729231,-19.614672,-19.499974,-19.385141,
2469.0,0.233333
2469.000000,2469.233333,2469.466667,2469.700000,2469.933333,2470.166667,2470.400000,2470.633333,2470.866667,2471.100000,2471.333333,2471.566667,2471.800000,2472.033333,2472.266667,2472.500000,2472.733333,2472.966667,2473.200000,2473.433333,2473.666667,2473.900000,2474.133333,2474.366667,2474.600000,2474.833333,2475.066667,2475.300000,2475.533333,2475.766667,2476.000000,
35.458814,35.426314,35.394013,35.361981,35.330266,35.298905,35.267923,35.237331,35.207134,35.177330,35.147909,35.118857,35.090155,35.061780,35.033708,35.005909,34.978355,34.951015,34.923855,34.896843,34.869946,34.843132,34.816367,34.789621,34.762863,34.736066,34.709206,34.682259,34.655209,34.628043,34.600753,
-22.278536,-22.180945,-22.083367,-21.985809,-21.888282,-21.790796,-21.693361,-21.595991,-21.498697,-21.401490,-21.304384,-21.207390,-21.110519,-21.013782,-20.917190,-20.820750,-20.724471,-20.628360,-20.532423,-20.436663,-20.341085,-20.245688,-20.150473,-20.055439,-19.960583,-19.865900,-19.771385,-19.677034,-19.582841,-19.488802,-19.394913,
2470.0,0.200000
2470.000000,2470.200000,2470.400000,2470.600000,2470.800000,2471.000000,2471.200000,2471.400000,2471.600000,2471.800000,2472.000000,2472.200000,2472.400000,2472.600000,2472.800000,2473.000000,2473.200000,2473.400000,2473.600000,2473.800000,2474.000000,2474.200000,2474.400000,2474.600000,2474.800000,2475.000000,2475.200000,2475.400000,2475.600000,2475.800000,2476.000000,
35.307027,35.279834,35.252798,35.225974,35.199402,35.173112,35.147125,35.121452,35.096097,35.071057,35.046326,35.021891,34.997735,34.973840,34.950183,34.926739,34.903483,34.880386,34.857420,34.834557,34.811765,34.789018,34.766285,34.743540,34.720755,34.697908,34.674976,34.651941,34.628786,34.605502,34.582082,
-21.813001,-21.727291,-21.641724,-21.556358,-21.471242,-21.386421,-21.301930,-21.217802,-21.134064,-21.050738,-20.967844,-20.885395,-20.803405,-20.721882,-20.640833,-20.560260,-20.480166,-20.400547,-20.321402,-20.242723,-20.164503,-20.086733,-20.009401,-19.932495,-19.856002,-19.779907,-19.704196,-19.628857,-19.553878,-19.479250,-19.404967,
2477.0,1.533333
2477.000000,2478.533333,2480.066667,2481.600000,2483.133333,2484.666667,2486.200000,2487.733333,2489.266667,2490.800000,2492.333333,2493.866667,2495.400000,2496.933333,2498.466667,2500.000000,2501.533333,2503.066667,2504.600000,2506.133333,2507.666667,2509.200000,2510.733333,2512.266667,2513.800000,2515.333333,2516.866667,2518.400000,2519.933333,2521.466667,2523.000000,
34.433523,34.278615,34.135173,34.005692,33.892079,33.795729,33.717810,33.659285,33.620690,33.602402,33.604718,33.627844,33.671916,33.736939,33.822578,33.928369,34.053783,34.198203,34.360991,34.541512,34.739175,34.953485,35.184221,35.431923,35.697502,35.982273,36.288477,36.617935,36.970223,37.338194,37.714804,
-18.503008,-17.718803,-16.910798,-16.077394,-15.219157,-14.339117,-13.440966,-12.528021,-11.601750,-10.662972,-9.712289,-8.750268,-7.777661,-6.795846,-5.808007,-4.817776,-3.828416,-2.841560,-1.858253,-0.879309,0.094617,1.063048,2.025922,2.984324,3.940178,4.896946,5.862122,6.843652,7.846874,8.868415,9.903619,
2478.0,1.500000
2478.000000,2479.500000,2481.000000,2482.500000,2484.000000,2485.500000,2487.000000,2488.500000,2490.000000,2491.500000,2493.000000,2494.500000,2496.000000,2497.500000,2499.000000,2500.500000,2502.000000,2503.500000,2505.000000,2506.500000,2508.000000,2509.500000,2511.000000,2512.500000,2514.000000,2515.500000,2517.000000,2518.500000,2520.000000,2521.500000,2523.000000,
34.335113,34.191556,34.059590,33.941647,33.839525,33.754480,33.687516,33.639398,33.610390,33.600578,33.609985,33.638623,33.686508,33.753672,33.840200,33.946141,34.071389,34.215382,34.377408,34.556743,34.752778,34.965051,35.193455,35.438833,35.702442,35.985865,36.291303,36.620268,36.971491,37.335714,37.703988,
-18.023515,-17.241989,-16.437368,-15.608066,-14.754744,-13.880775,-12.990452,-12.088229,-11.178151,-10.263707,-9.347049,-8.426720,-7.500164,-6.564995,-5.620475,-4.666694,-3.704692,-2.737650,-1.769347,-0.803292,0.158453,1.114555,2.064534,3.009825,3.953030,4.898463,5.854646,6.830473,7.831820,8.854735,9.893845,
2479.0,1.466667
2479.000000,2480.466667,2481.933333,2483.400000,2484.866667,2486.333333,2487.800000,2489.266667,2490.733333,2492.200000,2493.666667,2495.133333,2496.600000,2498.066667,2499.533333,2501.000000,2502.466667,2503.933333,2505.400000,2506.866667,2508.333333,2509.800000,2511.266667,2512.733333,2514.200000,2515.666667,2517.133333,2518.600000,2520.066667,2521.533333,2523.000000,
34.243141,34.110785,33.990080,33.883382,33.792388,33.718252,33.661876,33.623916,33.604531,33.603676,33.621190,33.656745,33.709990,33.780666,33.868826,33.974621,34.098192,34.239557,34.398645,34.575245,34.768797,34.978747,35.204916,35.448264,35.710207,35.992417,36.296903,36.624761,36.973945,37.333658,37.693605,
-17.542534,-16.764574,-15.964592,-15.141069,-14.294634,-13.428352,-12.546185,-11.652397,-10.751295,-9.846946,-8.942618,-8.039378,-7.137286,-6.235506,-5.331460,-4.422177,-3.505221,-2.580191,-1.647655,-0.709106,0.232066,1.172170,2.108467,3.041462,3.973398,4.908618,5.856188,6.825645,7.823251,8.844729,9.884263,
2480.0,1.433333
2480.000000,2481.433333,2482.866667,2484.300000,2485.733333,2487.166667,2488.600000,2490.033333,2491.466667,2492.900000,2494.333333,2495.766667,2497.200000,2498.633333,2500.066667,2501.500000,2502.933333,2504.366667,2505.800000,2507.233333,2508.666667,2510.100000,2511.533333,2512.966667,2514.400000,2515.833333,2517.266667,2518.700000,2520.133333,2521.566667,2523.000000,
34.157555,34.036242,33.926595,33.830885,33.750692,33.687066,33.640808,33.612487,33.602237,33.610001,33.635589,33.678605,33.738581,33.815053,33.907626,34.015971,34.139878,34.279445,34.434883,34.606440,34.794365,34.998978,35.220806,35.460938,35.720684,36.001457,36.304766,36.631053,36.977433,37.332022,37.683651,
-17.060122,-16.286297,-15.491523,-14.674441,-13.835745,-12.978303,-12.105794,-11.222156,-10.331325,-9.437041,-8.542447,-7.649094,-6.757855,-5.869152,-4.982724,-4.097937,-3.213705,-2.327965,-1.438500,-0.543618,0.356633,1.261613,2.170622,3.083381,4.000441,4.924447,5.863550,6.826675,7.819580,8.837669,9.874914,
2481.0,1.400000
2481.000000,2482.400000,2483.800000,2485.200000,2486.600000,2488.000000,2489.400000,2490.800000,2492.200000,2493.600000,2495.000000,2496.400000,2497.800000,2499.200000,2500.600000,2502.000000,2503.400000,2504.800000,2506.200000,2507.600000,2509.000000,2510.400000,2511.800000,2513.200000,2514.600000,2516.000000,2517.400000,2518.800000,2520.200000,2521.600000,2523.000000,
34.078303,33.967848,33.869041,33.784065,33.714386,33.660944,33.624432,33.605332,33.603740,33.619588,33.652689,33.702688,33.769156,33.851629,33.949609,34.062592,34.190094,34.331696,34.487083,34.656175,34.839502,35.037924,35.252687,35.485852,35.739662,36.016098,36.316167,36.639382,36.981786,37.330560,37.673882,
-16.576337,-15.807173,-15.018087,-14.207880,-13.377327,-12.529167,-11.666876,-10.794155,-9.914646,-9.031778,-8.148417,-7.265963,-6.385226,-5.506741,-4.630792,-3.757561,-2.887164,-2.019624,-1.154799,-0.292150,0.569889,1.433352,2.300646,3.174819,4.059491,4.959350,5.881685,6.833567,7.818817,8.831777,9.865832,
2482.0,1.366667
2482.000000,2483.366667,2484.733333,2486.100000,2487.466667,2488.833333,2490.200000,2491.566667,2492.933333,2494.300000,2495.666667,2497.033333,2498.400000,2499.766667,2501.133333,2502.500000,2503.866667,2505.233333,2506.600000,2507.966667,2509.333333,2510.700000,2512.066667,2513.433333,2514.800000,2516.166667,2517.533333,2518.900000,2520.266667,2521.633333,2523.000000,
34.005333,33.905541,33.817344,33.742835,33.683373,33.639796,33.612694,33.602463,33.609156,33.632677,33.672832,33.729290,33.801662,33.889524,33.992413,34.109849,34.241328,34.386310,34.544292,34.714931,34.898299,35.094815,35.305488,35.532724,35.779320,36.047845,36.339790,36.655011,36.989647,37.330556,37.665581,
-16.091234,-15.327370,-14.544586,-13.741822,-12.919917,-12.081488,-11.229830,-10.368439,-9.500726,-8.629895,-7.758607,-6.888156,-6.019277,-5.152432,-4.287849,-3.425704,-2.566264,-1.710106,-0.857879,-0.010127,0.832983,1.671839,2.508093,3.346525,4.193434,5.056419,5.945392,6.869630,7.834226,8.832645,9.857054,
2483.0,1.333333
2483.000000,2484.333333,2485.666667,2487.000000,2488.333333,2489.666667,2491.000000,2492.333333,2493.666667,2495.000000,2496.333333,2497.666667,2499.000000,2500.333333,2501.666667,2503.000000,2504.333333,2505.666667,2507.000000,2508.333333,2509.666667,2511.000000,2512.333333,2513.666667,2515.000000,2516.333333,2517.666667,2519.000000,2520.333333,2521.666667,2523.000000,
33.938593,33.849263,33.771431,33.707108,33.657548,33.623496,33.605454,33.603734,33.618351,33.649182,33.696017,33.758530,33.836342,33.929046,34.036206,34.157370,34.292079,34.439869,34.600321,34.773166,34.958503,35.156721,35.368654,35.596151,35.841317,36.105982,36.390926,36.695647,37.016986,37.345395,37.672133,
-15.604872,-14.847051,-14.071298,-13.276673,-12.464060,-11.635951,-10.795454,-9.945864,-9.090381,-8.232002,-7.373227,-6.515324,-5.659043,-4.804873,-3.953061,-3.103788,-2.257288,-1.414014,-0.574446,0.261062,1.092564,1.920594,2.746672,3.574684,4.409595,5.257130,6.124121,7.016763,7.938298,8.884074,9.848610,
2484.0,1.300000
2484.000000,2485.300000,2486.600000,2487.900000,2489.200000,2490.500000,2491.800000,2493.100000,2494.400000,2495.700000,2497.000000,2498.300000,2499.600000,2500.900000,2502.200000,2503.500000,2504.800000,2506.100000,2507.400000,2508.700000,2510.000000,2511.300000,2512.600000,2513.900000,2515.200000,2516.500000,2517.800000,2519.100000,2520.400000,2521.700000,2523.000000,
33.878030,33.798942,33.731215,33.676781,33.636795,33.611915,33.602558,33.608966,33.631114,33.668858,33.721978,33.790158,33.873038,33.970239,34.081358,34.205986,34.343707,34.494099,34.656779,34.831465,35.018143,35.217011,35.428614,35.654271,35.895541,36.153907,36.430376,36.724967,37.035346,37.353479,37.671941,
-15.117308,-14.366258,-13.598243,-12.812434,-12.009746,-11.192549,-10.363779,-9.526537,-8.683822,-7.838434,-6.992709,-6.147869,-5.304649,-4.463525,-3.624714,-2.788362,-1.954664,-1.124035,-0.296955,0.526123,1.344898,2.159398,2.970438,3.780743,4.594148,5.415724,6.252956,7.113137,8.000593,8.911405,9.840530,
2485.0,1.266667
2485.000000,2486.266667,2487.533333,2488.800000,2490.066667,2491.333333,2492.600000,2493.866667,2495.133333,2496.400000,2497.666667,2498.933333,2500.200000,2501.466667,2502.733333,2504.000000,2505.266667,2506.533333,2507.800000,2509.066667,2510.333333,2511.600000,2512.866667,2514.133333,2515.400000,2516.666667,2517.933333,2519.200000,2520.466667,2521.733333,2523.000000,
33.775229,33.715452,33.666993,33.631503,33.609770,33.602012,33.608204,33.628184,33.661680,33.708377,33.767977,33.840255,33.925037,34.022229,34.131895,34.254152,34.389098,34.536728,34.696992,34.869826,35.055160,35.253024,35.463729,35.688273,35.927859,36.183570,36.455957,36.744665,37.047344,37.356948,37.667050,
-14.138799,-13.395150,-12.638275,-11.869790,-11.092655,-10.309879,-9.524328,-8.738410,-7.953395,-7.169994,-6.388489,-5.608519,-4.829385,-4.050081,-3.269080,-2.484811,-1.696094,-0.902903,-0.105782,0.694269,1.495547,2.296396,3.096011,3.895902,4.698846,5.508843,6.332054,7.174535,8.039889,8.924940,9.825569,
2486.0,1.233333
2486.000000,2487.233333,2488.466667,2489.700000,2490.933333,2492.166667,2493.400000,2494.633333,2495.866667,2497.100000,2498.333333,2499.566667,2500.800000,2502.033333,2503.266667,2504.500000,2505.733333,2506.966667,2508.200000,2509.433333,2510.666667,2511.900000,2513.133333,2514.366667,2515.600000,2516.833333,2518.066667,2519.300000,2520.533333,2521.766667,2523.000000,
33.732887,33.682628,33.643423,33.616843,33.603602,33.603888,33.617651,33.644725,33.684840,33.737687,33.802942,33.880287,33.969416,34.070053,34.181988,34.305071,34.439243,34.584637,34.741490,34.910125,35.091006,35.284697,35.491896,35.713576,35.950717,36.204046,36.473586,36.758423,37.055754,37.358510,37.660365,
-13.647969,-12.913033,-12.165787,-11.407661,-10.641358,-9.869634,-9.095119,-8.320040,-7.545632,-6.772669,-6.001641,-5.232709,-4.465871,-3.700987,-2.937716,-2.175574,-1.413896,-0.651654,0.112247,0.878719,1.648103,2.420623,3.196737,3.977689,4.765357,5.562604,6.374365,7.205547,8.058902,8.931264,9.818736,
2487.0,1.200000
2487.000000,2488.200000,2489.400000,2490.600000,2491.800000,2493.000000,2494.200000,2495.400000,2496.600000,2497.800000,2499.000000,2500.200000,2501.400000,2502.600000,2503.800000,2505.000000,2506.200000,2507.400000,2508.600000,2509.800000,2511.000000,2512.200000,2513.400000,2514.600000,2515.800000,2517.000000,2518.200000,2519.400000,2520.600000,2521.800000,2523.000000,
33.696514,33.655504,33.625243,33.607227,33.602096,33.610001,33.630869,33.664522,33.710707,33.769138,33.839516,33.921532,34.014873,34.119222,34.234256,34.359672,34.495219,34.640780,34.796365,34.962205,35.138996,35.327680,35.529396,35.745581,35.977603,36.226354,36.491491,36.771530,37.063112,37.358920,37.652538,
-13.156164,-12.430935,-11.694281,-10.947482,-10.193026,-9.433469,-8.671249,-7.908427,-7.146150,-6.385134,-5.625841,-4.868468,-4.113112,-3.359859,-2.608865,-1.860294,-1.114262,-0.370746,0.370463,1.109927,1.848992,2.589469,3.333639,4.084605,4.845903,5.621435,6.415648,7.232385,8.073298,8.934675,9.812363,
2488.0,1.166667
2488.000000,2489.166667,2490.333333,2491.500000,2492.666667,2493.833333,2495.000000,2496.166667,2497.333333,2498.500000,2499.666667,2500.833333,2502.000000,2503.166667,2504.333333,2505.500000,2506.666667,2507.833333,2509.000000,2510.166667,2511.333333,2512.500000,2513.666667,2514.833333,2516.000000,2517.166667,2518.333333,2519.500000,2520.666667,2521.833333,2523.000000,
33.666059,33.633892,33.611917,33.601457,33.603032,33.616792,33.642715,33.680691,33.730540,33.792046,33.864968,33.949030,34.043943,34.149405,34.265109,34.390768,34.526157,34.671204,34.825973,34.990757,35.166309,35.353623,35.553866,35.768440,35.998624,36.245144,36.507361,36.783439,37.069703,37.358738,37.644130,
-12.663442,-11.956410,-11.246463,-10.532037,-9.811914,-9.085757,-8.353734,-7.616457,-6.875243,-6.131648,-5.387177,-4.642945,-3.899858,-3.158651,-2.419800,-1.683634,-0.950340,-0.219863,0.508077,1.234129,1.959710,2.686713,3.417534,4.155451,4.904184,5.667768,6.450629,7.256517,8.086980,8.938332,9.806468,
2489.0,1.133333
2489.000000,2490.133333,2491.266667,2492.400000,2493.533333,2494.666667,2495.800000,2496.933333,2498.066667,2499.200000,2500.333333,2501.466667,2502.600000,2503.733333,2504.866667,2506.000000,2507.133333,2508.266667,2509.400000,2510.533333,2511.666667,2512.800000,2513.933333,2515.066667,2516.200000,2517.333333,2518.466667,2519.600000,2520.733333,2521.866667,2523.000000,
33.622692,33.607211,33.601300,33.606035,33.621687,33.648171,33.685260,33.732699,33.790307,33.857950,33.935555,34.023146,34.120781,34.228498,34.346257,34.473971,34.611503,34.758633,34.915165,35.081033,35.256505,35.442069,35.638462,35.846857,36.068469,36.304191,36.554021,36.816990,37.090471,37.368429,37.645547,
-11.675475,-10.980586,-10.285733,-9.591115,-8.896937,-8.203349,-7.510428,-6.818123,-6.126116,-5.433916,-4.740863,-4.045998,-3.348349,-2.647199,-1.942522,-1.234702,-0.524511,0.186647,0.897237,1.605999,2.312532,3.017129,3.721057,4.427468,5.140488,5.864934,6.606479,7.370189,8.158675,8.968668,9.796179,
2490.0,1.100000
2490.000000,2491.100000,2492.200000,2493.300000,2494.400000,2495.500000,2496.600000,2497.700000,2498.800000,2499.900000,2501.000000,2502.100000,2503.200000,2504.300000,2505.400000,2506.500000,2507.600000,2508.700000,2509.800000,2510.900000,2512.000000,2513.100000,2514.200000,2515.300000,2516.400000,2517.500000,2518.600000,2519.700000,2520.800000,2521.900000,2523.000000,
33.609677,33.602146,33.603705,33.615404,33.637517,33.669973,33.712557,33.765029,33.827213,33.898983,33.980262,34.071069,34.171449,34.281434,34.400992,34.530053,34.668507,34.816184,34.972939,35.138735,35.313810,35.498579,35.693636,35.899873,36.118183,36.349156,36.592598,36.847525,37.111684,37.380298,37.649215,
-11.180344,-10.498062,-9.815944,-9.134176,-8.452933,-7.772329,-7.092408,-6.413096,-5.734080,-5.054901,-4.374951,-3.693392,-3.009380,-2.322304,-1.632146,-0.939247,-0.244282,0.451559,1.146982,1.840939,2.533123,3.223817,3.914101,4.606543,5.304469,6.011697,6.732572,7.470915,8.228648,9.003287,9.791811,
2491.0,1.066667
2491.000000,2492.066667,2493.133333,2494.200000,2495.266667,2496.333333,2497.400000,2498.466667,2499.533333,2500.600000,2501.666667,2502.733333,2503.800000,2504.866667,2505.933333,2507.000000,2508.066667,2509.133333,2510.200000,2511.266667,2512.333333,2513.400000,2514.466667,2515.533333,2516.600000,2517.666667,2518.733333,2519.800000,2520.866667,2521.933333,2523.000000,
33.602371,33.602434,33.611130,33.629491,33.657791,33.695958,33.743764,33.800933,33.867217,33.942392,34.026270,34.118730,34.219694,34.329129,34.447079,34.573622,34.708861,34.852915,35.005942,35.168170,35.339977,35.521847,35.714387,35.918418,36.134693,36.363579,36.604518,36.856094,37.115607,37.377918,37.638644,
-10.684524,-10.015861,-9.347293,-8.678980,-8.011099,-7.343828,-6.677333,-6.011748,-5.347143,-4.683528,-4.020821,-3.358776,-2.697043,-2.035186,-1.372642,-0.708865,-0.043479,0.623473,1.291774,1.961185,2.631577,3.303141,3.976767,4.654832,5.340487,6.037377,6.749659,7.480942,8.232931,9.002983,9.787974,
2492.0,1.033333
2492.000000,2493.033333,2494.066667,2495.100000,2496.133333,2497.166667,2498.200000,2499.233333,2500.266667,2501.300000,2502.333333,2503.366667,2504.400000,2505.433333,2506.466667,2507.500000,2508.533333,2509.566667,2510.600000,2511.633333,2512.666667,2513.700000,2514.733333,2515.766667,2516.800000,2517.833333,2518.866667,2519.900000,2520.933333,2521.966667,2523.000000,
33.600722,33.607948,33.623302,33.647790,33.681684,33.724925,33.777298,33.838537,33.908405,33.986686,34.073200,34.167832,34.270508,34.381205,34.499969,34.626888,34.762078,34.905691,35.057916,35.219011,35.389364,35.569446,35.759806,35.961113,36.173928,36.398418,36.633864,36.878767,37.130540,37.384615,37.637158,
-10.188072,-9.534318,-8.880754,-8.227534,-7.574822,-6.922776,-6.271539,-5.621222,-4.971878,-4.323504,-3.676019,-3.029198,-2.382736,-1.736251,-1.089264,-0.441312,0.207936,0.858483,1.510209,2.163003,2.816905,3.472257,4.130009,4.792358,5.462138,6.142551,6.837099,7.548751,8.278833,9.025037,9.784679,
2493.0,1.000000
2493.000000,2494.000000,2495.000000,2496.000000,2497.000000,2498.000000,2499.000000,2500.000000,2501.000000,2502.000000,2503.000000,2504.000000,2505.000000,2506.000000,2507.000000,2508.000000,2509.000000,2510.000000,2511.000000,2512.000000,2513.000000,2514.000000,2515.000000,2516.000000,2517.000000,2518.000000,2519.000000,2520.000000,2521.000000,2522.000000,2523.000000,
33.614187,33.635128,33.663584,33.700529,33.746254,33.800725,33.863760,33.935120,34.014578,34.101912,34.196914,34.299397,34.409184,34.526109,34.650021,34.780786,34.918307,35.062559,35.213582,35.371514,35.536671,35.709477,35.890450,36.080235,36.279444,36.488479,36.707252,36.935192,37.171031,37.412216,37.656561,
-9.193500,-8.555964,-7.918751,-7.281972,-6.645726,-6.010102,-5.375185,-4.741064,-4.107831,-3.475588,-2.844453,-2.214577,-1.586132,-0.959315,-0.334361,0.288489,0.909028,1.527124,2.142766,2.756159,3.367936,3.979076,4.591000,5.205884,5.826264,6.454809,7.094172,7.746500,8.412703,9.091096,9.779734,
2494.0,0.966667
2494.000000,2494.966667,2495.933333,2496.900000,2497.866667,2498.833333,2499.800000,2500.766667,2501.733333,2502.700000,2503.666667,2504.633333,2505.600000,2506.566667,2507.533333,2508.500000,2509.466667,2510.433333,2511.400000,2512.366667,2513.333333,2514.300000,2515.266667,2516.233333,2517.200000,2518.166667,2519.133333,2520.100000,2521.066667,2522.033333,2523.000000,
33.629197,33.656139,33.690091,33.731994,33.782139,33.840505,33.906922,33.981161,34.063000,34.152223,34.248625,34.352026,34.462257,34.579167,34.702628,34.832537,34.968835,35.111542,35.260749,35.416639,35.579556,35.749938,35.928284,36.115162,36.311071,36.516268,36.730488,36.952994,37.182410,37.416252,37.652435,
-8.695494,-8.075088,-7.455047,-6.835483,-6.216484,-5.598133,-4.980508,-4.363691,-3.747775,-3.132865,-2.519084,-1.906588,-1.295556,-0.686187,-0.078704,0.526675,1.129780,1.730543,2.329033,2.925545,3.520799,4.115855,4.712178,5.311899,5.917449,6.531334,7.155939,7.793136,8.443654,9.105905,9.778092,
2495.0,0.933333
2495.000000,2495.933333,2496.866667,2497.800000,2498.733333,2499.666667,2500.600000,2501.533333,2502.466667,2503.400000,2504.333333,2505.266667,2506.200000,2507.133333,2508.066667,2509.000000,2509.933333,2510.866667,2511.800000,2512.733333,2513.666667,2514.600000,2515.533333,2516.466667,2517.400000,2518.333333,2519.266667,2520.200000,2521.133333,2522.066667,2523.000000,
33.649656,33.682109,33.721067,33.767435,33.821504,33.883265,33.952558,34.029164,34.112867,34.203452,34.300721,34.404496,34.514620,34.630959,34.753409,34.881905,35.016432,35.157067,35.303962,35.457363,35.617663,35.785334,35.960881,36.144819,36.337551,36.539192,36.749278,36.966851,37.190339,37.417158,37.645185,
-8.197085,-7.594841,-6.992990,-6.391639,-5.790873,-5.190768,-4.591397,-3.992843,-3.395201,-2.798586,-2.203130,-1.609003,-1.016397,-0.425515,0.163425,0.750226,1.334759,1.917033,2.497215,3.075725,3.653431,4.231552,4.811700,5.396108,5.987267,6.587684,7.199643,7.824869,8.463950,9.115261,9.777007,
2496.0,0.900000
2496.000000,2496.900000,2497.800000,2498.700000,2499.600000,2500.500000,2501.400000,2502.300000,2503.200000,2504.100000,2505.000000,2505.900000,2506.800000,2507.700000,2508.600000,2509.500000,2510.400000,2511.300000,2512.200000,2513.100000,2514.000000,2514.900000,2515.800000,2516.700000,2517.600000,2518.500000,2519.400000,2520.300000,2521.200000,2522.100000,2523.000000,
33.706712,33.750267,33.799721,33.855934,33.919197,33.989524,34.066788,34.150804,34.241394,34.338384,34.441616,34.550958,34.666291,34.787506,34.914499,35.047172,35.185422,35.329150,35.478257,35.632654,35.792274,35.957074,36.127053,36.302288,36.482914,36.669148,36.861322,37.059831,37.265091,37.477514,37.697391,
-7.199283,-6.616583,-6.034385,-5.452817,-4.871972,-4.291922,-3.712730,-3.134450,-2.557134,-1.980829,-1.405581,-0.831431,-0.258420,0.313410,0.884016,1.453351,2.021360,2.587972,3.153102,3.716649,4.278481,4.838449,5.396394,5.952144,6.505542,7.056471,7.604904,8.150892,8.694600,9.236370,9.776499,
2497.0,0.866667
2497.000000,2497.866667,2498.733333,2499.600000,2500.466667,2501.333333,2502.200000,2503.066667,2503.933333,2504.800000,2505.666667,2506.533333,2507.400000,2508.266667,2509.133333,2510.000000,2510.866667,2511.733333,2512.600000,2513.466667,2514.333333,2515.200000,2516.066667,2516.933333,2517.800000,2518.666667,2519.533333,2520.400000,2521.266667,2522.133333,2523.000000,
33.743205,33.790973,33.844153,33.903565,33.969501,34.041987,34.120907,34.206089,34.297359,34.394548,34.497497,34.606076,34.720169,34.839675,34.964511,35.094603,35.229895,35.370347,35.515940,35.666674,35.822587,35.983743,36.150230,36.322173,36.499705,36.682951,36.871998,37.066887,37.267574,37.473874,37.685612,
-6.700005,-6.137243,-5.574986,-5.013357,-4.452442,-3.892307,-3.333011,-2.774605,-2.217146,-1.660687,-1.105286,-0.551004,0.002094,0.553946,1.104489,1.653665,2.201428,2.747752,3.292636,3.836111,4.378268,4.919243,5.459223,5.998478,6.537314,7.076058,7.615035,8.154529,8.694722,9.235593,9.777071,
2498.0,0.833333
2498.000000,2498.833333,2499.666667,2500.500000,2501.333333,2502.166667,2503.000000,2503.833333,2504.666667,2505.500000,2506.333333,2507.166667,2508.000000,2508.833333,2509.666667,2510.500000,2511.333333,2512.166667,2513.000000,2513.833333,2514.666667,2515.500000,2516.333333,2517.166667,2518.000000,2518.833333,2519.666667,2520.500000,2521.333333,2522.166667,2523.000000,
33.784939,33.836394,33.892788,33.954896,34.023009,34.097157,34.177238,34.263089,34.354541,34.451427,34.553594,34.660914,34.773282,34.890614,35.012854,35.139972,35.271965,35.408870,35.550753,35.697712,35.849891,36.007448,36.170547,36.339332,36.513905,36.694266,36.880239,37.071501,37.267562,37.467688,37.671290,
-6.200552,-5.658430,-5.116794,-4.575766,-4.035429,-3.495854,-2.957100,-2.419231,-1.882312,-1.346416,-0.811621,-0.278014,0.254319,0.785295,1.314847,1.842929,2.369534,2.894727,3.418642,3.941505,4.463688,4.985671,5.508040,6.031526,6.556909,7.084939,7.616251,8.151303,8.690243,9.232683,9.778187,
2499.0,0.800000
2499.000000,2499.800000,2500.600000,2501.400000,2502.200000,2503.000000,2503.800000,2504.600000,2505.400000,2506.200000,2507.000000,2507.800000,2508.600000,2509.400000,2510.200000,2511.000000,2511.800000,2512.600000,2513.400000,2514.200000,2515.000000,2515.800000,2516.600000,2517.400000,2518.200000,2519.000000,2519.800000,2520.600000,2521.400000,2522.200000,2523.000000,
33.883921,33.943738,34.007951,34.077295,34.152068,34.232333,34.318028,34.409032,34.505211,34.606432,34.712564,34.823491,34.939102,35.059288,35.183932,35.312911,35.446091,35.583316,35.724426,35.869256,36.017652,36.169485,36.324683,36.483279,36.645412,36.811374,36.981691,37.157048,37.338254,37.526253,37.721741,
-5.201347,-4.681120,-4.161484,-3.642561,-3.124416,-2.607081,-2.090569,-1.574879,-1.060000,-0.545912,-0.032597,0.479968,0.991796,1.502885,2.013201,2.522671,3.031165,3.538456,4.044233,4.548082,5.049433,5.547617,6.041883,6.531391,7.015314,7.492936,7.963797,8.427706,8.884855,9.336045,9.782020,
2500.0,0.766667
2500.000000,2500.766667,2501.533333,2502.300000,2503.066667,2503.833333,2504.600000,2505.366667,2506.133333,2506.900000,2507.666667,2508.433333,2509.200000,2509.966667,2510.733333,2511.500000,2512.266667,2513.033333,2513.800000,2514.566667,2515.333333,2516.100000,2516.866667,2517.633333,2518.400000,2519.166667,2519.933333,2520.700000,2521.466667,2522.233333,2523.000000,
33.941065,34.003241,34.069381,34.140171,34.215900,34.296637,34.382326,34.472856,34.568097,34.667918,34.772190,34.880804,34.993660,35.110665,35.231740,35.356810,35.485804,35.618659,35.755318,35.895736,36.039884,36.187754,36.339366,36.494788,36.654125,36.817529,36.985218,37.157444,37.334474,37.516578,37.703941,
-4.701710,-4.203275,-3.705385,-3.208158,-2.711661,-2.215933,-1.720997,-1.226868,-0.733557,-0.241072,0.250576,0.741374,1.231303,1.720333,2.208423,2.695515,3.181530,3.666361,4.149872,4.631902,5.112251,5.590697,6.067009,6.540951,7.012312,7.480935,7.946764,8.409839,8.870315,9.328517,9.784719,
2501.0,0.733333
2501.000000,2501.733333,2502.466667,2503.200000,2503.933333,2504.666667,2505.400000,2506.133333,2506.866667,2507.600000,2508.333333,2509.066667,2509.800000,2510.533333,2511.266667,2512.000000,2512.733333,2513.466667,2514.200000,2514.933333,2515.666667,2516.400000,2517.133333,2517.866667,2518.600000,2519.333333,2520.066667,2520.800000,2521.533333,2522.266667,2523.000000,
34.003241,34.067253,34.134807,34.206541,34.282731,34.363446,34.448641,34.538213,34.632042,34.730003,34.831981,34.937881,35.047624,35.161152,35.278430,35.399442,35.524190,35.652700,35.785015,35.921190,36.061299,36.205419,36.353621,36.505965,36.662485,36.823173,36.987947,37.156672,37.329152,37.505117,37.684357,
-4.202126,-3.725884,-3.250129,-2.774982,-2.300522,-1.826808,-1.353887,-0.881801,-0.410588,0.059710,0.529055,0.997409,1.464737,1.931012,2.396222,2.860368,3.323474,3.785600,4.246839,4.707319,5.167223,5.626771,6.086219,6.545856,7.005982,7.466876,7.928767,8.391817,8.856092,9.321498,9.787924,
2502.0,0.700000
2502.000000,2502.700000,2503.400000,2504.100000,2504.800000,2505.500000,2506.200000,2506.900000,2507.600000,2508.300000,2509.000000,2509.700000,2510.400000,2511.100000,2511.800000,2512.500000,2513.200000,2513.900000,2514.600000,2515.300000,2516.000000,2516.700000,2517.400000,2518.100000,2518.800000,2519.500000,2520.200000,2520.900000,2521.600000,2522.300000,2523.000000,
34.142483,34.212189,34.285012,34.361551,34.442086,34.526711,34.615411,34.708109,34.804705,34.905083,35.009124,35.116708,35.227719,35.342036,35.459536,35.580094,35.703581,35.829868,35.958830,36.090357,36.224367,36.360815,36.499719,36.641188,36.785424,36.932743,37.083618,37.238624,37.398396,37.563615,37.734762,
-3.203344,-2.750289,-2.297778,-1.845903,-1.394697,-0.944158,-0.494262,-0.044975,0.403738,0.851910,1.299561,1.746693,2.193282,2.639270,3.084543,3.528935,3.972212,4.414046,4.854032,5.291684,5.726413,6.157574,6.584493,7.006496,7.422964,7.833415,8.237611,8.635542,9.027470,9.414037,9.795801,
2503.0,0.666667
2503.000000,2503.666667,2504.333333,2505.000000,2505.666667,2506.333333,2507.000000,2507.666667,2508.333333,2509.000000,2509.666667,2510.333333,2511.000000,2511.666667,2512.333333,2513.000000,2513.666667,2514.333333,2515.000000,2515.666667,2516.333333,2517.000000,2517.666667,2518.333333,2519.000000,2519.666667,2520.333333,2521.000000,2521.666667,2522.333333,2523.000000,
34.219444,34.289722,34.362742,34.439050,34.518908,34.602409,34.689545,34.780250,34.874434,34.971997,35.072835,35.176853,35.283963,35.394085,35.507151,35.623100,35.741880,35.863453,35.987790,36.114877,36.244720,36.377343,36.512796,36.651159,36.792541,36.937081,37.084953,37.236348,37.391459,37.550468,37.713496,
-2.704261,-2.273863,-1.843937,-1.414581,-0.985849,-0.557766,-0.130342,0.296421,0.722523,1.147962,1.572731,1.996813,2.420180,2.842791,3.264586,3.685487,4.105395,4.524186,4.941714,5.357817,5.772311,6.185005,6.595714,7.004266,7.410523,7.814397,8.215885,8.615056,9.012055,9.407119,9.800443,
2504.0,0.633333
2504.000000,2504.633333,2505.266667,2505.900000,2506.533333,2507.166667,2507.800000,2508.433333,2509.066667,2509.700000,2510.333333,2510.966667,2511.600000,2512.233333,2512.866667,2513.500000,2514.133333,2514.766667,2515.400000,2516.033333,2516.666667,2517.300000,2517.933333,2518.566667,2519.200000,2519.833333,2520.466667,2521.100000,2521.733333,2522.366667,2523.000000,
34.301230,34.371589,34.444320,34.519915,34.598619,34.680529,34.765649,34.853934,34.945314,35.039715,35.137060,35.237290,35.340357,35.446226,35.554885,35.666337,35.780599,35.897704,36.017697,36.140628,36.266552,36.395523,36.527583,36.662755,36.801037,36.942396,37.086748,37.233975,37.383926,37.536423,37.691332,
-2.205459,-1.797861,-1.390695,-0.984075,-0.578079,-0.172764,0.231830,0.635670,1.038732,1.440996,1.842448,2.243082,2.642903,3.041925,3.440179,3.837716,4.234603,4.630940,5.026846,5.422466,5.817975,6.213564,6.609437,7.005802,7.402857,7.800775,8.199675,8.599628,9.000641,9.402636,9.805532,
2505.0,0.600000
2505.000000,2505.600000,2506.200000,2506.800000,2507.400000,2508.000000,2508.600000,2509.200000,2509.800000,2510.400000,2511.000000,2511.600000,2512.200000,2512.800000,2513.400000,2514.000000,2514.600000,2515.200000,2515.800000,2516.400000,2517.000000,2517.600000,2518.200000,2518.800000,2519.400000,2520.000000,2520.600000,2521.200000,2521.800000,2522.400000,2523.000000,
34.479065,34.552653,34.628330,34.706548,34.787543,34.871410,34.958158,35.047738,35.140075,35.235072,35.332624,35.432627,35.534975,35.639564,35.746297,35.855083,35.965841,36.078502,36.193017,36.309356,36.427525,36.547561,36.669550,36.793634,36.920010,37.048934,37.180729,37.315760,37.454400,37.597011,37.743835,
-1.208926,-0.824802,-0.441024,-0.057656,0.325275,0.707763,1.089814,1.471434,1.852624,2.233373,2.613653,2.993408,3.372556,3.750983,4.128528,4.504992,4.880133,5.253657,5.625231,5.994490,6.361037,6.724469,7.084398,7.440478,7.792428,8.140066,8.483364,8.822422,9.157469,9.488885,9.816977,
2506.0,0.566667
2506.000000,2506.566667,2507.133333,2507.700000,2508.266667,2508.833333,2509.400000,2509.966667,2510.533333,2511.100000,2511.666667,2512.233333,2512.800000,2513.366667,2513.933333,2514.500000,2515.066667,2515.633333,2516.200000,2516.766667,2517.333333,2517.900000,2518.466667,2519.033333,2519.600000,2520.166667,2520.733333,2521.300000,2521.866667,2522.433333,2523.000000,
34.575011,34.647534,34.721817,34.798258,34.877077,34.958374,35.042174,35.128452,35.217160,35.308236,35.401611,35.497219,35.595001,35.694902,35.796881,35.900906,36.006955,36.115019,36.225102,36.337221,36.451406,36.567701,36.686160,36.806854,36.929864,37.055275,37.183184,37.313682,37.446855,37.582772,37.721475,
-0.711310,-0.349964,0.011048,0.371643,0.731767,1.091388,1.450486,1.809044,2.167050,2.524489,2.881342,3.237584,3.593186,3.948108,4.302303,4.655715,5.008282,5.359932,5.710590,6.060179,6.408620,6.755843,7.101785,7.446402,7.789672,8.131596,8.472216,8.811599,9.149836,9.487039,9.823292,
2507.0,0.533333
2507.000000,2507.533333,2508.066667,2508.600000,2509.133333,2509.666667,2510.200000,2510.733333,2511.266667,2511.800000,2512.333333,2512.866667,2513.400000,2513.933333,2514.466667,2515.000000,2515.533333,2516.066667,2516.600000,2517.133333,2517.666667,2518.200000,2518.733333,2519.266667,2519.800000,2520.333333,2520.866667,2521.400000,2521.933333,2522.466667,2523.000000,
34.675573,34.746610,34.819090,34.893363,34.969637,35.048023,35.128569,35.211285,35.296159,35.383169,35.472288,35.563495,35.656776,35.752123,35.849538,35.949035,36.050632,36.154356,36.260237,36.368307,36.478591,36.591111,36.705874,36.822870,36.942070,37.063418,37.186833,37.312209,37.439430,37.568373,37.698953,
-0.214203,0.124429,0.462663,0.800393,1.137551,1.474094,1.809998,2.145258,2.479876,2.813868,3.147260,3.480091,3.812411,4.144283,4.475786,4.807014,5.138075,5.469096,5.800216,6.131584,6.463359,6.795702,7.128768,7.462698,7.797615,8.133609,8.470726,8.808972,9.148312,9.488670,9.829976,
2508.0,0.500000
2508.000000,2508.500000,2509.000000,2509.500000,2510.000000,2510.500000,2511.000000,2511.500000,2512.000000,2512.500000,2513.000000,2513.500000,2514.000000,2514.500000,2515.000000,2515.500000,2516.000000,2516.500000,2517.000000,2517.500000,2518.000000,2518.500000,2519.000000,2519.500000,2520.000000,2520.500000,2521.000000,2521.500000,2522.000000,2522.500000,2523.000000,
34.890337,34.962386,35.035706,35.110606,35.187262,35.265761,35.346123,35.428332,35.512341,35.598089,35.685508,35.774526,35.865074,35.957086,36.050506,36.145288,36.241398,36.338819,36.437550,36.537612,36.639045,36.741919,36.846324,36.952383,37.060244,37.170076,37.282073,37.396435,37.513356,37.633007,37.755497,
0.778254,1.093911,1.409457,1.724848,2.040044,2.355003,2.669682,2.984030,3.297989,3.611488,3.924445,4.236762,4.548321,4.858991,5.168619,5.477034,5.784052,6.089472,6.393086,6.694686,6.994065,7.291033,7.585426,7.877119,8.166034,8.452150,8.735520,9.016256,9.294515,9.570497,9.844351,
2509.0,0.466667
2509.000000,2509.466667,2509.933333,2510.400000,2510.866667,2511.333333,2511.800000,2512.266667,2512.733333,2513.200000,2513.666667,2514.133333,2514.600000,2515.066667,2515.533333,2516.000000,2516.466667,2516.933333,2517.400000,2517.866667,2518.333333,2518.800000,2519.266667,2519.733333,2520.200000,2520.666667,2521.133333,2521.600000,2522.066667,2522.533333,2523.000000,
35.004435,35.074000,35.144572,35.216417,35.289701,35.364521,35.440923,35.518921,35.598509,35.679668,35.762369,35.846586,35.932290,36.019458,36.108073,36.198122,36.289600,36.382512,36.476868,36.572686,36.669994,36.768822,36.869210,36.971199,37.074835,37.180164,37.287232,37.396080,37.506743,37.619248,37.733608,
1.273490,1.566774,1.859845,2.152639,2.445105,2.737207,3.028913,3.320199,3.611040,3.901414,4.191299,4.480672,4.769506,5.057776,5.345454,5.632509,5.918911,6.204631,6.489639,6.773911,7.057424,7.340164,7.622120,7.903297,8.183706,8.463370,8.742325,9.020617,9.298295,9.575409,9.851995,
2510.0,0.433333
2510.000000,2510.433333,2510.866667,2511.300000,2511.733333,2512.166667,2512.600000,2513.033333,2513.466667,2513.900000,2514.333333,2514.766667,2515.200000,2515.633333,2516.066667,2516.500000,2516.933333,2517.366667,2517.800000,2518.233333,2518.666667,2519.100000,2519.533333,2519.966667,2520.400000,2520.833333,2521.266667,2521.700000,2522.133333,2522.566667,2523.000000,
35.122940,35.189679,35.257209,35.325760,35.395491,35.466509,35.538886,35.612665,35.687874,35.764531,35.842644,35.922221,36.003265,36.085782,36.169778,36.255260,36.342234,36.430707,36.520686,36.612173,36.705165,36.799655,36.895627,36.993057,37.091908,37.192137,37.293685,37.396491,37.500491,37.605624,37.711850,
1.767989,2.039102,2.309874,2.580224,2.850106,3.119504,3.388425,3.656892,3.924942,4.192622,4.459988,4.727105,4.994044,5.260883,5.527705,5.794598,6.061654,6.328967,6.596630,6.864738,7.133378,7.402633,7.672573,7.943256,8.214723,8.486997,8.760078,9.033947,9.308570,9.583902,9.859908,
2511.0,0.400000
2511.000000,2511.400000,2511.800000,2512.200000,2512.600000,2513.000000,2513.400000,2513.800000,2514.200000,2514.600000,2515.000000,2515.400000,2515.800000,2516.200000,2516.600000,2517.000000,2517.400000,2517.800000,2518.200000,2518.600000,2519.000000,2519.400000,2519.800000,2520.200000,2520.600000,2521.000000,2521.400000,2521.800000,2522.200000,2522.600000,2523.000000,
35.372967,35.438713,35.505097,35.572297,35.640428,35.709558,35.779722,35.850930,35.923175,35.996440,36.070702,36.145934,36.222113,36.299216,36.377227,36.456136,36.535942,36.616655,36.698295,36.780892,36.864493,36.949153,37.034941,37.121940,37.210240,37.299941,37.391146,37.483958,37.578472,37.674765,37.772886,
2.754545,3.003502,3.252467,3.501402,3.750256,3.998958,4.247430,4.495582,4.743317,4.990529,5.237108,5.482938,5.727897,5.971862,6.214706,6.456304,6.696531,6.935267,7.172400,7.407828,7.641464,7.873238,8.103105,8.331043,8.557060,8.781191,9.003504,9.224085,9.443037,9.660464,9.876436,
2512.0,0.366667
2512.000000,2512.366667,2512.733333,2513.100000,2513.466667,2513.833333,2514.200000,2514.566667,2514.933333,2515.300000,2515.666667,2516.033333,2516.400000,2516.766667,2517.133333,2517.500000,2517.866667,2518.233333,2518.600000,2518.966667,2519.333333,2519.700000,2520.066667,2520.433333,2520.800000,2521.166667,2521.533333,2521.900000,2522.266667,2522.633333,2523.000000,
35.504383,35.566455,35.629017,35.692220,35.756172,35.820950,35.886605,35.953168,36.020659,36.089089,36.158460,36.228775,36.300030,36.372225,36.445359,36.519432,36.594448,36.670414,36.747339,36.825236,36.904120,36.984012,37.064932,37.146904,37.229952,37.314103,37.399380,37.485808,37.573405,37.662187,37.752162,
3.246488,3.473851,3.701099,3.928183,4.155059,4.381687,4.608029,4.834048,5.059710,5.284981,5.509827,5.734217,5.958119,6.181503,6.404339,6.626601,6.848262,7.069301,7.289699,7.509441,7.728518,7.946926,8.164667,8.381752,8.598196,8.814023,9.029262,9.243947,9.458111,9.671786,9.884993,
2513.0,0.333333
2513.000000,2513.333333,2513.666667,2514.000000,2514.333333,2514.666667,2515.000000,2515.333333,2515.666667,2516.000000,2516.333333,2516.666667,2517.000000,2517.333333,2517.666667,2518.000000,2518.333333,2518.666667,2519.000000,2519.333333,2519.666667,2520.000000,2520.333333,2520.666667,2521.000000,2521.333333,2521.666667,2522.000000,2522.333333,2522.666667,2523.000000,
35.640000,35.698109,35.756623,35.815676,35.875375,35.935797,35.997003,36.059037,36.121932,36.185711,36.250393,36.315987,36.382502,36.449941,36.518306,36.587597,36.657811,36.728944,36.800989,36.873939,36.947784,37.022511,37.098106,37.174552,37.251830,37.329917,37.408793,37.488434,37.568819,37.649930,37.731755,
3.737465,3.943536,4.149446,4.355156,4.560642,4.765897,4.970926,5.175741,5.380363,5.584817,5.789133,5.993343,6.197483,6.401588,6.605693,6.809837,7.014052,7.218375,7.422835,7.627463,7.832285,8.037322,8.242592,8.448108,8.653878,8.859905,9.066187,9.272717,9.479487,9.686486,9.893707,
2514.0,0.300000
2514.000000,2514.300000,2514.600000,2514.900000,2515.200000,2515.500000,2515.800000,2516.100000,2516.400000,2516.700000,2517.000000,2517.300000,2517.600000,2517.900000,2518.200000,2518.500000,2518.800000,2519.100000,2519.400000,2519.700000,2520.000000,2520.300000,2520.600000,2520.900000,2521.200000,2521.500000,2521.800000,2522.100000,2522.400000,2522.700000,2523.000000,
35.923623,35.978916,36.034410,36.090171,36.146253,36.202696,36.259532,36.316786,36.374476,36.432620,36.491230,36.550321,36.609905,36.669997,36.730613,36.791774,36.853500,36.915817,36.978755,37.042347,37.106631,37.171648,37.237443,37.304064,37.371560,37.439983,37.509381,37.579803,37.651288,37.723869,37.797564,
4.716293,4.900934,5.085449,5.269764,5.453801,5.637479,5.820711,6.003413,6.185496,6.366875,6.547464,6.727178,6.905937,7.083665,7.260289,7.435744,7.609970,7.782917,7.954544,8.124819,8.293724,8.461251,8.627405,8.792206,8.955683,9.117879,9.278845,9.438636,9.597309,9.754914,9.911482,
2515.0,0.266667
2515.000000,2515.266667,2515.533333,2515.800000,2516.066667,2516.333333,2516.600000,2516.866667,2517.133333,2517.400000,2517.666667,2517.933333,2518.200000,2518.466667,2518.733333,2519.000000,2519.266667,2519.533333,2519.800000,2520.066667,2520.333333,2520.600000,2520.866667,2521.133333,2521.400000,2521.666667,2521.933333,2522.200000,2522.466667,2522.733333,2523.000000,
36.071525,36.122070,36.172786,36.223734,36.274967,36.326526,36.378448,36.430760,36.483488,36.536650,36.590266,36.644350,36.698917,36.753978,36.809548,36.865638,36.922259,36.979426,37.037152,37.095449,37.154332,37.213816,37.273916,37.334647,37.396026,37.458067,37.520785,37.584192,37.648300,37.713118,37.778649,
5.204030,5.367902,5.531628,5.695145,5.858399,6.021339,6.183919,6.346100,6.507842,6.669112,6.829878,6.990112,7.149789,7.308886,7.467385,7.625269,7.782527,7.939150,8.095133,8.250476,8.405181,8.559256,8.712714,8.865568,9.017840,9.169549,9.320721,9.471379,9.621547,9.771243,9.920479,
2516.0,0.233333
2516.000000,2516.233333,2516.466667,2516.700000,2516.933333,2517.166667,2517.400000,2517.633333,2517.866667,2518.100000,2518.333333,2518.566667,2518.800000,2519.033333,2519.266667,2519.500000,2519.733333,2519.966667,2520.200000,2520.433333,2520.666667,2520.900000,2521.133333,2521.366667,2521.600000,2521.833333,2522.066667,2522.300000,2522.533333,2522.766667,2523.000000,
36.223419,36.268917,36.314584,36.360482,36.406663,36.453170,36.500038,36.547293,36.594958,36.643050,36.691582,36.740564,36.790001,36.839900,36.890261,36.941086,36.992375,37.044125,37.096334,37.148998,37.202114,37.255676,37.309679,37.364119,37.418990,37.474286,37.530003,37.586136,37.642682,37.699636,37.756997,
5.690573,5.833923,5.977202,6.120383,6.263445,6.406372,6.549152,6.691774,6.834231,6.976519,7.118635,7.260578,7.402349,7.543948,7.685378,7.826644,7.967748,8.108696,8.249493,8.390144,8.530657,8.671037,8.811291,8.951425,9.091446,9.231360,9.371173,9.510890,9.650516,9.790054,9.929507,
2517.0,0.200000
2517.000000,2517.200000,2517.400000,2517.600000,2517.800000,2518.000000,2518.200000,2518.400000,2518.600000,2518.800000,2519.000000,2519.200000,2519.400000,2519.600000,2519.800000,2520.000000,2520.200000,2520.400000,2520.600000,2520.800000,2521.000000,2521.200000,2521.400000,2521.600000,2521.800000,2522.000000,2522.200000,2522.400000,2522.600000,2522.800000,2523.000000,
36.379253,36.419373,36.459660,36.500176,36.540971,36.582085,36.623550,36.665390,36.707622,36.750257,36.793302,36.836759,36.880628,36.924903,36.969577,37.014641,37.060083,37.105890,37.152049,37.198543,37.245356,37.292472,37.339875,37.387547,37.435473,37.483637,37.532025,37.580625,37.629426,37.678422,37.727606,
6.175864,6.298847,6.421888,6.545011,6.668238,6.791589,6.915080,7.038726,7.162540,7.286533,7.410716,7.535096,7.659682,7.784479,7.909492,8.034723,8.160175,8.285850,8.411746,8.537864,8.664199,8.790750,8.917512,9.044479,9.171647,9.299009,9.426559,9.554290,9.682199,9.810279,9.938530,
2524.0,0.833333
2524.000000,2524.833333,2525.666667,2526.500000,2527.333333,2528.166667,2529.000000,2529.833333,2530.666667,2531.500000,2532.333333,2533.166667,2534.000000,2534.833333,2535.666667,2536.500000,2537.333333,2538.166667,2539.000000,2539.833333,2540.666667,2541.500000,2542.333333,2543.166667,2544.000000,2544.833333,2545.666667,2546.500000,2547.333333,2548.166667,2549.000000,
38.142796,38.361970,38.587383,38.819877,39.059623,39.306429,39.559908,39.819592,40.085012,40.355723,40.631337,40.911580,41.196271,41.485333,41.778842,42.076997,42.380130,42.688760,43.003528,43.325173,43.654547,43.992484,44.339678,44.696499,45.062893,45.438130,45.820319,46.206731,46.593820,46.976978,47.352653,
10.947402,11.469597,11.995909,12.526444,13.060735,13.597992,14.137267,14.677562,15.217914,15.757412,16.295240,16.830734,17.363349,17.892657,18.418381,18.940380,19.458660,19.973457,20.485204,20.994585,21.502665,22.010785,22.520554,23.033940,23.553020,24.079776,24.615856,25.162414,25.719778,26.286833,26.862367,
2525.0,0.800000
2525.000000,2525.800000,2526.600000,2527.400000,2528.200000,2529.000000,2529.800000,2530.600000,2531.400000,2532.200000,2533.000000,2533.800000,2534.600000,2535.400000,2536.200000,2537.000000,2537.800000,2538.600000,2539.400000,2540.200000,2541.000000,2541.800000,2542.600000,2543.400000,2544.200000,2545.000000,2545.800000,2546.600000,2547.400000,2548.200000,2549.000000,
38.338526,38.554098,38.775390,39.003187,39.237651,39.478601,39.725674,39.978438,40.236475,40.499402,40.766916,41.038851,41.315156,41.595909,41.881371,42.171934,42.468118,42.770600,43.080132,43.397476,43.723347,44.058326,44.402736,44.756428,45.118770,45.488476,45.863237,46.240052,46.615347,46.984914,47.345619,
11.415163,11.918507,12.425503,12.936241,13.450282,13.966901,14.485226,15.004344,15.523388,16.041552,16.558139,17.072625,17.584624,18.093898,18.600404,19.104251,19.605711,20.105263,20.603552,21.101371,21.599716,22.099723,22.602650,23.109902,23.622901,24.142955,24.671101,25.207998,25.753717,26.307330,26.867888,
2526.0,0.766667
2526.000000,2526.766667,2527.533333,2528.300000,2529.066667,2529.833333,2530.600000,2531.366667,2532.133333,2532.900000,2533.666667,2534.433333,2535.200000,2535.966667,2536.733333,2537.500000,2538.266667,2539.033333,2539.800000,2540.566667,2541.333333,2542.100000,2542.866667,2543.633333,2544.400000,2545.166667,2545.933333,2546.700000,2547.466667,2548.233333,2549.000000,
38.537571,38.749051,38.965662,39.188234,39.417063,39.652146,39.893322,40.140363,40.393042,40.651148,40.914506,41.183002,41.456577,41.735235,42.019069,42.308248,42.603028,42.903780,43.210939,43.524963,43.846302,44.175315,44.512152,44.856584,45.207969,45.565108,45.925921,46.287752,46.647483,47.001530,47.347257,
11.880987,12.365185,12.852504,13.343177,13.837026,14.333641,14.832494,15.333008,15.834614,16.336761,16.838912,17.340567,17.841258,18.340557,18.838107,19.333634,19.826995,20.318260,20.807685,21.295745,21.783222,22.271114,22.760605,23.253086,23.749997,24.252670,24.762153,25.279133,25.803761,26.335315,26.873024,
2527.0,0.733333
2527.000000,2527.733333,2528.466667,2529.200000,2529.933333,2530.666667,2531.400000,2532.133333,2532.866667,2533.600000,2534.333333,2535.066667,2535.800000,2536.533333,2537.266667,2538.000000,2538.733333,2539.466667,2540.200000,2540.933333,2541.666667,2542.400000,2543.133333,2543.866667,2544.600000,2545.333333,2546.066667,2546.800000,2547.533333,2548.266667,2549.000000,
38.945396,39.155681,39.370225,39.589719,39.814405,40.044281,40.279207,40.518982,40.763399,41.012261,41.265402,41.522717,41.784156,42.049750,42.319638,42.594049,42.873297,43.157805,43.448047,43.744514,44.047677,44.357911,44.675400,44.999990,45.331159,45.667901,46.008466,46.350610,46.691704,47.028742,47.359524,
12.806600,13.269547,13.734375,14.201136,14.669610,15.139442,15.610202,16.081423,16.552631,17.023355,17.493137,17.961549,18.428206,18.892799,19.355139,19.815158,20.272935,20.728762,21.183113,21.636659,22.090334,22.545248,23.002651,23.463928,23.930458,24.403475,24.883885,25.372225,25.868526,26.372038,26.882001,
2528.0,0.700000
2528.000000,2528.700000,2529.400000,2530.100000,2530.800000,2531.500000,2532.200000,2532.900000,2533.600000,2534.300000,2535.000000,2535.700000,2536.400000,2537.100000,2537.800000,2538.500000,2539.200000,2539.900000,2540.600000,2541.300000,2542.000000,2542.700000,2543.400000,2544.100000,2544.800000,2545.500000,2546.200000,2546.900000,2547.600000,2548.300000,2549.000000,
39.154073,39.359683,39.569534,39.784299,40.004176,40.229089,40.458816,40.693069,40.931571,41.174077,41.420404,41.670480,41.924326,42.182064,42.443951,42.710337,42.981652,43.258415,43.541166,43.830423,44.126614,44.430016,44.740651,45.058123,45.381625,45.709852,46.040791,46.371982,46.700687,47.023973,47.339754,
13.266273,13.710461,14.157093,14.606241,15.057601,15.510650,15.964747,16.419212,16.873384,17.326645,17.778454,18.228394,18.676162,19.121585,19.564666,20.005561,20.444589,20.882287,21.319363,21.756693,22.195356,22.636549,23.081529,23.531570,23.987864,24.451402,24.922811,25.402357,25.889877,26.384591,26.885772,
2529.0,0.666667
2529.000000,2529.666667,2530.333333,2531.000000,2531.666667,2532.333333,2533.000000,2533.666667,2534.333333,2535.000000,2535.666667,2536.333333,2537.000000,2537.666667,2538.333333,2539.000000,2539.666667,2540.333333,2541.000000,2541.666667,2542.333333,2543.000000,2543.666667,2544.333333,2545.000000,2545.666667,2546.333333,2547.000000,2547.666667,2548.333333,2549.000000,
39.580693,39.783554,39.989599,40.199338,40.412925,40.630316,40.851369,41.075903,41.303771,41.534864,41.769138,42.006639,42.247494,42.491910,42.740191,42.992707,43.249875,43.512154,43.779996,44.053804,44.333868,44.620332,44.913124,45.211840,45.515760,45.823794,46.134349,46.445520,46.755215,47.061235,47.362032,
14.179071,14.601307,15.024485,15.448456,15.872879,16.297325,16.721329,17.144442,17.566275,17.986504,18.404880,18.821266,19.235618,19.647994,20.058589,20.467707,20.875771,21.283349,21.691121,22.099866,22.510470,22.923877,23.341050,23.762938,24.190407,24.624166,25.064639,25.511980,25.966013,26.426110,26.891699,
2530.0,0.633333
2530.000000,2530.633333,2531.266667,2531.900000,2532.533333,2533.166667,2533.800000,2534.433333,2535.066667,2535.700000,2536.333333,2536.966667,2537.600000,2538.233333,2538.866667,2539.500000,2540.133333,2540.766667,2541.400000,2542.033333,2542.666667,2543.300000,2543.933333,2544.566667,2545.200000,2545.833333,2546.466667,2547.100000,2547.733333,2548.366667,2549.000000,
39.798532,39.995380,40.195196,40.398563,40.605749,40.816842,41.031820,41.250611,41.473136,41.699327,41.929140,42.162585,42.399714,42.640631,42.885507,43.134556,43.388024,43.646183,43.909294,44.177576,44.451155,44.730034,45.014035,45.302706,45.595328,45.890875,46.187911,46.484751,46.779576,47.070524,47.356298,
14.632080,15.034523,15.438056,15.842697,16.248287,16.654567,17.061221,17.467911,17.874303,18.280081,18.684958,19.088704,19.491146,19.892192,20.291864,20.690284,21.087695,21.484489,21.881180,22.278401,22.676918,23.077574,23.481251,23.888835,24.301148,24.718863,25.142400,25.571926,26.007327,26.448101,26.893784,
2531.0,0.600000
2531.000000,2531.600000,2532.200000,2532.800000,2533.400000,2534.000000,2534.600000,2535.200000,2535.800000,2536.400000,2537.000000,2537.600000,2538.200000,2538.800000,2539.400000,2540.000000,2540.600000,2541.200000,2541.800000,2542.400000,2543.000000,2543.600000,2544.200000,2544.800000,2545.400000,2546.000000,2546.600000,2547.200000,2547.800000,2548.400000,2549.000000,
40.019322,40.209693,40.402844,40.599363,40.799553,41.003543,41.211358,41.422976,41.638371,41.857531,42.080472,42.307257,42.537993,42.772817,43.011906,43.255450,43.503637,43.756637,44.014576,44.277506,44.545363,44.817943,45.094867,45.375499,45.658972,45.944163,46.229632,46.513766,46.794891,47.071377,47.342123,
15.082754,15.465128,15.848762,16.233731,16.619913,17.007070,17.394901,17.783083,18.171312,18.559313,18.946862,19.333807,19.720068,20.105636,20.490595,20.875108,21.259424,21.643895,22.028957,22.415125,22.803006,23.193255,23.586546,23.983539,24.384831,24.790898,25.202009,25.618240,26.039454,26.465241,26.895233,
2532.0,0.566667
2532.000000,2532.566667,2533.133333,2533.700000,2534.266667,2534.833333,2535.400000,2535.966667,2536.533333,2537.100000,2537.666667,2538.233333,2538.800000,2539.366667,2539.933333,2540.500000,2541.066667,2541.633333,2542.200000,2542.766667,2543.333333,2543.900000,2544.466667,2545.033333,2545.600000,2546.166667,2546.733333,2547.300000,2547.866667,2548.433333,2549.000000,
40.469544,40.655179,40.842784,41.032796,41.225449,41.420858,41.619069,41.820101,42.023976,42.230734,42.440443,42.653216,42.869203,43.088584,43.311580,43.538422,43.769345,44.004561,44.244244,44.488489,44.737280,44.990468,45.247740,45.508558,45.772181,46.037659,46.303787,46.569223,46.832593,47.092577,47.348289,
15.976867,16.336742,16.696800,17.056912,17.416881,17.776479,18.135470,18.493638,18.850809,19.206854,19.561705,19.915374,20.267943,20.619575,20.970533,21.321156,21.671867,22.023179,22.375668,22.729958,23.086713,23.446601,23.810265,24.178283,24.551138,24.929179,25.312548,25.701209,26.094953,26.493359,26.896078,
2533.0,0.533333
2533.000000,2533.533333,2534.066667,2534.600000,2535.133333,2535.666667,2536.200000,2536.733333,2537.266667,2537.800000,2538.333333,2538.866667,2539.400000,2539.933333,2540.466667,2541.000000,2541.533333,2542.066667,2542.600000,2543.133333,2543.666667,2544.200000,2544.733333,2545.266667,2545.800000,2546.333333,2546.866667,2547.400000,2547.933333,2548.466667,2549.000000,
40.698872,40.876996,41.057137,41.239789,41.425253,41.613700,41.805221,41.999869,42.197680,42.398691,42.602952,42.810536,43.021538,43.236069,43.454256,43.676227,43.902096,44.131945,44.365805,44.603632,44.845271,45.090448,45.338745,45.589560,45.842124,46.095510,46.348605,46.600215,46.849149,47.094308,47.334976,
16.420192,16.759564,17.099536,17.440112,17.781192,18.122613,18.464178,18.805689,19.146964,19.487857,19.828265,20.168156,20.507561,20.846582,21.185408,21.524303,21.863598,22.203703,22.545081,22.888230,23.233678,23.581951,23.933549,24.288910,24.648393,25.012242,25.380543,25.753244,26.130160,26.510968,26.895399,
2534.0,0.500000
2534.000000,2534.500000,2535.000000,2535.500000,2536.000000,2536.500000,2537.000000,2537.500000,2538.000000,2538.500000,2539.000000,2539.500000,2540.000000,2540.500000,2541.000000,2541.500000,2542.000000,2542.500000,2543.000000,2543.500000,2544.000000,2544.500000,2545.000000,2545.500000,2546.000000,2546.500000,2547.000000,2547.500000,2548.000000,2548.500000,2549.000000,
41.165703,41.337727,41.511184,41.686455,41.863789,42.043350,42.225248,42.409560,42.596354,42.785696,42.977653,43.172309,43.369752,43.570081,43.773396,43.979795,44.189358,44.402140,44.618158,44.837372,45.059666,45.284843,45.512602,45.742518,45.974051,46.206551,46.439241,46.671287,46.901860,47.130197,47.355801,
17.299092,17.615727,17.932203,18.248401,18.564195,18.879464,19.194098,19.508008,19.821137,20.133463,20.445003,20.755826,21.066047,21.375834,21.685411,21.995053,22.305084,22.615877,22.927840,23.241404,23.557014,23.875109,24.196100,24.520343,24.848124,25.179634,25.514933,25.853971,26.196599,26.542560,26.891650,
2535.0,0.466667
2535.000000,2535.466667,2535.933333,2536.400000,2536.866667,2537.333333,2537.800000,2538.266667,2538.733333,2539.200000,2539.666667,2540.133333,2540.600000,2541.066667,2541.533333,2542.000000,2542.466667,2542.933333,2543.400000,2543.866667,2544.333333,2544.800000,2545.266667,2545.733333,2546.200000,2546.666667,2547.133333,2547.600000,2548.066667,2548.533333,2549.000000,
41.403101,41.566449,41.731273,41.898000,42.066925,42.238253,42.412128,42.588653,42.767908,42.949959,43.134865,43.322681,43.513462,43.707253,43.904095,44.104009,44.306994,44.513010,44.721973,44.933744,45.148104,45.364755,45.583312,45.803278,46.024065,46.244994,46.465302,46.684191,46.900895,47.114736,47.325282,
17.734554,18.030123,18.325788,18.621524,18.917284,19.213010,19.508644,19.804136,20.099458,20.394607,20.689612,20.984545,21.279516,21.574681,21.870244,22.166452,22.463591,22.761984,23.061981,23.363945,23.668241,23.975223,24.285212,24.598473,24.915208,25.235533,25.559454,25.886892,26.217689,26.551618,26.888503,
2536.0,0.433333
2536.000000,2536.433333,2536.866667,2537.300000,2537.733333,2538.166667,2538.600000,2539.033333,2539.466667,2539.900000,2540.333333,2540.766667,2541.200000,2541.633333,2542.066667,2542.500000,2542.933333,2543.366667,2543.800000,2544.233333,2544.666667,2545.100000,2545.533333,2545.966667,2546.400000,2546.833333,2547.266667,2547.700000,2548.133333,2548.566667,2549.000000,
41.885603,42.041286,42.197718,42.355176,42.513901,42.674099,42.835955,42.999640,43.165307,43.333100,43.503153,43.675585,43.850502,44.027995,44.208129,44.390943,44.576448,44.764609,44.955351,45.148546,45.344006,45.541480,45.740652,45.941133,46.142469,46.344151,46.545620,46.746303,46.945657,47.143211,47.338670,
18.597216,18.869632,19.141174,19.411657,19.681007,19.949233,20.216409,20.482654,20.748131,21.013027,21.277559,21.541964,21.806496,22.071425,22.337032,22.603610,22.871453,23.140861,23.412128,23.685536,23.961349,24.239807,24.521110,24.805407,25.092795,25.383307,25.676898,25.973468,26.272867,26.574914,26.879474,
2537.0,0.400000
2537.000000,2537.400000,2537.800000,2538.200000,2538.600000,2539.000000,2539.400000,2539.800000,2540.200000,2540.600000,2541.000000,2541.400000,2541.800000,2542.200000,2542.600000,2543.000000,2543.400000,2543.800000,2544.200000,2544.600000,2545.000000,2545.400000,2545.800000,2546.200000,2546.600000,2547.000000,2547.400000,2547.800000,2548.200000,2548.600000,2549.000000,
42.130603,42.276688,42.423903,42.572620,42.723120,42.875620,43.030284,43.187236,43.346573,43.508362,43.672651,43.839467,44.008816,44.180683,44.355029,44.531788,44.710866,44.892133,45.075419,45.260520,45.447177,45.635092,45.823918,46.013256,46.202671,46.391697,46.579843,46.766626,46.951602,47.134401,47.314795,
19.024301,19.275608,19.526732,19.777656,20.028393,20.278987,20.529503,20.780027,21.030659,21.281520,21.532740,21.784466,22.036856,22.290079,22.544313,22.799744,23.056562,23.314956,23.575115,23.837215,24.101422,24.367877,24.636698,24.907963,25.181713,25.457947,25.736612,26.017619,26.300854,26.586183,26.873513,
2538.0,0.366667
2538.000000,2538.366667,2538.733333,2539.100000,2539.466667,2539.833333,2540.200000,2540.566667,2540.933333,2541.300000,2541.666667,2542.033333,2542.400000,2542.766667,2543.133333,2543.500000,2543.866667,2544.233333,2544.600000,2544.966667,2545.333333,2545.700000,2546.066667,2546.433333,2546.800000,2547.166667,2547.533333,2547.900000,2548.266667,2548.633333,2549.000000,
42.627839,42.765034,42.902893,43.041656,43.181525,43.322664,43.465213,43.609288,43.754987,43.902391,44.051568,44.202568,44.355425,44.510160,44.666771,44.825237,44.985513,45.147530,45.311187,45.476355,45.642869,45.810532,45.979113,46.148344,46.317931,46.487556,46.656889,46.825600,46.993390,47.160007,47.325301,
19.869697,20.098121,20.325900,20.552899,20.779071,21.004440,21.229082,21.453114,21.676686,21.899971,22.123162,22.346465,22.570099,22.794284,23.019248,23.245215,23.472405,23.701031,23.931290,24.163364,24.397412,24.633567,24.871930,25.112565,25.355499,25.600721,25.848177,26.097784,26.349442,26.603041,26.858505,
2539.0,0.333333
2539.000000,2539.333333,2539.666667,2540.000000,2540.333333,2540.666667,2541.000000,2541.333333,2541.666667,2542.000000,2542.333333,2542.666667,2543.000000,2543.333333,2543.666667,2544.000000,2544.333333,2544.666667,2545.000000,2545.333333,2545.666667,2546.000000,2546.333333,2546.666667,2547.000000,2547.333333,2547.666667,2548.000000,2548.333333,2548.666667,2549.000000,
42.879972,43.006549,43.134170,43.263171,43.393803,43.526243,43.660612,43.796986,43.935401,44.075866,44.218360,44.362840,44.509245,44.657491,44.807478,44.959085,45.112176,45.266591,45.422152,45.578664,45.735906,45.893641,46.051612,46.209548,46.367165,46.524173,46.680286,46.835232,46.988771,47.140712,47.290940,
20.287892,20.495152,20.702437,20.909788,21.117264,21.324933,21.532876,21.741179,21.949937,22.159251,22.369227,22.579973,22.791601,23.004225,23.217960,23.432916,23.649203,23.866923,24.086172,24.307033,24.529575,24.753853,24.979901,25.207732,25.437336,25.668685,25.901723,26.136384,26.372593,26.610274,26.849378,
2540.0,0.300000
2540.000000,2540.300000,2540.600000,2540.900000,2541.200000,2541.500000,2541.800000,2542.100000,2542.400000,2542.700000,2543.000000,2543.300000,2543.600000,2543.900000,2544.200000,2544.500000,2544.800000,2545.100000,2545.400000,2545.700000,2546.000000,2546.300000,2546.600000,2546.900000,2547.200000,2547.500000,2547.800000,2548.100000,2548.400000,2548.700000,2549.000000,
43.391006,43.507456,43.624528,43.742439,43.861355,43.981403,44.102678,44.225247,44.349151,44.474416,44.601045,44.729030,44.858345,44.988950,45.120794,45.253810,45.387918,45.523025,45.659024,45.795796,45.933207,46.071111,46.209352,46.347764,46.486174,46.624407,46.762292,46.899667,47.036388,47.172344,47.307469,
21.114994,21.299733,21.484246,21.668497,21.852493,22.036270,22.219889,22.403432,22.586992,22.770678,22.954602,23.138883,23.323641,23.508998,23.695070,23.881970,24.069806,24.258674,24.448661,24.639842,24.832278,25.026014,25.221077,25.417480,25.615216,25.814264,26.014587,26.216138,26.418867,26.622727,26.827683,
2541.0,0.266667
2541.000000,2541.266667,2541.533333,2541.800000,2542.066667,2542.333333,2542.600000,2542.866667,2543.133333,2543.400000,2543.666667,2543.933333,2544.200000,2544.466667,2544.733333,2545.000000,2545.266667,2545.533333,2545.800000,2546.066667,2546.333333,2546.600000,2546.866667,2547.133333,2547.400000,2547.666667,2547.933333,2548.200000,2548.466667,2548.733333,2549.000000,
43.649803,43.754628,43.860282,43.967037,44.075097,44.184602,44.295644,44.408272,44.522499,44.638310,44.755661,44.874490,44.994714,45.116233,45.238934,45.362690,45.487361,45.612798,45.738842,45.865327,45.992076,46.118912,46.245650,46.372106,46.498097,46.623446,46.747987,46.871568,46.994062,47.115370,47.235439,
21.523786,21.687416,21.851262,22.015424,22.180000,22.345081,22.510757,22.677115,22.844236,23.012200,23.181084,23.350958,23.521890,23.693944,23.867175,24.041635,24.217369,24.394413,24.572794,24.752533,24.933636,25.116104,25.299925,25.485077,25.671527,25.859236,26.048158,26.238242,26.429442,26.621714,26.815034,
2542.0,0.233333
2542.000000,2542.233333,2542.466667,2542.700000,2542.933333,2543.166667,2543.400000,2543.633333,2543.866667,2544.100000,2544.333333,2544.566667,2544.800000,2545.033333,2545.266667,2545.500000,2545.733333,2545.966667,2546.200000,2546.433333,2546.666667,2546.900000,2547.133333,2547.366667,2547.600000,2547.833333,2548.066667,2548.300000,2548.533333,2548.766667,2549.000000,
44.173698,44.267297,44.361369,44.456076,44.551542,44.647855,44.745078,44.843246,44.942377,45.042467,45.143499,45.245443,45.348256,45.451884,45.556268,45.661336,45.767014,45.873220,45.979867,46.086863,46.194116,46.301529,46.409005,46.516449,46.623764,46.730862,46.837657,46.944075,47.050053,47.155542,47.260518,
22.331567,22.473237,22.615004,22.756918,22.899030,23.041389,23.184045,23.327049,23.470448,23.614290,23.758619,23.903478,24.048909,24.194948,24.341629,24.488983,24.637036,24.785808,24.935317,25.085573,25.236582,25.388345,25.540857,25.694106,25.848079,26.002755,26.158113,26.314130,26.470784,26.628056,26.785933,
2543.0,0.200000
2543.000000,2543.200000,2543.400000,2543.600000,2543.800000,2544.000000,2544.200000,2544.400000,2544.600000,2544.800000,2545.000000,2545.200000,2545.400000,2545.600000,2545.800000,2546.000000,2546.200000,2546.400000,2546.600000,2546.800000,2547.000000,2547.200000,2547.400000,2547.600000,2547.800000,2548.000000,2548.200000,2548.400000,2548.600000,2548.800000,2549.000000,
44.438691,44.519804,44.601431,44.683750,44.766891,44.850949,44.935984,45.022029,45.109090,45.197153,45.286185,45.376137,45.466945,45.558537,45.650828,45.743726,45.837133,45.930944,46.025054,46.119351,46.213725,46.308066,46.402265,46.496217,46.589820,46.682981,46.775614,46.867647,46.959019,47.049685,47.139623,
22.730441,22.851347,22.972646,23.094491,23.217013,23.340323,23.464511,23.589654,23.715816,23.843045,23.971381,24.100853,24.231482,24.363281,24.496256,24.630405,24.765722,24.902194,25.039804,25.178532,25.318349,25.459229,25.601138,25.744042,25.887906,26.032694,26.178371,26.324905,26.472267,26.620436,26.769400,
