761.0,0.433333
761.000000,761.433333,761.866667,762.300000,762.733333,763.166667,763.600000,764.033333,764.466667,764.900000,765.333333,765.766667,766.200000,766.633333,767.066667,767.500000,767.933333,768.366667,768.800000,769.233333,769.666667,770.100000,770.533333,770.966667,771.400000,771.833333,772.266667,772.700000,773.133333,773.566667,774.000000,
-2.145038,-1.996869,-1.847642,-1.697102,-1.545114,-1.391627,-1.236647,-1.080218,-0.922407,-0.763291,-0.602949,-0.441450,-0.278852,-0.115194,0.049505,0.215250,0.382065,0.550000,0.719122,0.889513,1.061269,1.234493,1.409285,1.585742,1.763947,1.943965,2.125837,2.309576,2.495176,2.682604,2.871830,
-14.026261,-14.030819,-14.035537,-14.040458,-14.045610,-14.051010,-14.056669,-14.062589,-14.068770,-14.075208,-14.081899,-14.088837,-14.096016,-14.103430,-14.111073,-14.118940,-14.127024,-14.135322,-14.143828,-14.152537,-14.161445,-14.170545,-14.179831,-14.189297,-14.198932,-14.208728,-14.218674,-14.228758,-14.238968,-14.249296,-14.259733,
762.0,0.400000
762.000000,762.400000,762.800000,763.200000,763.600000,764.000000,764.400000,764.800000,765.200000,765.600000,766.000000,766.400000,766.800000,767.200000,767.600000,768.000000,768.400000,768.800000,769.200000,769.600000,770.000000,770.400000,770.800000,771.200000,771.600000,772.000000,772.400000,772.800000,773.200000,773.600000,774.000000,
-1.647839,-1.511962,-1.375156,-1.237186,-1.097918,-0.957295,-0.815314,-0.672012,-0.527447,-0.381696,-0.234840,-0.086959,0.061870,0.211585,0.362139,0.513504,0.665672,0.818665,0.972526,1.127325,1.283161,1.440154,1.598448,1.758204,1.919598,2.082812,2.248030,2.415422,2.585141,2.757302,2.931972,
-14.042271,-14.046973,-14.051816,-14.056841,-14.062074,-14.067529,-14.073216,-14.079136,-14.085286,-14.091663,-14.098257,-14.105060,-14.112062,-14.119252,-14.126617,-14.134148,-14.141831,-14.149655,-14.157610,-14.165683,-14.173865,-14.182143,-14.190510,-14.198953,-14.207466,-14.216039,-14.224665,-14.233337,-14.242050,-14.250800,-14.259585,
763.0,0.366667
763.000000,763.366667,763.733333,764.100000,764.466667,764.833333,765.200000,765.566667,765.933333,766.300000,766.666667,767.033333,767.400000,767.766667,768.133333,768.500000,768.866667,769.233333,769.600000,769.966667,770.333333,770.700000,771.066667,771.433333,771.800000,772.166667,772.533333,772.900000,773.266667,773.633333,774.000000,
-1.647839,-1.523557,-1.398461,-1.272276,-1.144790,-1.015839,-0.885295,-0.753060,-0.619057,-0.483226,-0.345524,-0.205918,-0.064387,0.079080,0.224482,0.371806,0.521023,0.672087,0.824935,0.979479,1.135604,1.293168,1.451998,1.611887,1.772601,1.933878,2.095436,2.256987,2.418263,2.579031,2.739145,
-14.042271,-14.046552,-14.050928,-14.055432,-14.060089,-14.064918,-14.069935,-14.075152,-14.080577,-14.086220,-14.092086,-14.098182,-14.104512,-14.111081,-14.117893,-14.124951,-14.132257,-14.139815,-14.147625,-14.155688,-14.164003,-14.172566,-14.181375,-14.190422,-14.199700,-14.209199,-14.218907,-14.228811,-14.238899,-14.249159,-14.259585,
764.0,0.333333
764.000000,764.333333,764.666667,765.000000,765.333333,765.666667,766.000000,766.333333,766.666667,767.000000,767.333333,767.666667,768.000000,768.333333,768.666667,769.000000,769.333333,769.666667,770.000000,770.333333,770.666667,771.000000,771.333333,771.666667,772.000000,772.333333,772.666667,773.000000,773.333333,773.666667,774.000000,
-1.150584,-1.037332,-0.923375,-0.808478,-0.692458,-0.575179,-0.456536,-0.336457,-0.214887,-0.091792,0.032850,0.159048,0.286799,0.416095,0.546915,0.679232,0.813012,0.948211,1.084774,1.222641,1.361737,1.501978,1.643271,1.785510,1.928577,2.072352,2.216706,2.361511,2.506652,2.652032,2.797591,
-14.060176,-14.064497,-14.068902,-14.073421,-14.078074,-14.082877,-14.087844,-14.092983,-14.098301,-14.103802,-14.109489,-14.115364,-14.121428,-14.127679,-14.134118,-14.140743,-14.147551,-14.154540,-14.161706,-14.169045,-14.176553,-14.184225,-14.192053,-14.200032,-14.208154,-14.216411,-14.224794,-14.233296,-14.241909,-14.250626,-14.259443,
765.0,0.300000
765.000000,765.300000,765.600000,765.900000,766.200000,766.500000,766.800000,767.100000,767.400000,767.700000,768.000000,768.300000,768.600000,768.900000,769.200000,769.500000,769.800000,770.100000,770.400000,770.700000,771.000000,771.300000,771.600000,771.900000,772.200000,772.500000,772.800000,773.100000,773.400000,773.700000,774.000000,
-0.653233,-0.550656,-0.447585,-0.343849,-0.239314,-0.133878,-0.027462,0.079993,0.188530,0.298179,0.408962,0.520890,0.633969,0.748201,0.863582,0.980105,1.097760,1.216534,1.336411,1.457373,1.579399,1.702465,1.826544,1.951606,2.077618,2.204546,2.332352,2.461001,2.590460,2.720699,2.851702,
-14.079900,-14.084176,-14.088520,-14.092954,-14.097495,-14.102157,-14.106948,-14.111875,-14.116942,-14.122150,-14.127501,-14.132993,-14.138625,-14.144395,-14.150299,-14.156335,-14.162497,-14.168783,-14.175186,-14.181703,-14.188327,-14.195054,-14.201878,-14.208794,-14.215795,-14.222876,-14.230031,-14.237257,-14.244547,-14.251900,-14.259312,
766.0,0.266667
766.000000,766.266667,766.533333,766.800000,767.066667,767.333333,767.600000,767.866667,768.133333,768.400000,768.666667,768.933333,769.200000,769.466667,769.733333,770.000000,770.266667,770.533333,770.800000,771.066667,771.333333,771.600000,771.866667,772.133333,772.400000,772.666667,772.933333,773.200000,773.466667,773.733333,774.000000,
-0.653233,-0.560731,-0.467412,-0.372994,-0.277258,-0.180042,-0.081228,0.019263,0.121477,0.225431,0.331119,0.438512,0.547561,0.658202,0.770353,0.883916,0.998780,1.114821,1.231900,1.349869,1.468565,1.587817,1.707447,1.827270,1.947097,2.066742,2.186025,2.304780,2.422861,2.540157,2.656604,
-14.079900,-14.083748,-14.087659,-14.091657,-14.095762,-14.099990,-14.104354,-14.108866,-14.113535,-14.118368,-14.123370,-14.128548,-14.133903,-14.139438,-14.145155,-14.151054,-14.157135,-14.163396,-14.169836,-14.176452,-14.183239,-14.190194,-14.197311,-14.204584,-14.212007,-14.219572,-14.227273,-14.235103,-14.243056,-14.251126,-14.259312,
767.0,0.233333
767.000000,767.233333,767.466667,767.700000,767.933333,768.166667,768.400000,768.633333,768.866667,769.100000,769.333333,769.566667,769.800000,770.033333,770.266667,770.500000,770.733333,770.966667,771.200000,771.433333,771.666667,771.900000,772.133333,772.366667,772.600000,772.833333,773.066667,773.300000,773.533333,773.766667,774.000000,
-0.155746,-0.073518,0.009294,0.092896,0.177446,0.263065,0.349840,0.437828,0.527063,0.617556,0.709302,0.802278,0.896451,0.991771,1.088181,1.185614,1.283995,1.383241,1.483263,1.583968,1.685257,1.787029,1.889180,1.991607,2.094207,2.196882,2.299537,2.402089,2.504466,2.606615,2.708507,
-14.101350,-14.105045,-14.108790,-14.112604,-14.116503,-14.120498,-14.124600,-14.128817,-14.133155,-14.137617,-14.142209,-14.146931,-14.151784,-14.156769,-14.161886,-14.167132,-14.172506,-14.178006,-14.183628,-14.189370,-14.195227,-14.201195,-14.207271,-14.213449,-14.219724,-14.226093,-14.232551,-14.239092,-14.245715,-14.252415,-14.259192,
768.0,0.200000
768.000000,768.200000,768.400000,768.600000,768.800000,769.000000,769.200000,769.400000,769.600000,769.800000,770.000000,770.200000,770.400000,770.600000,770.800000,771.000000,771.200000,771.400000,771.600000,771.800000,772.000000,772.200000,772.400000,772.600000,772.800000,773.000000,773.200000,773.400000,773.600000,773.800000,774.000000,
0.341912,0.413826,0.486085,0.558816,0.632120,0.706076,0.780745,0.856168,0.932375,1.009382,1.087194,1.165807,1.245209,1.325380,1.406296,1.487924,1.570230,1.653176,1.736718,1.820814,1.905418,1.990481,2.075958,2.161800,2.247963,2.334403,2.421079,2.507956,2.595005,2.682203,2.769538,
-14.124414,-14.127867,-14.131353,-14.134885,-14.138475,-14.142129,-14.145856,-14.149661,-14.153546,-14.157516,-14.161572,-14.165715,-14.169946,-14.174264,-14.178668,-14.183158,-14.187731,-14.192385,-14.197118,-14.201928,-14.206812,-14.211766,-14.216789,-14.221876,-14.227026,-14.232234,-14.237499,-14.242819,-14.248191,-14.253614,-14.259087,
785.0,0.466667
785.000000,785.466667,785.933333,786.400000,786.866667,787.333333,787.800000,788.266667,788.733333,789.200000,789.666667,790.133333,790.600000,791.066667,791.533333,792.000000,792.466667,792.933333,793.400000,793.866667,794.333333,794.800000,795.266667,795.733333,796.200000,796.666667,797.133333,797.600000,798.066667,798.533333,799.000000,
8.344885,8.639426,8.935193,9.232550,9.531756,9.833001,10.136428,10.442149,10.750261,11.060854,11.374014,11.689834,12.008407,12.329823,12.654172,12.981528,13.311943,13.645433,13.981967,14.321452,14.663709,15.008466,15.355348,15.703846,16.053336,16.403080,16.752219,17.099842,17.445056,17.787045,18.125284,
-14.559371,-14.570667,-14.581417,-14.591401,-14.600422,-14.608297,-14.614855,-14.619928,-14.623354,-14.624972,-14.624621,-14.622142,-14.617376,-14.610166,-14.600360,-14.587812,-14.572385,-14.553959,-14.532429,-14.507712,-14.479759,-14.448547,-14.414095,-14.376463,-14.335753,-14.292108,-14.245714,-14.196783,-14.145531,-14.092161,-14.036811,
786.0,0.433333
786.000000,786.433333,786.866667,787.300000,787.733333,788.166667,788.600000,789.033333,789.466667,789.900000,790.333333,790.766667,791.200000,791.633333,792.066667,792.500000,792.933333,793.366667,793.800000,794.233333,794.666667,795.100000,795.533333,795.966667,796.400000,796.833333,797.266667,797.700000,798.133333,798.566667,799.000000,
9.350290,9.629200,9.907741,10.185907,10.463769,10.741458,11.019148,11.297048,11.575392,11.854434,12.134440,12.415688,12.698458,12.983026,13.269663,13.558621,13.850126,14.144368,14.441490,14.741576,15.044633,15.350586,15.659270,15.970403,16.283608,16.598412,16.914239,17.230468,17.546483,17.861716,18.175802,
-14.593474,-14.600993,-14.607878,-14.613897,-14.618858,-14.622597,-14.624965,-14.625830,-14.625068,-14.622561,-14.618194,-14.611856,-14.603439,-14.592837,-14.579950,-14.564682,-14.546948,-14.526673,-14.503794,-14.478269,-14.450078,-14.419221,-14.385731,-14.349668,-14.311125,-14.270222,-14.227108,-14.181946,-14.134902,-14.086127,-14.035720,
787.0,0.400000
787.000000,787.400000,787.800000,788.200000,788.600000,789.000000,789.400000,789.800000,790.200000,790.600000,791.000000,791.400000,791.800000,792.200000,792.600000,793.000000,793.400000,793.800000,794.200000,794.600000,795.000000,795.400000,795.800000,796.200000,796.600000,797.000000,797.400000,797.800000,798.200000,798.600000,799.000000,
9.853119,10.116198,10.379307,10.642528,10.905972,11.169770,11.434072,11.699035,11.964822,12.231601,12.499537,12.768791,13.039519,13.311867,13.585964,13.861924,14.139835,14.419756,14.701711,14.985681,15.271597,15.559336,15.848714,16.139482,16.431329,16.723887,17.016735,17.309429,17.601540,17.892682,18.182613,
-14.605972,-14.611295,-14.615967,-14.619753,-14.622458,-14.623919,-14.623994,-14.622559,-14.619505,-14.614729,-14.608139,-14.599648,-14.589177,-14.576652,-14.562007,-14.545184,-14.526134,-14.504822,-14.481223,-14.455329,-14.427149,-14.396712,-14.364066,-14.329283,-14.292452,-14.253683,-14.213102,-14.170841,-14.127031,-14.081785,-14.035177,
788.0,0.366667
788.000000,788.366667,788.733333,789.100000,789.466667,789.833333,790.200000,790.566667,790.933333,791.300000,791.666667,792.033333,792.400000,792.766667,793.133333,793.500000,793.866667,794.233333,794.600000,794.966667,795.333333,795.700000,796.066667,796.433333,796.800000,797.166667,797.533333,797.900000,798.266667,798.633333,799.000000,
10.355949,10.602028,10.848718,11.096221,11.344689,11.594240,11.844961,12.096920,12.350168,12.604745,12.860680,13.117995,13.376702,13.636807,13.898302,14.161170,14.425376,14.690870,14.957577,15.225399,15.494207,15.763842,16.034114,16.304794,16.575625,16.846324,17.116586,17.386102,17.654586,17.921792,18.187567,
-14.614999,-14.618155,-14.620641,-14.622216,-14.622687,-14.621896,-14.619710,-14.616021,-14.610735,-14.603772,-14.595063,-14.584551,-14.572184,-14.557921,-14.541729,-14.523583,-14.503468,-14.481380,-14.457325,-14.431321,-14.403403,-14.373614,-14.342014,-14.308678,-14.273691,-14.237150,-14.199159,-14.159823,-14.119242,-14.077499,-14.034646,
789.0,0.333333
789.000000,789.333333,789.666667,790.000000,790.333333,790.666667,791.000000,791.333333,791.666667,792.000000,792.333333,792.666667,793.000000,793.333333,793.666667,794.000000,794.333333,794.666667,795.000000,795.333333,795.666667,796.000000,796.333333,796.666667,797.000000,797.333333,797.666667,798.000000,798.333333,798.666667,799.000000,
11.361334,11.588450,11.815494,12.042468,12.269391,12.496296,12.723227,12.950236,13.177381,13.404727,13.632339,13.860286,14.088638,14.317463,14.546828,14.776798,15.007433,15.238790,15.470915,15.703850,15.937628,16.172269,16.407783,16.644169,16.881412,17.119488,17.358359,17.597982,17.838311,18.079302,18.320926,
-14.621327,-14.620485,-14.618977,-14.616574,-14.613100,-14.608417,-14.602421,-14.595032,-14.586190,-14.575853,-14.563991,-14.550587,-14.535630,-14.519121,-14.501068,-14.481485,-14.460393,-14.437822,-14.413806,-14.388388,-14.361617,-14.333549,-14.304244,-14.273771,-14.242200,-14.209606,-14.176062,-14.141639,-14.106401,-14.070397,-14.033658,
790.0,0.300000
790.000000,790.300000,790.600000,790.900000,791.200000,791.500000,791.800000,792.100000,792.400000,792.700000,793.000000,793.300000,793.600000,793.900000,794.200000,794.500000,794.800000,795.100000,795.400000,795.700000,796.000000,796.300000,796.600000,796.900000,797.200000,797.500000,797.800000,798.100000,798.400000,798.700000,799.000000,
11.863730,12.071274,12.278932,12.486761,12.694815,12.903145,13.111803,13.320835,13.530288,13.740203,13.950620,14.161573,14.373090,14.585196,14.797908,15.011234,15.225177,15.439729,15.654872,15.870577,16.086805,16.303507,16.520620,16.738071,16.955781,17.173660,17.391616,17.609558,17.827401,18.045077,18.262543,
-14.617979,-14.615313,-14.612053,-14.607990,-14.602960,-14.596838,-14.589523,-14.580944,-14.571045,-14.559788,-14.547148,-14.533112,-14.517676,-14.500843,-14.482625,-14.463041,-14.442116,-14.419879,-14.396366,-14.371620,-14.345685,-14.318614,-14.290459,-14.261281,-14.231138,-14.200091,-14.168202,-14.135527,-14.102114,-14.068004,-14.033219,
791.0,0.266667
791.000000,791.266667,791.533333,791.800000,792.066667,792.333333,792.600000,792.866667,793.133333,793.400000,793.666667,793.933333,794.200000,794.466667,794.733333,795.000000,795.266667,795.533333,795.800000,796.066667,796.333333,796.600000,796.866667,797.133333,797.400000,797.666667,797.933333,798.200000,798.466667,798.733333,799.000000,
12.365815,12.552806,12.740131,12.927909,13.116235,13.305181,13.494801,13.685134,13.876204,14.068021,14.260587,14.453890,14.647909,14.842611,15.037957,15.233894,15.430361,15.627287,15.824592,16.022183,16.219961,16.417818,16.615638,16.813298,17.010672,17.207633,17.404058,17.599830,17.794848,17.989034,18.182341,
-14.609861,-14.605634,-14.600886,-14.595430,-14.589119,-14.581834,-14.573486,-14.564004,-14.553337,-14.541451,-14.528322,-14.513940,-14.498300,-14.481410,-14.463282,-14.443934,-14.423393,-14.401686,-14.378850,-14.354922,-14.329943,-14.303961,-14.277021,-14.249174,-14.220471,-14.190961,-14.160692,-14.129711,-14.098055,-14.065754,-14.032826,
792.0,0.233333
792.000000,792.233333,792.466667,792.700000,792.933333,793.166667,793.400000,793.633333,793.866667,794.100000,794.333333,794.566667,794.800000,795.033333,795.266667,795.500000,795.733333,795.966667,796.200000,796.433333,796.666667,796.900000,797.133333,797.366667,797.600000,797.833333,798.066667,798.300000,798.533333,798.766667,799.000000,
13.368671,13.533831,13.698976,13.864103,14.029216,14.194320,14.359423,14.524536,14.689670,14.854840,15.020059,15.185343,15.350708,15.516170,15.681745,15.847451,16.013303,16.179318,16.345510,16.511895,16.678486,16.845297,17.012338,17.179621,17.347154,17.514945,17.683001,17.851327,18.019924,18.188796,18.357943,
-14.578056,-14.570783,-14.563107,-14.554884,-14.546000,-14.536367,-14.525916,-14.514600,-14.502385,-14.489251,-14.475188,-14.460197,-14.444286,-14.427469,-14.409767,-14.391204,-14.371808,-14.351612,-14.330649,-14.308954,-14.286565,-14.263519,-14.239854,-14.215606,-14.190811,-14.165504,-14.139715,-14.113471,-14.086796,-14.059705,-14.032209,
793.0,0.200000
793.000000,793.200000,793.400000,793.600000,793.800000,794.000000,794.200000,794.400000,794.600000,794.800000,795.000000,795.200000,795.400000,795.600000,795.800000,796.000000,796.200000,796.400000,796.600000,796.800000,797.000000,797.200000,797.400000,797.600000,797.800000,798.000000,798.200000,798.400000,798.600000,798.800000,799.000000,
13.869239,14.012160,14.155236,14.298521,14.442055,14.585867,14.729976,14.874392,15.019118,15.164149,15.309475,15.455081,15.600948,15.747053,15.893368,16.039863,16.186506,16.333263,16.480098,16.626973,16.773849,16.920688,17.067450,17.214098,17.360595,17.506905,17.652995,17.798838,17.944409,18.089692,18.234676,
-14.553757,-14.545805,-14.537533,-14.528823,-14.519575,-14.509714,-14.499176,-14.487917,-14.475900,-14.463104,-14.449514,-14.435124,-14.419934,-14.403953,-14.387191,-14.369664,-14.351394,-14.332401,-14.312712,-14.292352,-14.271351,-14.249736,-14.227537,-14.204782,-14.181499,-14.157715,-14.133454,-14.108736,-14.083580,-14.057998,-14.031996,
800.0,0.900000
800.000000,800.900000,801.800000,802.700000,803.600000,804.500000,805.400000,806.300000,807.200000,808.100000,809.000000,809.900000,810.800000,811.700000,812.600000,813.500000,814.400000,815.300000,816.200000,817.100000,818.000000,818.900000,819.800000,820.700000,821.600000,822.500000,823.400000,824.300000,825.200000,826.100000,827.000000,
19.301254,19.948403,20.592188,21.231765,21.866516,22.495948,23.119628,23.737163,24.348179,24.952322,25.549268,26.138743,26.720529,27.294495,27.860668,28.419216,28.970507,29.515238,30.054356,30.589090,31.121091,31.652218,32.184413,32.719607,33.259431,33.804808,34.355252,34.909151,35.463592,36.013663,36.555306,
-13.833957,-13.680534,-13.513727,-13.331451,-13.132882,-12.917854,-12.686552,-12.439340,-12.176674,-11.899062,-11.607062,-11.301287,-10.982385,-10.651038,-10.307967,-9.953894,-9.589499,-9.215364,-8.831949,-8.439523,-8.038014,-7.627097,-7.206176,-6.774265,-6.330245,-5.873084,-5.402075,-4.916969,-4.418276,-3.907885,-3.387536,
801.0,0.866667
801.000000,801.866667,802.733333,803.600000,804.466667,805.333333,806.200000,807.066667,807.933333,808.800000,809.666667,810.533333,811.400000,812.266667,813.133333,814.000000,814.866667,815.733333,816.600000,817.466667,818.333333,819.200000,820.066667,820.933333,821.800000,822.666667,823.533333,824.400000,825.266667,826.133333,827.000000,
19.784941,20.406623,21.024855,21.638785,22.247813,22.851483,23.449430,24.041355,24.627026,25.206270,25.778993,26.345219,26.905071,27.458783,28.006760,28.549520,29.087679,29.621971,30.153226,30.682373,31.210488,31.738706,32.268145,32.799841,33.334546,33.872438,34.412597,34.953222,35.491515,36.023185,36.544774,
-13.721666,-13.562886,-13.391703,-13.206159,-13.005493,-12.789572,-12.558596,-12.312928,-12.052978,-11.779180,-11.491966,-11.191751,-10.878936,-10.553914,-10.217068,-9.868783,-9.509449,-9.139476,-8.759253,-8.369102,-7.969207,-7.559615,-7.140189,-6.710483,-6.269934,-5.817992,-5.354271,-4.878690,-4.391742,-3.894966,-3.389758,
802.0,0.833333
802.000000,802.833333,803.666667,804.500000,805.333333,806.166667,807.000000,807.833333,808.666667,809.500000,810.333333,811.166667,812.000000,812.833333,813.666667,814.500000,815.333333,816.166667,817.000000,817.833333,818.666667,819.500000,820.333333,821.166667,822.000000,822.833333,823.666667,824.500000,825.333333,826.166667,827.000000,
20.745351,21.338320,21.927694,22.512639,23.092603,23.667192,24.236098,24.799065,25.355867,25.906308,26.450226,26.987510,27.518107,28.042045,28.559485,29.070712,29.576162,30.076514,30.572624,31.065537,31.556550,32.047078,32.538556,33.032349,33.529582,34.030892,34.536003,35.043881,35.552628,36.059072,36.560607,
-13.471435,-13.297195,-13.111373,-12.912128,-12.698773,-12.471246,-12.229823,-11.974963,-11.707198,-11.427103,-11.135277,-10.832334,-10.518890,-10.195560,-9.862948,-9.521632,-9.172129,-8.814851,-8.450098,-8.078019,-7.698510,-7.311284,-6.915872,-6.511563,-6.097569,-5.673178,-5.237917,-4.791648,-4.334782,-3.868678,-3.394572,
803.0,0.800000
803.000000,803.800000,804.600000,805.400000,806.200000,807.000000,807.800000,808.600000,809.400000,810.200000,811.000000,811.800000,812.600000,813.400000,814.200000,815.000000,815.800000,816.600000,817.400000,818.200000,819.000000,819.800000,820.600000,821.400000,822.200000,823.000000,823.800000,824.600000,825.400000,826.200000,827.000000,
21.221807,21.788790,22.352233,22.911304,23.465456,24.014306,24.557571,25.095032,25.626523,26.151928,26.671195,27.184364,27.691569,28.193064,28.689286,29.180818,29.668404,30.153010,30.635732,31.117746,31.600287,32.084540,32.571528,33.061939,33.556061,34.053583,34.553209,35.052910,35.549940,36.040619,36.522095,
-13.333320,-13.155707,-12.967480,-12.766925,-12.553414,-12.326912,-12.087714,-11.836286,-11.573155,-11.298877,-11.014004,-10.719061,-10.414542,-10.100896,-9.778501,-9.447668,-9.108621,-8.761453,-8.406148,-8.042582,-7.670474,-7.289436,-6.898994,-6.498567,-6.087580,-5.665573,-5.232346,-4.788013,-4.333154,-3.869124,-3.397100,
804.0,0.766667
804.000000,804.766667,805.533333,806.300000,807.066667,807.833333,808.600000,809.366667,810.133333,810.900000,811.666667,812.433333,813.200000,813.966667,814.733333,815.500000,816.266667,817.033333,817.800000,818.566667,819.333333,820.100000,820.866667,821.633333,822.400000,823.166667,823.933333,824.700000,825.466667,826.233333,827.000000,
22.166576,22.704023,23.237880,23.767347,24.291939,24.811349,25.325378,25.833892,26.336797,26.834033,27.325578,27.811460,28.291761,28.766634,29.236338,29.701234,30.161794,30.618658,31.072587,31.524455,31.975273,32.426098,32.877962,33.331787,33.788293,34.247847,34.710207,35.174638,35.639889,36.104008,36.565426,
-13.030810,-12.840580,-12.640758,-12.429760,-12.207009,-11.972485,-11.726491,-11.469500,-11.202050,-10.924716,-10.638079,-10.342700,-10.039125,-9.727867,-9.409396,-9.084130,-8.752423,-8.414520,-8.070573,-7.720618,-7.364521,-7.002034,-6.632805,-6.256371,-5.872256,-5.480074,-5.079646,-4.671037,-4.254651,-3.831433,-3.402209,
805.0,0.733333
805.000000,805.733333,806.466667,807.200000,807.933333,808.666667,809.400000,810.133333,810.866667,811.600000,812.333333,813.066667,813.800000,814.533333,815.266667,816.000000,816.733333,817.466667,818.200000,818.933333,819.666667,820.400000,821.133333,821.866667,822.600000,823.333333,824.066667,824.800000,825.533333,826.266667,827.000000,
22.634643,23.146049,23.654000,24.157709,24.656690,25.150645,25.639386,26.122803,26.600842,27.073500,27.540831,28.002970,28.460131,28.912626,29.360910,29.805563,30.247290,30.686972,31.125591,31.564198,32.003888,32.445692,32.890464,33.338702,33.790507,34.245437,34.702202,35.158922,35.613212,36.062137,36.503494,
-12.866366,-12.674884,-12.474760,-12.264542,-12.043695,-11.812217,-11.570413,-11.318750,-11.057760,-10.788002,-10.510028,-10.224351,-9.931440,-9.631704,-9.325458,-9.012932,-8.694244,-8.369354,-8.038096,-7.700162,-7.355066,-7.002215,-6.640953,-6.270597,-5.890525,-5.500288,-5.099769,-4.689168,-4.269065,-3.840593,-3.404709,
806.0,0.700000
806.000000,806.700000,807.400000,808.100000,808.800000,809.500000,810.200000,810.900000,811.600000,812.300000,813.000000,813.700000,814.400000,815.100000,815.800000,816.500000,817.200000,817.900000,818.600000,819.300000,820.000000,820.700000,821.400000,822.100000,822.800000,823.500000,824.200000,824.900000,825.600000,826.300000,827.000000,
23.561574,24.043445,24.521947,24.996342,25.466206,25.931309,26.391540,26.846864,27.297291,27.742874,28.183701,28.619905,29.051663,29.479206,29.902846,30.322961,30.740007,31.154542,31.567195,31.978652,32.389662,32.800979,33.213309,33.627253,34.043257,34.461525,34.881880,35.303844,35.726641,36.149138,36.570436,
-12.511149,-12.310282,-12.101856,-11.884552,-11.657867,-11.421780,-11.176555,-10.922607,-10.660419,-10.390502,-10.113365,-9.829490,-9.539326,-9.243280,-8.941702,-8.634885,-8.323060,-8.006367,-7.684873,-7.358565,-7.027326,-6.690976,-6.349286,-6.001990,-5.648840,-5.289669,-4.924469,-4.553391,-4.176784,-3.795279,-3.409402,
807.0,0.666667
807.000000,807.666667,808.333333,809.000000,809.666667,810.333333,811.000000,811.666667,812.333333,813.000000,813.666667,814.333333,815.000000,815.666667,816.333333,817.000000,817.666667,818.333333,819.000000,819.666667,820.333333,821.000000,821.666667,822.333333,823.000000,823.666667,824.333333,825.000000,825.666667,826.333333,827.000000,
24.020228,24.476384,24.929318,25.378308,25.822944,26.263012,26.698427,27.129190,27.555370,27.977092,28.394534,28.807944,29.217632,29.623983,30.027474,30.428664,30.828183,31.226749,31.625124,32.024073,32.424336,32.826563,33.231235,33.638546,34.048393,34.460291,34.873217,35.285777,35.696303,36.102884,36.504122,
-12.320460,-12.120636,-11.914177,-11.699895,-11.477330,-11.246464,-11.007537,-10.760936,-10.507104,-10.246506,-9.979594,-9.706771,-9.428388,-9.144731,-8.855993,-8.562280,-8.263606,-7.959860,-7.650835,-7.336230,-7.015642,-6.688609,-6.354660,-6.013343,-5.664285,-5.307263,-4.942303,-4.569654,-4.189801,-3.803540,-3.411515,
808.0,0.633333
808.000000,808.633333,809.266667,809.900000,810.533333,811.166667,811.800000,812.433333,813.066667,813.700000,814.333333,814.966667,815.600000,816.233333,816.866667,817.500000,818.133333,818.766667,819.400000,820.033333,820.666667,821.300000,821.933333,822.566667,823.200000,823.833333,824.466667,825.100000,825.733333,826.366667,827.000000,
24.927455,25.354573,25.778723,26.199250,26.615796,27.028191,27.436388,27.840421,28.240376,28.636378,29.028588,29.417201,29.802444,30.184584,30.563931,30.940840,31.315707,31.688982,32.061147,32.432707,32.804185,33.176089,33.548883,33.922945,34.298551,34.675827,35.054677,35.434839,35.815891,36.197239,36.578422,
-11.913307,-11.707585,-11.496232,-11.278189,-11.053017,-10.820661,-10.581301,-10.335255,-10.082899,-9.824639,-9.560883,-9.292010,-9.018368,-8.740269,-8.457970,-8.171681,-7.881560,-7.587699,-7.290143,-6.988884,-6.683861,-6.374978,-6.062126,-5.745192,-5.424087,-5.098783,-4.769352,-4.435959,-4.098868,-3.758475,-3.415087,
809.0,0.600000
809.000000,809.600000,810.200000,810.800000,811.400000,812.000000,812.600000,813.200000,813.800000,814.400000,815.000000,815.600000,816.200000,816.800000,817.400000,818.000000,818.600000,819.200000,819.800000,820.400000,821.000000,821.600000,822.200000,822.800000,823.400000,824.000000,824.600000,825.200000,825.800000,826.400000,827.000000,
25.375872,25.777932,26.177176,26.572978,26.965006,27.353120,27.737310,28.117659,28.494314,28.867476,29.237393,29.604359,29.968713,30.330836,30.691162,31.050162,31.408342,31.766235,32.124380,32.483295,32.843448,33.205221,33.568867,33.934440,34.301784,34.670494,35.039824,35.408803,35.776297,36.141054,36.502178,
-11.697064,-11.494719,-11.287596,-11.074767,-10.855837,-10.630745,-10.399642,-10.162796,-9.920531,-9.673187,-9.421096,-9.164550,-8.903794,-8.639018,-8.370331,-8.097773,-7.821310,-7.540815,-7.256090,-6.966876,-6.672846,-6.373644,-6.068912,-5.758323,-5.441613,-5.118636,-4.789428,-4.454185,-4.113264,-3.767216,-3.416479,
810.0,0.566667
810.000000,810.566667,811.133333,811.700000,812.266667,812.833333,813.400000,813.966667,814.533333,815.100000,815.666667,816.233333,816.800000,817.366667,817.933333,818.500000,819.066667,819.633333,820.200000,820.766667,821.333333,821.900000,822.466667,823.033333,823.600000,824.166667,824.733333,825.300000,825.866667,826.433333,827.000000,
26.262005,26.635981,27.007524,27.376084,27.741364,28.103242,28.461706,28.816825,29.168718,29.517543,29.863486,30.206760,30.547597,30.886250,31.222998,31.558137,31.891983,32.224871,32.557148,32.889163,33.221263,33.553778,33.887005,34.221188,34.556508,34.893065,35.230848,35.569761,35.909627,36.250196,36.591269,
-11.239971,-11.035303,-10.826701,-10.613350,-10.394873,-10.171174,-9.942342,-9.708573,-9.470126,-9.227287,-8.980347,-8.729586,-8.475262,-8.217609,-7.956823,-7.693067,-7.426472,-7.157127,-6.885093,-6.610403,-6.333062,-6.053061,-5.770389,-5.485038,-5.197017,-4.906369,-4.613186,-4.317604,-4.019798,-3.719984,-3.418327,
811.0,0.533333
811.000000,811.533333,812.066667,812.600000,813.133333,813.666667,814.200000,814.733333,815.266667,815.800000,816.333333,816.866667,817.400000,817.933333,818.466667,819.000000,819.533333,820.066667,820.600000,821.133333,821.666667,822.200000,822.733333,823.266667,823.800000,824.333333,824.866667,825.400000,825.933333,826.466667,827.000000,
27.133597,27.480148,27.824715,28.166821,28.506193,28.842690,29.176268,29.506941,29.834762,30.159812,30.482188,30.801999,31.119366,31.434418,31.747301,32.058175,32.367219,32.674643,32.980683,33.285611,33.589744,33.893439,34.197099,34.501177,34.806165,35.112585,35.420983,35.731899,36.045826,36.363176,36.684201,
-10.751295,-10.546453,-10.338359,-10.126306,-9.909941,-9.689158,-9.464011,-9.234660,-9.001331,-8.764290,-8.523828,-8.280242,-8.033838,-7.784918,-7.533782,-7.280725,-7.026035,-6.769994,-6.512876,-6.254944,-5.996450,-5.737628,-5.478693,-5.219834,-4.961211,-4.702951,-4.445136,-4.187814,-3.930998,-3.674665,-3.418784,
812.0,0.500000
812.000000,812.500000,813.000000,813.500000,814.000000,814.500000,815.000000,815.500000,816.000000,816.500000,817.000000,817.500000,818.000000,818.500000,819.000000,819.500000,820.000000,820.500000,821.000000,821.500000,822.000000,822.500000,823.000000,823.500000,824.000000,824.500000,825.000000,825.500000,826.000000,826.500000,827.000000,
27.563889,27.886709,28.207704,28.526440,28.842685,29.156343,29.467414,29.775967,30.082115,30.386008,30.687817,30.987731,31.285955,31.582700,31.878192,32.172660,32.466340,32.759471,33.052292,33.345039,33.637939,33.931206,34.225034,34.519585,34.814993,35.111348,35.408691,35.707021,36.006302,36.306458,36.607428,
-10.495656,-10.297989,-10.097761,-9.894384,-9.687549,-9.477140,-9.263169,-9.045736,-8.824987,-8.601102,-8.374274,-8.144692,-7.912540,-7.677992,-7.441201,-7.202303,-6.961417,-6.718640,-6.474055,-6.227727,-5.979711,-5.730052,-5.478794,-5.225979,-4.971660,-4.715895,-4.458764,-4.200356,-3.940770,-3.680112,-3.418456,
813.0,0.466667
813.000000,813.466667,813.933333,814.400000,814.866667,815.333333,815.800000,816.266667,816.733333,817.200000,817.666667,818.133333,818.600000,819.066667,819.533333,820.000000,820.466667,820.933333,821.400000,821.866667,822.333333,822.800000,823.266667,823.733333,824.200000,824.666667,825.133333,825.600000,826.066667,826.533333,827.000000,
28.413484,28.710178,29.005474,29.299003,29.590537,29.879945,30.167171,30.452204,30.735071,31.015826,31.294539,31.571295,31.846195,32.119349,32.390884,32.660939,32.929675,33.197270,33.463932,33.729890,33.995411,34.260789,34.526353,34.792468,35.059525,35.327934,35.598121,35.870503,36.145459,36.423304,36.704229,
-9.963051,-9.768747,-9.572326,-9.373290,-9.171375,-8.966487,-8.758650,-8.547970,-8.334612,-8.118778,-7.900694,-7.680604,-7.458759,-7.235415,-7.010830,-6.785256,-6.558943,-6.332133,-6.105057,-5.877937,-5.650974,-5.424353,-5.198236,-4.972755,-4.748012,-4.524078,-4.300984,-4.078730,-3.857290,-3.636614,-3.416660,
814.0,0.433333
814.000000,814.433333,814.866667,815.300000,815.733333,816.166667,816.600000,817.033333,817.466667,817.900000,818.333333,818.766667,819.200000,819.633333,820.066667,820.500000,820.933333,821.366667,821.800000,822.233333,822.666667,823.100000,823.533333,823.966667,824.400000,824.833333,825.266667,825.700000,826.133333,826.566667,827.000000,
28.832843,29.106696,29.379320,29.650409,29.919788,30.187381,30.453185,30.717246,30.979650,31.240508,31.499954,31.758130,32.015192,32.271301,32.526620,32.781317,33.035559,33.289510,33.543333,33.797186,34.051217,34.305569,34.560368,34.815729,35.071747,35.328501,35.586044,35.844412,36.103619,36.363662,36.624532,
-9.686656,-9.501815,-9.315442,-9.127147,-8.936701,-8.743994,-8.548999,-8.351748,-8.152314,-7.950793,-7.747300,-7.541955,-7.334879,-7.126193,-6.916011,-6.704441,-6.491581,-6.277523,-6.062346,-5.846125,-5.628927,-5.410811,-5.191834,-4.972049,-4.751507,-4.530260,-4.308359,-4.085857,-3.862803,-3.639242,-3.415204,
815.0,0.400000
815.000000,815.400000,815.800000,816.200000,816.600000,817.000000,817.400000,817.800000,818.200000,818.600000,819.000000,819.400000,819.800000,820.200000,820.600000,821.000000,821.400000,821.800000,822.200000,822.600000,823.000000,823.400000,823.800000,824.200000,824.600000,825.000000,825.400000,825.800000,826.200000,826.600000,827.000000,
29.660943,29.910018,30.158155,30.405084,30.650625,30.894668,31.137154,31.378064,31.617407,31.855217,32.091547,32.326466,32.560058,32.792418,33.023656,33.253899,33.483283,33.711967,33.940124,34.167945,34.395644,34.623453,34.851623,35.080424,35.310141,35.541063,35.773484,36.007687,36.243921,36.482390,36.723216,
-9.115258,-8.937200,-8.757895,-8.577031,-8.394443,-8.210067,-8.023921,-7.836079,-7.646657,-7.455804,-7.263686,-7.070486,-6.876395,-6.681607,-6.486315,-6.290713,-6.094985,-5.899309,-5.703851,-5.508765,-5.314187,-5.120236,-4.927009,-4.734579,-4.542998,-4.352290,-4.162454,-3.973470,-3.785301,-3.597903,-3.411242,
816.0,0.366667
816.000000,816.366667,816.733333,817.100000,817.466667,817.833333,818.200000,818.566667,818.933333,819.300000,819.666667,820.033333,820.400000,820.766667,821.133333,821.500000,821.866667,822.233333,822.600000,822.966667,823.333333,823.700000,824.066667,824.433333,824.800000,825.166667,825.533333,825.900000,826.266667,826.633333,827.000000,
30.069838,30.297002,30.523454,30.749001,30.973530,31.196986,31.419358,31.640670,31.860973,32.080335,32.298841,32.516583,32.733664,32.950187,33.166261,33.381995,33.597498,33.812875,34.028230,34.243664,34.459271,34.675139,34.891351,35.107979,35.325088,35.542733,35.760957,35.979793,36.199264,36.419381,36.640150,
-8.820944,-8.654442,-8.487129,-8.318778,-8.149242,-7.978437,-7.806327,-7.632908,-7.458206,-7.282264,-7.105135,-6.926885,-6.747580,-6.567293,-6.386093,-6.204050,-6.021230,-5.837697,-5.653509,-5.468724,-5.283392,-5.097561,-4.911275,-4.724575,-4.537497,-4.350076,-4.162343,-3.974327,-3.786050,-3.597533,-3.408786,
817.0,0.333333
817.000000,817.333333,817.666667,818.000000,818.333333,818.666667,819.000000,819.333333,819.666667,820.000000,820.333333,820.666667,821.000000,821.333333,821.666667,822.000000,822.333333,822.666667,823.000000,823.333333,823.666667,824.000000,824.333333,824.666667,825.000000,825.333333,825.666667,826.000000,826.333333,826.666667,827.000000,
30.877837,31.081623,31.284793,31.487159,31.688592,31.889009,32.088367,32.286648,32.483864,32.680042,32.875229,33.069485,33.262882,33.455505,33.647449,33.838820,34.029734,34.220317,34.410704,34.601043,34.791489,34.982205,35.173365,35.365146,35.557729,35.751295,35.946019,36.142064,36.339572,36.538655,36.739377,
-8.216939,-8.060356,-7.903197,-7.745316,-7.586633,-7.427124,-7.266803,-7.105718,-6.943941,-6.781560,-6.618677,-6.455402,-6.291849,-6.128136,-5.964378,-5.800690,-5.637179,-5.473946,-5.311084,-5.148677,-4.986795,-4.825496,-4.664827,-4.504816,-4.345481,-4.186825,-4.028835,-3.871493,-3.714772,-3.558644,-3.403089,
818.0,0.300000
818.000000,818.300000,818.600000,818.900000,819.200000,819.500000,819.800000,820.100000,820.400000,820.700000,821.000000,821.300000,821.600000,821.900000,822.200000,822.500000,822.800000,823.100000,823.400000,823.700000,824.000000,824.300000,824.600000,824.900000,825.200000,825.500000,825.800000,826.100000,826.400000,826.700000,827.000000,
31.277202,31.459972,31.642420,31.824455,32.006017,32.187076,32.367623,32.547666,32.727227,32.906339,33.085043,33.263385,33.441417,33.619194,33.796772,33.974208,34.151559,34.328882,34.506231,34.683658,34.861213,35.038942,35.216889,35.395090,35.573582,35.752392,35.931544,36.111058,36.290947,36.471220,36.651880,
-7.908038,-7.764811,-7.621231,-7.477190,-7.332609,-7.187436,-7.041642,-6.895212,-6.748145,-6.600450,-6.452143,-6.303245,-6.153785,-6.003789,-5.853289,-5.702315,-5.550901,-5.399076,-5.246872,-5.094318,-4.941441,-4.788269,-4.634827,-4.481138,-4.327223,-4.173102,-4.018793,-3.864311,-3.709668,-3.554874,-3.399933,
819.0,0.266667
819.000000,819.266667,819.533333,819.800000,820.066667,820.333333,820.600000,820.866667,821.133333,821.400000,821.666667,821.933333,822.200000,822.466667,822.733333,823.000000,823.266667,823.533333,823.800000,824.066667,824.333333,824.600000,824.866667,825.133333,825.400000,825.666667,825.933333,826.200000,826.466667,826.733333,827.000000,
32.067448,32.228128,32.388438,32.548260,32.707513,32.866146,33.024133,33.181466,33.338157,33.494232,33.649728,33.804695,33.959189,34.113277,34.267029,34.420526,34.573849,34.727088,34.880335,35.033685,35.187236,35.341089,35.495343,35.650099,35.805456,35.961506,36.118339,36.276034,36.434656,36.594256,36.754862,
-7.278530,-7.147988,-7.017325,-6.886518,-6.755557,-6.624448,-6.493209,-6.361865,-6.230449,-6.099000,-5.967558,-5.836166,-5.704870,-5.573714,-5.442740,-5.311990,-5.181503,-5.051314,-4.921454,-4.791949,-4.662820,-4.534084,-4.405751,-4.277825,-4.150307,-4.023192,-3.896469,-3.770127,-3.644152,-3.518532,-3.393258,
820.0,0.233333
820.000000,820.233333,820.466667,820.700000,820.933333,821.166667,821.400000,821.633333,821.866667,822.100000,822.333333,822.566667,822.800000,823.033333,823.266667,823.500000,823.733333,823.966667,824.200000,824.433333,824.666667,824.900000,825.133333,825.366667,825.600000,825.833333,826.066667,826.300000,826.533333,826.766667,827.000000,
32.847643,32.986988,33.125887,33.264194,33.401807,33.538659,33.674715,33.809965,33.944422,34.078118,34.211102,34.343437,34.475199,34.606473,34.737357,34.867954,34.998374,35.128736,35.259162,35.389777,35.520710,35.652092,35.784053,35.916721,36.050221,36.184673,36.320186,36.456858,36.594770,36.733983,36.874530,
-6.636358,-6.519936,-6.403658,-6.287590,-6.171799,-6.056343,-5.941283,-5.826673,-5.712566,-5.599012,-5.486057,-5.373744,-5.262113,-5.151199,-5.041033,-4.931643,-4.823050,-4.715271,-4.608317,-4.502195,-4.396905,-4.292442,-4.188794,-4.085948,-3.983881,-3.882571,-3.781991,-3.682116,-3.582919,-3.484379,-3.386485,
821.0,0.200000
821.000000,821.200000,821.400000,821.600000,821.800000,822.000000,822.200000,822.400000,822.600000,822.800000,823.000000,823.200000,823.400000,823.600000,823.800000,824.000000,824.200000,824.400000,824.600000,824.800000,825.000000,825.200000,825.400000,825.600000,825.800000,826.000000,826.200000,826.400000,826.600000,826.800000,827.000000,
33.234509,33.353855,33.473047,33.592034,33.710782,33.829267,33.947480,34.065419,34.183090,34.300508,34.417694,34.534673,34.651476,34.768137,34.884692,35.001182,35.117649,35.234137,35.350689,35.467352,35.584171,35.701190,35.818454,35.936006,36.053885,36.172129,36.290773,36.409846,36.529372,36.649368,36.769843,
-6.311670,-6.210916,-6.110238,-6.009667,-5.909232,-5.808957,-5.708863,-5.608970,-5.509295,-5.409852,-5.310654,-5.211712,-5.113035,-5.014629,-4.916501,-4.818654,-4.721091,-4.623812,-4.526817,-4.430104,-4.333669,-4.237508,-4.141615,-4.045982,-3.950603,-3.855469,-3.760573,-3.665906,-3.571461,-3.477233,-3.383219,
