279.0,1.100000
279.000000,280.100000,281.200000,282.300000,283.400000,284.500000,285.600000,286.700000,287.800000,288.900000,290.000000,291.100000,292.200000,293.300000,294.400000,295.500000,296.600000,297.700000,298.800000,299.900000,301.000000,302.100000,303.200000,304.300000,305.400000,306.500000,307.600000,308.700000,309.800000,310.900000,312.000000,
-2.512247,-2.303634,-2.084605,-1.853791,-1.610682,-1.355155,-1.087260,-0.807099,-0.514748,-0.210265,0.106310,0.434970,0.775716,1.128551,1.493462,1.870418,2.259365,2.660193,3.072766,3.496937,3.932549,4.379491,4.837781,5.307724,5.789887,6.285228,6.795463,7.322678,7.869162,8.437360,9.029082,
-14.509482,-14.516122,-14.523102,-14.530473,-14.538258,-14.546471,-14.555120,-14.564212,-14.573758,-14.583771,-14.594265,-14.605261,-14.616778,-14.628842,-14.641483,-14.654733,-14.668632,-14.683230,-14.698584,-14.714758,-14.731835,-14.749903,-14.769052,-14.789375,-14.810952,-14.833836,-14.858015,-14.883434,-14.909979,-14.937438,-14.965628,
280.0,1.066667
280.000000,281.066667,282.133333,283.200000,284.266667,285.333333,286.400000,287.466667,288.533333,289.600000,290.666667,291.733333,292.800000,293.866667,294.933333,296.000000,297.066667,298.133333,299.200000,300.266667,301.333333,302.400000,303.466667,304.533333,305.600000,306.666667,307.733333,308.800000,309.866667,310.933333,312.000000,
-2.011246,-1.807388,-1.593760,-1.369048,-1.132756,-0.884765,-0.625121,-0.353924,-0.071246,0.222861,0.528363,0.845264,1.173575,1.513306,1.864445,2.226950,2.600736,2.985624,3.381381,3.787726,4.204312,4.630817,5.067066,5.513218,5.969808,6.437985,6.920110,7.419256,7.939099,8.484167,9.057959,
-14.525456,-14.531972,-14.538815,-14.546036,-14.553658,-14.561694,-14.570154,-14.579044,-14.588376,-14.598161,-14.608414,-14.619154,-14.630402,-14.642182,-14.654524,-14.667462,-14.681035,-14.695293,-14.710291,-14.726089,-14.742759,-14.760375,-14.779008,-14.798719,-14.819555,-14.841530,-14.864604,-14.888694,-14.913684,-14.939399,-14.965696,
281.0,1.033333
281.000000,282.033333,283.066667,284.100000,285.133333,286.166667,287.200000,288.233333,289.266667,290.300000,291.333333,292.366667,293.400000,294.433333,295.466667,296.500000,297.533333,298.566667,299.600000,300.633333,301.666667,302.700000,303.733333,304.766667,305.800000,306.833333,307.866667,308.900000,309.933333,310.966667,312.000000,
-2.011246,-1.811378,-1.602354,-1.382895,-1.152510,-0.911072,-0.658624,-0.395275,-0.121133,0.163695,0.459098,0.764958,1.081155,1.407561,1.744047,2.090508,2.446925,2.813448,3.190408,3.578417,3.978614,4.392473,4.821776,5.268760,5.735599,6.223852,6.733589,7.263384,7.809530,8.364014,8.919875,
-14.525456,-14.531844,-14.538538,-14.545587,-14.553014,-14.560834,-14.569053,-14.577681,-14.586725,-14.596197,-14.606106,-14.616466,-14.627290,-14.638591,-14.650386,-14.662694,-14.675540,-14.688961,-14.703006,-14.717744,-14.733280,-14.749743,-14.767292,-14.786127,-14.806463,-14.828498,-14.852378,-14.878183,-14.905864,-14.935128,-14.965696,
282.0,1.000000
282.000000,283.000000,284.000000,285.000000,286.000000,287.000000,288.000000,289.000000,290.000000,291.000000,292.000000,293.000000,294.000000,295.000000,296.000000,297.000000,298.000000,299.000000,300.000000,301.000000,302.000000,303.000000,304.000000,305.000000,306.000000,307.000000,308.000000,309.000000,310.000000,311.000000,312.000000,
-2.011246,-1.809208,-1.591605,-1.357617,-1.108019,-0.844115,-0.567376,-0.279152,0.019673,0.328488,0.646898,0.974782,1.312147,1.659063,2.015612,2.381865,2.757843,3.143462,3.538571,3.942957,4.356323,4.778372,5.208892,5.647884,6.095613,6.552791,7.020980,7.502290,7.999350,8.515534,9.053463,
-14.525456,-14.531915,-14.538888,-14.546410,-14.554466,-14.563024,-14.572050,-14.581510,-14.591390,-14.601685,-14.612399,-14.623548,-14.635154,-14.647245,-14.659857,-14.673030,-14.686809,-14.701245,-14.716394,-14.732314,-14.749066,-14.766707,-14.785288,-14.804839,-14.825373,-14.846872,-14.869270,-14.892471,-14.916361,-14.940804,-14.965696,
283.0,0.966667
283.000000,283.966667,284.933333,285.900000,286.866667,287.833333,288.800000,289.766667,290.733333,291.700000,292.666667,293.633333,294.600000,295.566667,296.533333,297.500000,298.466667,299.433333,300.400000,301.366667,302.333333,303.300000,304.266667,305.233333,306.200000,307.166667,308.133333,309.100000,310.066667,311.033333,312.000000,
-1.509972,-1.311140,-1.097924,-0.869452,-0.626352,-0.369779,-0.101068,0.178538,0.468201,0.767332,1.075540,1.392694,1.718784,2.053851,2.397939,2.751061,3.113153,3.483999,3.863280,4.250579,4.645348,5.047038,5.455228,5.869820,6.291136,6.720205,7.159390,7.611947,8.082002,8.574934,9.094932,
-14.541516,-14.547917,-14.554802,-14.562211,-14.570133,-14.578542,-14.587404,-14.596691,-14.606390,-14.616496,-14.627012,-14.637953,-14.649344,-14.661212,-14.673594,-14.686530,-14.700064,-14.714246,-14.729125,-14.744750,-14.761163,-14.778402,-14.796485,-14.815408,-14.835140,-14.855629,-14.876776,-14.898469,-14.920594,-14.943052,-14.965780,
284.0,0.933333
284.000000,284.933333,285.866667,286.800000,287.733333,288.666667,289.600000,290.533333,291.466667,292.400000,293.333333,294.266667,295.200000,296.133333,297.066667,298.000000,298.933333,299.866667,300.800000,301.733333,302.666667,303.600000,304.533333,305.466667,306.400000,307.333333,308.266667,309.200000,310.133333,311.066667,312.000000,
-1.509972,-1.313615,-1.103961,-0.880092,-0.642504,-0.392231,-0.130508,0.141480,0.422871,0.713007,1.011408,1.317819,1.632113,1.954247,2.284259,2.622250,2.968389,3.322952,3.686315,4.058984,4.441691,4.835301,5.240773,5.659171,6.091467,6.538299,6.999590,7.474598,7.961669,8.457600,8.959667,
-14.541516,-14.547836,-14.554605,-14.561863,-14.569603,-14.577803,-14.586433,-14.595467,-14.604889,-14.614690,-14.624870,-14.635434,-14.646398,-14.657778,-14.669599,-14.681891,-14.694689,-14.708041,-14.722003,-14.736643,-14.752047,-14.768310,-14.785537,-14.803838,-14.823318,-14.844057,-14.866087,-14.889393,-14.913896,-14.939412,-14.965780,
285.0,0.900000
285.000000,285.900000,286.800000,287.700000,288.600000,289.500000,290.400000,291.300000,292.200000,293.100000,294.000000,294.900000,295.800000,296.700000,297.600000,298.500000,299.400000,300.300000,301.200000,302.100000,303.000000,303.900000,304.800000,305.700000,306.600000,307.500000,308.400000,309.300000,310.200000,311.100000,312.000000,
-1.008441,-0.813884,-0.607132,-0.387235,-0.154557,0.090009,0.345362,0.610425,0.884395,1.166653,1.456736,1.754396,2.059500,2.371986,2.691854,3.019135,3.353889,3.696198,4.046185,4.404033,4.770043,5.144615,5.528279,5.921773,6.325952,6.741735,7.170092,7.611905,8.067795,8.537855,9.021991,
-14.557704,-14.564024,-14.570767,-14.577974,-14.585644,-14.593758,-14.602289,-14.611215,-14.620520,-14.630197,-14.640246,-14.650676,-14.661501,-14.672741,-14.684423,-14.696580,-14.709247,-14.722470,-14.736298,-14.750787,-14.765997,-14.781992,-14.798834,-14.816578,-14.835266,-14.854920,-14.875519,-14.897014,-14.919322,-14.942313,-14.965878,
286.0,0.866667
286.000000,286.866667,287.733333,288.600000,289.466667,290.333333,291.200000,292.066667,292.933333,293.800000,294.666667,295.533333,296.400000,297.266667,298.133333,299.000000,299.866667,300.733333,301.600000,302.466667,303.333333,304.200000,305.066667,305.933333,306.800000,307.666667,308.533333,309.400000,310.266667,311.133333,312.000000,
-1.008441,-0.814925,-0.610206,-0.393321,-0.164544,0.075321,0.325245,0.584192,0.851341,1.126021,1.407714,1.696112,1.991042,2.292456,2.600462,2.915289,3.237315,3.567135,3.905508,4.253375,4.611932,4.982478,5.366299,5.764547,6.178032,6.606873,7.049904,7.504914,7.968503,8.435489,8.901694,
-14.557704,-14.563991,-14.570668,-14.577777,-14.585321,-14.593282,-14.601637,-14.610363,-14.619442,-14.628863,-14.638620,-14.648716,-14.659156,-14.669955,-14.681131,-14.692714,-14.704739,-14.717258,-14.730335,-14.744049,-14.758502,-14.773808,-14.790094,-14.807495,-14.826138,-14.846127,-14.867514,-14.890296,-14.914404,-14.939652,-14.965878,
287.0,0.833333
287.000000,287.833333,288.666667,289.500000,290.333333,291.166667,292.000000,292.833333,293.666667,294.500000,295.333333,296.166667,297.000000,297.833333,298.666667,299.500000,300.333333,301.166667,302.000000,302.833333,303.666667,304.500000,305.333333,306.166667,307.000000,307.833333,308.666667,309.500000,310.333333,311.166667,312.000000,
-0.506669,-0.313638,-0.110433,0.103927,0.329286,0.564980,0.810118,1.063784,1.325234,1.593856,1.869169,2.150875,2.438794,2.732845,3.033054,3.339527,3.652452,3.972129,4.298945,4.633392,4.976108,5.327820,5.689310,6.061403,6.444858,6.840231,7.247674,7.666954,8.097341,8.537320,8.985594,
-14.574059,-14.580402,-14.587111,-14.594229,-14.601762,-14.609696,-14.618012,-14.626690,-14.635716,-14.645081,-14.654782,-14.664823,-14.675215,-14.685975,-14.697124,-14.708694,-14.720719,-14.733245,-14.746324,-14.760013,-14.774382,-14.789501,-14.805443,-14.822273,-14.840050,-14.858807,-14.878543,-14.899219,-14.920766,-14.943057,-14.965989,
288.0,0.800000
288.000000,288.800000,289.600000,290.400000,291.200000,292.000000,292.800000,293.600000,294.400000,295.200000,296.000000,296.800000,297.600000,298.400000,299.200000,300.000000,300.800000,301.600000,302.400000,303.200000,304.000000,304.800000,305.600000,306.400000,307.200000,308.000000,308.800000,309.600000,310.400000,311.200000,312.000000,
-0.506669,-0.313640,-0.111361,0.101123,0.323715,0.555819,0.796605,1.045202,1.300872,1.562995,1.831088,2.104864,2.384183,2.669056,2.959682,3.256415,3.559771,3.870489,4.189463,4.517723,4.856453,5.206860,5.570027,5.946748,6.337380,6.741565,7.157716,7.583308,8.014868,8.447664,8.878007,
-14.574059,-14.580403,-14.587084,-14.594145,-14.601591,-14.609413,-14.617591,-14.626104,-14.634936,-14.644075,-14.653513,-14.663251,-14.673294,-14.683655,-14.694357,-14.705429,-14.716912,-14.728864,-14.741353,-14.754460,-14.768288,-14.782948,-14.798556,-14.815232,-14.833085,-14.852198,-14.872603,-14.894288,-14.917181,-14.941127,-14.965989,
289.0,0.766667
289.000000,289.766667,290.533333,291.300000,292.066667,292.833333,293.600000,294.366667,295.133333,295.900000,296.666667,297.433333,298.200000,298.966667,299.733333,300.500000,301.266667,302.033333,302.800000,303.566667,304.333333,305.100000,305.866667,306.633333,307.400000,308.166667,308.933333,309.700000,310.466667,311.233333,312.000000,
-0.506669,-0.312570,-0.108626,0.106466,0.332890,0.570205,0.817643,1.074297,1.339282,1.611766,1.891030,2.176547,2.467945,2.765003,3.067696,3.376146,3.690606,4.011492,4.339322,4.674688,5.018244,5.370633,5.732401,6.103885,6.485148,6.875838,7.274922,7.680837,8.091489,8.504095,8.916507,
-14.574059,-14.580437,-14.587171,-14.594315,-14.601887,-14.609881,-14.618283,-14.627072,-14.636229,-14.645739,-14.655587,-14.665771,-14.676292,-14.687160,-14.698392,-14.710016,-14.722067,-14.734590,-14.747640,-14.761278,-14.775573,-14.790602,-14.806436,-14.823146,-14.840788,-14.859403,-14.878991,-14.899526,-14.920943,-14.943129,-14.965989,
290.0,0.733333
290.000000,290.733333,291.466667,292.200000,292.933333,293.666667,294.400000,295.133333,295.866667,296.600000,297.333333,298.066667,298.800000,299.533333,300.266667,301.000000,301.733333,302.466667,303.200000,303.933333,304.666667,305.400000,306.133333,306.866667,307.600000,308.333333,309.066667,309.800000,310.533333,311.266667,312.000000,
-0.004672,0.188541,0.389169,0.598124,0.815453,1.040762,1.273433,1.512786,1.758222,2.009231,2.265419,2.526569,2.792609,3.063612,3.339838,3.621694,3.909725,4.204649,4.507293,4.818549,5.139355,5.470594,5.812971,6.166848,6.532176,6.908304,7.293640,7.685904,8.082206,8.478952,8.873433,
-14.590621,-14.597059,-14.603783,-14.610833,-14.618220,-14.625939,-14.633975,-14.642313,-14.650938,-14.659840,-14.669014,-14.678461,-14.688190,-14.698216,-14.708564,-14.719268,-14.730370,-14.741929,-14.754010,-14.766690,-14.780057,-14.794202,-14.809220,-14.825199,-14.842213,-14.860314,-14.879510,-14.899775,-14.921042,-14.943188,-14.966113,
291.0,0.700000
291.000000,291.700000,292.400000,293.100000,293.800000,294.500000,295.200000,295.900000,296.600000,297.300000,298.000000,298.700000,299.400000,300.100000,300.800000,301.500000,302.200000,302.900000,303.600000,304.300000,305.000000,305.700000,306.400000,307.100000,307.800000,308.500000,309.200000,309.900000,310.600000,311.300000,312.000000,
-0.004672,0.189140,0.390804,0.601486,0.821440,1.050395,1.287793,1.532944,1.785161,2.043799,2.308306,2.578291,2.853501,3.133821,3.419318,3.710192,4.006761,4.309472,4.618846,4.935435,5.259784,5.592369,5.933506,6.283228,6.641259,7.006900,7.378827,7.755266,8.134069,8.512688,8.889238,
-14.590621,-14.597078,-14.603833,-14.610938,-14.618410,-14.626250,-14.634447,-14.642986,-14.651853,-14.661034,-14.670521,-14.680313,-14.690414,-14.700835,-14.711597,-14.722728,-14.734265,-14.746254,-14.758748,-14.771805,-14.785491,-14.799872,-14.815011,-14.830966,-14.847779,-14.865477,-14.884053,-14.903475,-14.923686,-14.944590,-14.966113,
292.0,0.666667
292.000000,292.666667,293.333333,294.000000,294.666667,295.333333,296.000000,296.666667,297.333333,298.000000,298.666667,299.333333,300.000000,300.666667,301.333333,302.000000,302.666667,303.333333,304.000000,304.666667,305.333333,306.000000,306.666667,307.333333,308.000000,308.666667,309.333333,310.000000,310.666667,311.333333,312.000000,
0.497534,0.689889,0.887951,1.092555,1.303873,1.521707,1.745667,1.975290,2.210157,2.449909,2.694280,2.943148,3.196513,3.454499,3.717383,3.985558,4.259517,4.539862,4.827249,5.122338,5.425758,5.738033,6.059494,6.390140,6.729621,7.077124,7.431177,7.789850,8.150866,8.511628,8.870247,
-14.607429,-14.613940,-14.620684,-14.627701,-14.635005,-14.642595,-14.650464,-14.658603,-14.667001,-14.675655,-14.684562,-14.693727,-14.703162,-14.712885,-14.722923,-14.733311,-14.744091,-14.755315,-14.767042,-14.779337,-14.792269,-14.805909,-14.820324,-14.835571,-14.851697,-14.868725,-14.886647,-14.905431,-14.925016,-14.945313,-14.966249,
293.0,0.633333
293.000000,293.633333,294.266667,294.900000,295.533333,296.166667,296.800000,297.433333,298.066667,298.700000,299.333333,299.966667,300.600000,301.233333,301.866667,302.500000,303.133333,303.766667,304.400000,305.033333,305.666667,306.300000,306.933333,307.566667,308.200000,308.833333,309.466667,310.100000,310.733333,311.366667,312.000000,
0.999933,1.191164,1.387422,1.589527,1.797714,2.011885,2.231751,2.456940,2.687087,2.921860,3.160979,3.404261,3.651601,3.902973,4.158451,4.418180,4.682373,4.951309,5.225310,5.504722,5.789894,6.081153,6.378765,6.682890,6.993561,7.310645,7.633770,7.962385,8.295793,8.633153,8.973840,
-14.624524,-14.631110,-14.637908,-14.644959,-14.652281,-14.659880,-14.667756,-14.675903,-14.684320,-14.693003,-14.701956,-14.711184,-14.720697,-14.730510,-14.740643,-14.751120,-14.761968,-14.773218,-14.784904,-14.797059,-14.809717,-14.822909,-14.836660,-14.850989,-14.865901,-14.881394,-14.897444,-14.914018,-14.931068,-14.948541,-14.966395,
294.0,0.600000
294.000000,294.600000,295.200000,295.800000,296.400000,297.000000,297.600000,298.200000,298.800000,299.400000,300.000000,300.600000,301.200000,301.800000,302.400000,303.000000,303.600000,304.200000,304.800000,305.400000,306.000000,306.600000,307.200000,307.800000,308.400000,309.000000,309.600000,310.200000,310.800000,311.400000,312.000000,
0.999933,1.189191,1.382598,1.580895,1.784351,1.992959,2.206559,2.424921,2.647835,2.875121,3.106668,3.342462,3.582578,3.827178,4.076531,4.330975,4.590907,4.856768,5.129001,5.408013,5.694124,5.987524,6.288212,6.595894,6.909984,7.229558,7.553238,7.879362,8.206094,8.531511,8.854268,
-14.624524,-14.631043,-14.637742,-14.644658,-14.651809,-14.659201,-14.666833,-14.674703,-14.682810,-14.691154,-14.699740,-14.708576,-14.717679,-14.727068,-14.736771,-14.746821,-14.757256,-14.768124,-14.779471,-14.791350,-14.803814,-14.816914,-14.830694,-14.845190,-14.860426,-14.876409,-14.893122,-14.910533,-14.928591,-14.947228,-14.966395,
295.0,0.566667
295.000000,295.566667,296.133333,296.700000,297.266667,297.833333,298.400000,298.966667,299.533333,300.100000,300.666667,301.233333,301.800000,302.366667,302.933333,303.500000,304.066667,304.633333,305.200000,305.766667,306.333333,306.900000,307.466667,308.033333,308.600000,309.166667,309.733333,310.300000,310.866667,311.433333,312.000000,
1.502509,1.689184,1.879488,2.074128,2.273402,2.477361,2.685902,2.898846,3.116003,3.337191,3.562260,3.791119,4.023733,4.260119,4.500360,4.744587,4.992969,5.245709,5.503022,5.765115,6.032165,6.304299,6.581566,6.863894,7.151090,7.442816,7.738546,8.037630,8.339334,8.642875,8.947701,
-14.641946,-14.648501,-14.655221,-14.662144,-14.669290,-14.676670,-14.684289,-14.692150,-14.700254,-14.708605,-14.717207,-14.726069,-14.735202,-14.744619,-14.754339,-14.764382,-14.774772,-14.785533,-14.796693,-14.808277,-14.820309,-14.832812,-14.845803,-14.859290,-14.873276,-14.887754,-14.902703,-14.918094,-14.933892,-14.950055,-14.966552,
296.0,0.533333
296.000000,296.533333,297.066667,297.600000,298.133333,298.666667,299.200000,299.733333,300.266667,300.800000,301.333333,301.866667,302.400000,302.933333,303.466667,304.000000,304.533333,305.066667,305.600000,306.133333,306.666667,307.200000,307.733333,308.266667,308.800000,309.333333,309.866667,310.400000,310.933333,311.466667,312.000000,
2.005245,2.187575,2.371734,2.558194,2.747258,2.939121,3.133905,3.331697,3.532567,3.736585,3.943830,4.154404,4.368428,4.586050,4.807444,5.032804,5.262341,5.496272,5.734812,5.978153,6.226451,6.479809,6.738251,7.001696,7.269950,7.542697,7.819464,8.099675,8.382701,8.667888,8.954782,
-14.659734,-14.666274,-14.672914,-14.679682,-14.686601,-14.693686,-14.700950,-14.708404,-14.716059,-14.723926,-14.732019,-14.740351,-14.748938,-14.757797,-14.766948,-14.776412,-14.786211,-14.796368,-14.806908,-14.817851,-14.829218,-14.841026,-14.853286,-14.866006,-14.879181,-14.892804,-14.906853,-14.921302,-14.936117,-14.951265,-14.966719,
297.0,0.500000
297.000000,297.500000,298.000000,298.500000,299.000000,299.500000,300.000000,300.500000,301.000000,301.500000,302.000000,302.500000,303.000000,303.500000,304.000000,304.500000,305.000000,305.500000,306.000000,306.500000,307.000000,307.500000,308.000000,308.500000,309.000000,309.500000,310.000000,310.500000,311.000000,311.500000,312.000000,
2.005245,2.183835,2.364863,2.548919,2.736344,2.927319,3.121919,3.320161,3.522040,3.727546,3.936679,4.149465,4.365952,4.586211,4.810339,5.038444,5.270638,5.507025,5.747685,5.992657,6.241916,6.495359,6.752788,7.013876,7.278178,7.545124,7.814003,8.084024,8.354378,8.624293,8.893257,
-14.659734,-14.666138,-14.672661,-14.679334,-14.686181,-14.693216,-14.700451,-14.707894,-14.715554,-14.723440,-14.731561,-14.739930,-14.748560,-14.757467,-14.766669,-14.776186,-14.786038,-14.796247,-14.806836,-14.817825,-14.829232,-14.841073,-14.853359,-14.866094,-14.879276,-14.892895,-14.906933,-14.921364,-14.936158,-14.951284,-14.966719,
298.0,0.466667
298.000000,298.466667,298.933333,299.400000,299.866667,300.333333,300.800000,301.266667,301.733333,302.200000,302.666667,303.133333,303.600000,304.066667,304.533333,305.000000,305.466667,305.933333,306.400000,306.866667,307.333333,307.800000,308.266667,308.733333,309.200000,309.666667,310.133333,310.600000,311.066667,311.533333,312.000000,
2.508126,2.680748,2.854586,3.030031,3.207382,3.386880,3.568723,3.753084,3.940122,4.129991,4.322841,4.518825,4.718099,4.920818,5.127137,5.337202,5.551143,5.769066,5.991045,6.217107,6.447217,6.681269,6.919078,7.160354,7.404713,7.651677,7.900664,8.151039,8.402162,8.653436,8.904469,
-14.677929,-14.684262,-14.690667,-14.697170,-14.703790,-14.710546,-14.717453,-14.724526,-14.731780,-14.739229,-14.746889,-14.754775,-14.762904,-14.771294,-14.779962,-14.788929,-14.798213,-14.807832,-14.817804,-14.828145,-14.838869,-14.849986,-14.861502,-14.873418,-14.885727,-14.898420,-14.911479,-14.924880,-14.938599,-14.952610,-14.966894,
299.0,0.433333
299.000000,299.433333,299.866667,300.300000,300.733333,301.166667,301.600000,302.033333,302.466667,302.900000,303.333333,303.766667,304.200000,304.633333,305.066667,305.500000,305.933333,306.366667,306.800000,307.233333,307.666667,308.100000,308.533333,308.966667,309.400000,309.833333,310.266667,310.700000,311.133333,311.566667,312.000000,
3.011135,3.177397,3.344754,3.513551,3.684046,3.856430,4.030855,4.207437,4.386274,4.567453,4.751050,4.937138,5.125790,5.317074,5.511058,5.707807,5.907379,6.109822,6.315172,6.523445,6.734635,6.948708,7.165596,7.385194,7.607359,7.831909,8.058627,8.287272,8.517603,8.749393,8.982494,
-14.696570,-14.702827,-14.709160,-14.715594,-14.722151,-14.728846,-14.735695,-14.742709,-14.749901,-14.757281,-14.764858,-14.772642,-14.780643,-14.788870,-14.797333,-14.806038,-14.814995,-14.824210,-14.833689,-14.843436,-14.853452,-14.863738,-14.874291,-14.885104,-14.896170,-14.907476,-14.919008,-14.930749,-14.942684,-14.954797,-14.967077,
300.0,0.400000
300.000000,300.400000,300.800000,301.200000,301.600000,302.000000,302.400000,302.800000,303.200000,303.600000,304.000000,304.400000,304.800000,305.200000,305.600000,306.000000,306.400000,306.800000,307.200000,307.600000,308.000000,308.400000,308.800000,309.200000,309.600000,310.000000,310.400000,310.800000,311.200000,311.600000,312.000000,
3.011135,3.170179,3.330662,3.493037,3.657639,3.824713,3.994443,4.166961,4.342372,4.520753,4.702162,4.886644,5.074231,5.264940,5.458771,5.655707,5.855703,6.058688,6.264551,6.473145,6.684267,6.897667,7.113038,7.330009,7.548159,7.767018,7.986073,8.204805,8.422722,8.639399,8.854569,
-14.696570,-14.702548,-14.708600,-14.714754,-14.721030,-14.727448,-14.734024,-14.740772,-14.747706,-14.754838,-14.762182,-14.769749,-14.777552,-14.785603,-14.793915,-14.802499,-14.811367,-14.820529,-14.829994,-14.839768,-14.849859,-14.860267,-14.870992,-14.882031,-14.893375,-14.905014,-14.916934,-14.929116,-14.941545,-14.954202,-14.967077,
301.0,0.366667
301.000000,301.366667,301.733333,302.100000,302.466667,302.833333,303.200000,303.566667,303.933333,304.300000,304.666667,305.033333,305.400000,305.766667,306.133333,306.500000,306.866667,307.233333,307.600000,307.966667,308.333333,308.700000,309.066667,309.433333,309.800000,310.166667,310.533333,310.900000,311.266667,311.633333,312.000000,
3.514257,3.664483,3.815604,3.967947,4.121783,4.277337,4.434802,4.594339,4.756088,4.920169,5.086682,5.255711,5.427322,5.601562,5.778455,5.958004,6.140185,6.324941,6.512185,6.701792,6.893594,7.087385,7.282915,7.479890,7.677977,7.876815,8.076017,8.275198,8.473997,8.672110,8.869349,
-14.715698,-14.721494,-14.727345,-14.733271,-14.739293,-14.745427,-14.751690,-14.758098,-14.764664,-14.771402,-14.778325,-14.785446,-14.792776,-14.800328,-14.808112,-14.816137,-14.824413,-14.832948,-14.841747,-14.850815,-14.860153,-14.869763,-14.879642,-14.889783,-14.900181,-14.910824,-14.921700,-14.932795,-14.944096,-14.955589,-14.967267,
302.0,0.333333
302.000000,302.333333,302.666667,303.000000,303.333333,303.666667,304.000000,304.333333,304.666667,305.000000,305.333333,305.666667,306.000000,306.333333,306.666667,307.000000,307.333333,307.666667,308.000000,308.333333,308.666667,309.000000,309.333333,309.666667,310.000000,310.333333,310.666667,311.000000,311.333333,311.666667,312.000000,
4.017475,4.158151,4.299615,4.442149,4.585974,4.731273,4.878188,5.026835,5.177306,5.329670,5.483981,5.640276,5.798578,5.958894,6.121218,6.285524,6.451775,6.619913,6.789862,6.961525,7.134785,7.309503,7.485520,7.662655,7.840708,8.019470,8.198718,8.378238,8.557831,8.737331,8.916639,
-14.735352,-14.740935,-14.746575,-14.752291,-14.758103,-14.764024,-14.770069,-14.776250,-14.782576,-14.789056,-14.795700,-14.802514,-14.809505,-14.816679,-14.824041,-14.831595,-14.839344,-14.847292,-14.855439,-14.863785,-14.872329,-14.881069,-14.890000,-14.899117,-14.908413,-14.917880,-14.927509,-14.937290,-14.947214,-14.957274,-14.967464,
303.0,0.300000
303.000000,303.300000,303.600000,303.900000,304.200000,304.500000,304.800000,305.100000,305.400000,305.700000,306.000000,306.300000,306.600000,306.900000,307.200000,307.500000,307.800000,308.100000,308.400000,308.700000,309.000000,309.300000,309.600000,309.900000,310.200000,310.500000,310.800000,311.100000,311.400000,311.700000,312.000000,
4.520772,4.650937,4.781754,4.913454,5.046217,5.180186,5.315469,5.452149,5.590287,5.729925,5.871089,6.013792,6.158035,6.303807,6.451087,6.599844,6.750037,6.901615,7.054518,7.208675,7.364005,7.520420,7.677819,7.836096,7.995138,8.154828,8.315048,8.475686,8.636641,8.797832,8.959209,
-14.755572,-14.760892,-14.766266,-14.771714,-14.777251,-14.782891,-14.788645,-14.794520,-14.800524,-14.806663,-14.812942,-14.819362,-14.825928,-14.832642,-14.839503,-14.846513,-14.853671,-14.860977,-14.868428,-14.876021,-14.883755,-14.891625,-14.899625,-14.907752,-14.915999,-14.924361,-14.932829,-14.941400,-14.950065,-14.958822,-14.967666,
304.0,0.266667
304.000000,304.266667,304.533333,304.800000,305.066667,305.333333,305.600000,305.866667,306.133333,306.400000,306.666667,306.933333,307.200000,307.466667,307.733333,308.000000,308.266667,308.533333,308.800000,309.066667,309.333333,309.600000,309.866667,310.133333,310.400000,310.666667,310.933333,311.200000,311.466667,311.733333,312.000000,
5.024134,5.142896,5.262144,5.382052,5.502757,5.624368,5.746966,5.870613,5.995354,6.121218,6.248224,6.376377,6.505676,6.636110,6.767663,6.900310,7.034022,7.168764,7.304496,7.441174,7.578749,7.717167,7.856373,7.996307,8.136907,8.278113,8.419862,8.562099,8.704773,8.847845,8.991292,
-14.776398,-14.781400,-14.786449,-14.791561,-14.796749,-14.802025,-14.807397,-14.812872,-14.818453,-14.824146,-14.829951,-14.835871,-14.841907,-14.848058,-14.854323,-14.860701,-14.867191,-14.873789,-14.880494,-14.887303,-14.894211,-14.901215,-14.908311,-14.915494,-14.922761,-14.930106,-14.937526,-14.945016,-14.952572,-14.960192,-14.967874,
305.0,0.233333
305.000000,305.233333,305.466667,305.700000,305.933333,306.166667,306.400000,306.633333,306.866667,307.100000,307.333333,307.566667,307.800000,308.033333,308.266667,308.500000,308.733333,308.966667,309.200000,309.433333,309.666667,309.900000,310.133333,310.366667,310.600000,310.833333,311.066667,311.300000,311.533333,311.766667,312.000000,
5.527544,5.634094,5.740974,5.848306,5.956187,6.064696,6.173895,6.283831,6.394540,6.506046,6.618366,6.731509,6.845478,6.960268,7.075873,7.192280,7.309474,7.427435,7.546143,7.665572,7.785697,7.906489,8.027919,8.149956,8.272570,8.395729,8.519406,8.643571,8.768202,8.893280,9.018796,
-14.797870,-14.802498,-14.807162,-14.811875,-14.816648,-14.821489,-14.826405,-14.831401,-14.836481,-14.841646,-14.846899,-14.852239,-14.857668,-14.863184,-14.868786,-14.874472,-14.880241,-14.886090,-14.892016,-14.898018,-14.904091,-14.910232,-14.916439,-14.922709,-14.929037,-14.935421,-14.941857,-14.948344,-14.954879,-14.961459,-14.968085,
306.0,0.200000
306.000000,306.200000,306.400000,306.600000,306.800000,307.000000,307.200000,307.400000,307.600000,307.800000,308.000000,308.200000,308.400000,308.600000,308.800000,309.000000,309.200000,309.400000,309.600000,309.800000,310.000000,310.200000,310.400000,310.600000,310.800000,311.000000,311.200000,311.400000,311.600000,311.800000,312.000000,
6.030985,6.124570,6.218360,6.312436,6.406861,6.501692,6.596971,6.692736,6.789014,6.885828,6.983193,7.081121,7.179620,7.278692,7.378339,7.478557,7.579343,7.680689,7.782586,7.885026,7.987995,8.091483,8.195475,8.299958,8.404919,8.510344,8.616221,8.722536,8.829282,8.936449,9.044034,
-14.820029,-14.824222,-14.828441,-14.832695,-14.836991,-14.841335,-14.845733,-14.850187,-14.854702,-14.859278,-14.863916,-14.868619,-14.873384,-14.878212,-14.883102,-14.888053,-14.893063,-14.898130,-14.903253,-14.908430,-14.913658,-14.918935,-14.924259,-14.929628,-14.935039,-14.940491,-14.945981,-14.951509,-14.957071,-14.962669,-14.968300,
313.0,1.966667
313.000000,314.966667,316.933333,318.900000,320.866667,322.833333,324.800000,326.766667,328.733333,330.700000,332.666667,334.633333,336.600000,338.566667,340.533333,342.500000,344.466667,346.433333,348.400000,350.366667,352.333333,354.300000,356.266667,358.233333,360.200000,362.166667,364.133333,366.100000,368.066667,370.033333,372.000000,
9.554613,10.660716,11.799407,12.974598,14.188510,15.441167,16.732023,18.060460,19.426173,20.828963,22.268733,23.745690,25.259771,26.809537,28.388426,29.988468,31.601292,33.218347,34.831315,36.432971,38.020163,39.591170,41.145834,42.688717,44.226080,45.766145,47.323155,48.910234,50.530072,52.145442,53.718576,
-14.997699,-15.063390,-15.136055,-15.217394,-15.308917,-15.412038,-15.528171,-15.658825,-15.805884,-15.971368,-16.157468,-16.366898,-16.602463,-16.866796,-17.161765,-17.488973,-17.849726,-18.244441,-18.673308,-19.136516,-19.634471,-20.167811,-20.737861,-21.348434,-22.004476,-22.712929,-23.487426,-24.341562,-25.282070,-26.288742,-27.340004,
314.0,1.933333
314.000000,315.933333,317.866667,319.800000,321.733333,323.666667,325.600000,327.533333,329.466667,331.400000,333.333333,335.266667,337.200000,339.133333,341.066667,343.000000,344.933333,346.866667,348.800000,350.733333,352.666667,354.600000,356.533333,358.466667,360.400000,362.333333,364.266667,366.200000,368.133333,370.066667,372.000000,
10.057729,11.168406,12.310572,13.487966,14.702667,15.954703,17.243554,18.568635,19.929649,21.326397,22.758765,24.226878,25.730580,27.268383,28.833943,30.419553,32.017109,33.618312,35.215114,36.800608,38.372072,39.928218,41.469128,42.998746,44.522079,46.044370,47.570728,49.105603,50.651046,52.200468,53.746860,
-15.026782,-15.095165,-15.170740,-15.255238,-15.350187,-15.457005,-15.577105,-15.711991,-15.863534,-16.033741,-16.224781,-16.439317,-16.680096,-16.949687,-17.249900,-17.582268,-17.948025,-18.347520,-18.780879,-19.248266,-19.750204,-20.287497,-20.861675,-21.476797,-22.137808,-22.850555,-23.623485,-24.464371,-25.375791,-26.340884,-27.342260,
315.0,1.900000
315.000000,316.900000,318.800000,320.700000,322.600000,324.500000,326.400000,328.300000,330.200000,332.100000,334.000000,335.900000,337.800000,339.700000,341.600000,343.500000,345.400000,347.300000,349.200000,351.100000,353.000000,354.900000,356.800000,358.700000,360.600000,362.500000,364.400000,366.300000,368.200000,370.100000,372.000000,
10.560732,11.675382,12.820438,13.999469,15.214419,16.465315,17.751667,19.072917,20.428777,21.819048,23.243602,24.702481,26.195437,27.720938,29.272845,30.843712,32.425697,34.010777,35.591195,37.160383,38.716043,40.257293,41.784364,43.300318,44.808655,46.311694,47.806845,49.291472,50.767693,52.255735,53.775390,
-15.056911,-15.128058,-15.206612,-15.294334,-15.392765,-15.503324,-15.627422,-15.766557,-15.922586,-16.097498,-16.293437,-16.513015,-16.758915,-17.033642,-17.338938,-17.676270,-18.046796,-18.450803,-18.888363,-19.359632,-19.865271,-20.406269,-20.984347,-21.603675,-22.269043,-22.985138,-23.755642,-24.583018,-25.466094,-26.391095,-27.344487,
316.0,1.866667
316.000000,317.866667,319.733333,321.600000,323.466667,325.333333,327.200000,329.066667,330.933333,332.800000,334.666667,336.533333,338.400000,340.266667,342.133333,344.000000,345.866667,347.733333,349.600000,351.466667,353.333333,355.200000,357.066667,358.933333,360.800000,362.666667,364.533333,366.400000,368.266667,370.133333,372.000000,
11.063605,12.181547,13.328825,14.508846,15.723421,16.972578,18.255854,19.572719,20.922896,22.306185,23.722438,25.171608,26.653347,28.166065,29.703834,31.259477,32.825486,34.394363,35.958900,37.512972,39.054219,40.581290,42.092843,43.586571,45.060381,46.513947,47.953346,49.386921,50.825091,52.283775,53.776696,
-15.088126,-15.162101,-15.243693,-15.334690,-15.436644,-15.550972,-15.679081,-15.822464,-15.982959,-16.162535,-16.363310,-16.587830,-16.838706,-17.118366,-17.428482,-17.770454,-18.145410,-18.553729,-18.995607,-19.471290,-19.981405,-20.526707,-21.108062,-21.726620,-22.383949,-23.082917,-23.830825,-24.634976,-25.498242,-26.406914,-27.346679,
317.0,1.833333
317.000000,318.833333,320.666667,322.500000,324.333333,326.166667,328.000000,329.833333,331.666667,333.500000,335.333333,337.166667,339.000000,340.833333,342.666667,344.500000,346.333333,348.166667,350.000000,351.833333,353.666667,355.500000,357.333333,359.166667,361.000000,362.833333,364.666667,366.500000,368.333333,370.166667,372.000000,
11.566334,12.686880,13.835708,15.016068,16.229641,17.476457,18.756077,20.067998,21.411951,22.787735,24.195184,25.634175,27.104271,28.603840,30.127159,31.667309,33.217055,34.769199,36.316855,37.854231,39.379270,40.890868,42.387706,43.866714,45.324514,46.758356,48.168097,49.556481,50.934251,52.338723,53.804914,
-15.120465,-15.197329,-15.282015,-15.376333,-15.481843,-15.599961,-15.732086,-15.879703,-16.044628,-16.228808,-16.434331,-16.663682,-16.919404,-17.203849,-17.518625,-17.865063,-18.244220,-18.656430,-19.101851,-19.580732,-20.093816,-20.642011,-21.226334,-21.848043,-22.508566,-23.209705,-23.954486,-24.745453,-25.582150,-26.453577,-27.348828,
318.0,1.800000
318.000000,319.800000,321.600000,323.400000,325.200000,327.000000,328.800000,330.600000,332.400000,334.200000,336.000000,337.800000,339.600000,341.400000,343.200000,345.000000,346.800000,348.600000,350.400000,352.200000,354.000000,355.800000,357.600000,359.400000,361.200000,363.000000,364.800000,366.600000,368.400000,370.200000,372.000000,
12.068901,13.191172,14.340614,15.520314,16.731889,17.975620,19.251402,20.559057,21.898540,23.269521,24.670505,26.096070,27.539625,28.994275,30.453204,31.910206,33.361222,34.809334,36.259386,37.715449,39.177035,40.642101,42.107533,43.567899,45.018174,46.457124,47.896827,49.350857,50.824882,52.294461,53.733926,
-15.153970,-15.233759,-15.321547,-15.419162,-15.528177,-15.650057,-15.786267,-15.938362,-16.108232,-16.297821,-16.508921,-16.742736,-17.000252,-17.282260,-17.589064,-17.920971,-18.278789,-18.665127,-19.083048,-19.535449,-20.024180,-20.550689,-21.116038,-21.720277,-22.363812,-23.049341,-23.787508,-24.589599,-25.461284,-26.387242,-27.350929,
319.0,1.766667
319.000000,320.766667,322.533333,324.300000,326.066667,327.833333,329.600000,331.366667,333.133333,334.900000,336.666667,338.433333,340.200000,341.966667,343.733333,345.500000,347.266667,349.033333,350.800000,352.566667,354.333333,356.100000,357.866667,359.633333,361.400000,363.166667,364.933333,366.700000,368.466667,370.233333,372.000000,
13.073486,14.196267,15.345160,16.523106,17.731604,18.970915,20.240929,21.541443,22.872307,24.233085,25.622279,27.034899,28.464888,29.905886,31.351516,32.795667,34.233183,35.662049,37.081173,38.489602,39.885969,41.269111,42.639023,43.999613,45.356288,46.715896,48.088892,49.484869,50.906718,52.334347,53.747028,
-15.224634,-15.310358,-15.404520,-15.509017,-15.625463,-15.755340,-15.900120,-16.061359,-16.240917,-16.440705,-16.662501,-16.907552,-17.176908,-17.471427,-17.791502,-18.137407,-18.509486,-18.908425,-19.334982,-19.789834,-20.273289,-20.785753,-21.328354,-21.904698,-22.519480,-23.178822,-23.892813,-24.671105,-25.517812,-26.417783,-27.354963,
320.0,1.733333
320.000000,321.733333,323.466667,325.200000,326.933333,328.666667,330.400000,332.133333,333.866667,335.600000,337.333333,339.066667,340.800000,342.533333,344.266667,346.000000,347.733333,349.466667,351.200000,352.933333,354.666667,356.400000,358.133333,359.866667,361.600000,363.333333,365.066667,366.800000,368.533333,370.266667,372.000000,
13.575472,14.697764,15.845158,17.020463,18.225077,19.459264,20.722931,22.015878,23.337892,24.688464,26.066069,27.465917,28.882202,30.308819,31.739636,33.168776,34.591277,36.005139,37.409271,38.802792,40.184668,41.554065,42.911014,44.258366,45.599958,46.940251,48.284909,49.639411,51.007376,52.386097,53.772064,
-15.261874,-15.350646,-15.448026,-15.555926,-15.675954,-15.809587,-15.958284,-16.123577,-16.307283,-16.511257,-16.737222,-16.986385,-17.259754,-17.558152,-17.881942,-18.231376,-18.606761,-19.008723,-19.437965,-19.895160,-20.380789,-20.895465,-21.440475,-22.019313,-22.636299,-23.296427,-24.006240,-24.771489,-25.593624,-26.459808,-27.356884,
321.0,1.700000
321.000000,322.700000,324.400000,326.100000,327.800000,329.500000,331.200000,332.900000,334.600000,336.300000,338.000000,339.700000,341.400000,343.100000,344.800000,346.500000,348.200000,349.900000,351.600000,353.300000,355.000000,356.700000,358.400000,360.100000,361.800000,363.500000,365.200000,366.900000,368.600000,370.300000,372.000000,
14.077232,15.197703,16.342283,17.513653,18.713121,19.940947,21.197052,22.481237,23.793231,25.132456,26.497364,27.883363,29.284892,30.696099,32.111097,33.524243,34.930778,36.328732,37.717022,39.094833,40.461373,41.816036,43.158824,44.491640,45.816976,47.137429,48.455388,49.773636,51.096523,52.433406,53.792663,
-15.300439,-15.392237,-15.492795,-15.604035,-15.727558,-15.864829,-16.017288,-16.186445,-16.374065,-16.581944,-16.811747,-17.064638,-17.341582,-17.643360,-17.970310,-18.322656,-18.700675,-19.104940,-19.536110,-19.994857,-20.481808,-20.997748,-21.544070,-22.124089,-22.741709,-23.400943,-24.105583,-24.858396,-25.658822,-26.495885,-27.358733,
322.0,1.666667
322.000000,323.666667,325.333333,327.000000,328.666667,330.333333,332.000000,333.666667,335.333333,337.000000,338.666667,340.333333,342.000000,343.666667,345.333333,347.000000,348.666667,350.333333,352.000000,353.666667,355.333333,357.000000,358.666667,360.333333,362.000000,363.666667,365.333333,367.000000,368.666667,370.333333,372.000000,
14.578751,15.696104,16.836590,18.002770,19.195865,20.416129,21.663495,22.937762,24.238603,25.565379,26.916523,28.287635,29.673396,31.068205,32.466421,33.862641,35.252307,36.633488,38.005114,39.366415,40.716765,42.055698,43.383147,44.700239,46.008396,47.308864,48.601983,49.888936,51.174654,52.475947,53.808499,
-15.340368,-15.435162,-15.538849,-15.653356,-15.780276,-15.921053,-16.077111,-16.249929,-16.441217,-16.652710,-16.886011,-17.142238,-17.422311,-17.726968,-18.056519,-18.411164,-18.791153,-19.197012,-19.629365,-20.088884,-20.576308,-21.092555,-21.639078,-22.218973,-22.835728,-23.492535,-24.191172,-24.932242,-25.713768,-26.526217,-27.360506,
323.0,1.633333
323.000000,324.633333,326.266667,327.900000,329.533333,331.166667,332.800000,334.433333,336.066667,337.700000,339.333333,340.966667,342.600000,344.233333,345.866667,347.500000,349.133333,350.766667,352.400000,354.033333,355.666667,357.300000,358.933333,360.566667,362.200000,363.833333,365.466667,367.100000,368.733333,370.366667,372.000000,
15.580997,16.693536,17.828419,18.988425,20.174936,21.388076,22.627296,23.891067,25.175262,26.474897,27.784745,29.099604,30.414521,31.725333,33.030267,34.328348,35.618862,36.901175,38.174889,39.440307,40.699844,41.956757,43.215011,44.480083,45.757821,47.053809,48.372369,49.715040,51.075344,52.422862,53.728667,
-15.424480,-15.525615,-15.636044,-15.757825,-15.892638,-16.041944,-16.207097,-16.389311,-16.589442,-16.808199,-17.046160,-17.303624,-17.580822,-17.878037,-18.195808,-18.534751,-18.895478,-19.278527,-19.684500,-20.114304,-20.569774,-21.053228,-21.567642,-22.117722,-22.708856,-23.346987,-24.039226,-24.791617,-25.605477,-26.467432,-27.363801,
324.0,1.600000
324.000000,325.600000,327.200000,328.800000,330.400000,332.000000,333.600000,335.200000,336.800000,338.400000,340.000000,341.600000,343.200000,344.800000,346.400000,348.000000,349.600000,351.200000,352.800000,354.400000,356.000000,357.600000,359.200000,360.800000,362.400000,364.000000,365.600000,367.200000,368.800000,370.400000,372.000000,
16.081693,17.188257,18.316246,19.468320,20.645764,21.848655,23.076412,24.327510,25.597970,26.882982,28.177452,29.476195,30.774272,32.067641,33.354954,34.635983,35.911467,37.184208,38.457398,39.733442,41.011786,42.290820,43.568425,44.841882,46.109028,47.370144,48.632944,49.906012,51.193342,52.482997,53.762109,
-15.468744,-15.572826,-15.686296,-15.811207,-15.949219,-16.101761,-16.270150,-16.455556,-16.658787,-16.880493,-17.121181,-17.381041,-17.660196,-17.958874,-18.277715,-18.617578,-18.979624,-19.365807,-19.778257,-20.218921,-20.688945,-21.189217,-21.720570,-22.283922,-22.880646,-23.513518,-24.189469,-24.915421,-25.694120,-26.514614,-27.365314,
325.0,1.566667
325.000000,326.566667,328.133333,329.700000,331.266667,332.833333,334.400000,335.966667,337.533333,339.100000,340.666667,342.233333,343.800000,345.366667,346.933333,348.500000,350.066667,351.633333,353.200000,354.766667,356.333333,357.900000,359.466667,361.033333,362.600000,364.166667,365.733333,367.300000,368.866667,370.433333,372.000000,
16.582082,17.681045,18.800537,19.943096,21.109902,22.300973,23.515686,24.752515,26.007662,27.276539,28.554289,29.835979,31.116917,32.393269,33.663727,34.928052,36.186918,37.442882,38.698862,39.957056,41.216983,42.477192,43.735799,44.990472,46.239399,47.482887,48.727564,49.980694,51.245264,52.509834,53.762258,
-15.514531,-15.621455,-15.737833,-15.865710,-16.006713,-16.162230,-16.333529,-16.521732,-16.727604,-16.951758,-17.194669,-17.456514,-17.737412,-18.037586,-18.357656,-18.698451,-19.061089,-19.447403,-19.859395,-20.298898,-20.767028,-21.264675,-21.792703,-22.352138,-22.944427,-23.572223,-24.241647,-24.958694,-25.725482,-26.531749,-27.366730,
326.0,1.533333
326.000000,327.533333,329.066667,330.600000,332.133333,333.666667,335.200000,336.733333,338.266667,339.800000,341.333333,342.866667,344.400000,345.933333,347.466667,349.000000,350.533333,352.066667,353.600000,355.133333,356.666667,358.200000,359.733333,361.266667,362.800000,364.333333,365.866667,367.400000,368.933333,370.466667,372.000000,
17.581878,18.671274,19.780273,20.911269,22.065317,23.242351,24.441682,25.661778,26.899042,28.149163,29.407616,30.669923,31.931840,33.189815,34.442268,35.688306,36.927228,38.158284,39.380702,40.593703,41.796503,42.988638,44.170679,45.346143,46.519740,47.697015,48.884968,50.089679,51.312839,52.543132,53.768838,
-15.610840,-15.724195,-15.847296,-15.982211,-16.130558,-16.293689,-16.472830,-16.669054,-16.883097,-17.115547,-17.366875,-17.637330,-17.927104,-18.236453,-18.565880,-18.915957,-19.287224,-19.680060,-20.094785,-20.531703,-20.991115,-21.473551,-21.980274,-22.514643,-23.080899,-23.683991,-24.330242,-25.025151,-25.770231,-26.555161,-27.369258,
327.0,1.500000
327.000000,328.500000,330.000000,331.500000,333.000000,334.500000,336.000000,337.500000,339.000000,340.500000,342.000000,343.500000,345.000000,346.500000,348.000000,349.500000,351.000000,352.500000,354.000000,355.500000,357.000000,358.500000,360.000000,361.500000,363.000000,364.500000,366.000000,367.500000,369.000000,370.500000,372.000000,
18.081252,19.159962,20.257415,21.375886,22.516332,23.678635,24.862070,26.065118,27.284364,28.515721,29.754904,30.997669,32.239996,33.478506,34.711612,35.938365,37.158003,38.369728,39.572741,40.766284,41.949721,43.122816,44.286447,45.444579,46.602383,47.765696,48.941241,50.134303,51.344793,52.557267,53.756297,
-15.661440,-15.777440,-15.903195,-16.040748,-16.191675,-16.357278,-16.538725,-16.737037,-16.952908,-17.186891,-17.439428,-17.710751,-18.001045,-18.310547,-18.639715,-18.989067,-19.359084,-19.750088,-20.162346,-20.596121,-21.051721,-21.529708,-22.031402,-22.560235,-23.120544,-23.717391,-24.357200,-25.045546,-25.783996,-26.562433,-27.370362,
328.0,1.466667
328.000000,329.466667,330.933333,332.400000,333.866667,335.333333,336.800000,338.266667,339.733333,341.200000,342.666667,344.133333,345.600000,347.066667,348.533333,350.000000,351.466667,352.933333,354.400000,355.866667,357.333333,358.800000,360.266667,361.733333,363.200000,364.666667,366.133333,367.600000,369.066667,370.533333,372.000000,
19.078872,20.145043,21.229060,22.333067,23.457916,24.603427,25.768834,26.952620,28.151525,29.361665,30.578960,31.799361,33.019032,34.234751,35.444973,36.648786,37.845539,39.034749,40.215972,41.388723,42.552334,43.706134,44.849609,45.982731,47.105840,48.219906,49.327472,50.432780,51.543706,52.677619,53.849955,
-15.767734,-15.890135,-16.022515,-16.166931,-16.324938,-16.497805,-16.686653,-16.892455,-17.115858,-17.357367,-17.617373,-17.896060,-18.193559,-18.510053,-18.845921,-19.201614,-19.577589,-19.974260,-20.392050,-20.831448,-21.293139,-21.777986,-22.287205,-22.822912,-23.387365,-23.982360,-24.608128,-25.263874,-25.947213,-26.651888,-27.372230,
329.0,1.433333
329.000000,330.433333,331.866667,333.300000,334.733333,336.166667,337.600000,339.033333,340.466667,341.900000,343.333333,344.766667,346.200000,347.633333,349.066667,350.500000,351.933333,353.366667,354.800000,356.233333,357.666667,359.100000,360.533333,361.966667,363.400000,364.833333,366.266667,367.700000,369.133333,370.566667,372.000000,
19.577085,20.629840,21.699620,22.788454,23.897105,25.025344,26.172381,27.336715,28.515263,29.704357,30.900149,32.098820,33.296753,34.490892,35.679698,36.862211,38.037710,39.205620,40.365417,41.516585,42.658573,43.790956,44.913707,46.027885,47.135090,48.237473,49.338308,50.441562,51.552174,52.677334,53.823005,
-15.823507,-15.948296,-16.083015,-16.229684,-16.389808,-16.564595,-16.755109,-16.962260,-17.186656,-17.428763,-17.688943,-17.967365,-18.264152,-18.579469,-18.913656,-19.267114,-19.640245,-20.033396,-20.446918,-20.881230,-21.336949,-21.814898,-22.316329,-22.843576,-23.399262,-23.985799,-24.604673,-25.256390,-25.939423,-26.647066,-27.372988,
330.0,1.400000
330.000000,331.400000,332.800000,334.200000,335.600000,337.000000,338.400000,339.800000,341.200000,342.600000,344.000000,345.400000,346.800000,348.200000,349.600000,351.000000,352.400000,353.800000,355.200000,356.600000,358.000000,359.400000,360.800000,362.200000,363.600000,365.000000,366.400000,367.800000,369.200000,370.600000,372.000000,
20.572239,21.609798,22.663521,23.735311,24.825833,25.934802,27.061393,28.204111,29.360019,30.525637,31.697316,32.871436,34.044570,35.213839,36.377794,37.535565,38.686562,39.830461,40.966983,42.095708,43.215764,44.326013,45.424990,46.510513,47.580467,48.633654,49.671546,50.698923,51.727754,52.788128,53.907126,
-15.940505,-16.071574,-16.212730,-16.365993,-16.532839,-16.714431,-16.911781,-17.125745,-17.356876,-17.605590,-17.872194,-18.156807,-18.459499,-18.780383,-19.119747,-19.477953,-19.855406,-20.252574,-20.669973,-21.108217,-21.568150,-22.050702,-22.556840,-23.087541,-23.643444,-24.224165,-24.826619,-25.446758,-26.080372,-26.723724,-27.374138,
331.0,1.366667
331.000000,332.366667,333.733333,335.100000,336.466667,337.833333,339.200000,340.566667,341.933333,343.300000,344.666667,346.033333,347.400000,348.766667,350.133333,351.500000,352.866667,354.233333,355.600000,356.966667,358.333333,359.700000,361.066667,362.433333,363.800000,365.166667,366.533333,367.900000,369.266667,370.633333,372.000000,
21.069147,22.090657,23.127548,24.181615,25.253441,26.342703,27.448556,28.569533,29.702865,30.845284,31.993364,33.143709,34.293103,35.438822,36.579415,37.713949,38.841740,39.962328,41.075305,42.180215,43.276388,44.363102,45.439680,46.505632,47.560786,48.605705,49.642797,50.676286,51.713894,52.771776,53.864121,
-16.001810,-16.134921,-16.278008,-16.433045,-16.601447,-16.784316,-16.982597,-17.197085,-17.428290,-17.676594,-17.942274,-18.225437,-18.526149,-18.844507,-19.180762,-19.535227,-19.908244,-20.300185,-20.711464,-21.142585,-21.594278,-22.067413,-22.563040,-23.082602,-23.627465,-24.198374,-24.794335,-25.413437,-26.052837,-26.707852,-27.374525,
332.0,1.333333
332.000000,333.333333,334.666667,336.000000,337.333333,338.666667,340.000000,341.333333,342.666667,344.000000,345.333333,346.666667,348.000000,349.333333,350.666667,352.000000,353.333333,354.666667,356.000000,357.333333,358.666667,360.000000,361.333333,362.666667,364.000000,365.333333,366.666667,368.000000,369.333333,370.666667,372.000000,
21.565587,22.569819,23.588669,24.623826,25.675796,26.744224,27.828251,28.926442,30.036194,31.154447,32.277995,33.403653,34.528398,35.649647,36.765921,37.876201,38.979697,40.075811,41.164037,42.243950,43.315251,44.377834,45.432026,46.479205,47.521242,48.560391,49.599505,50.641593,51.689519,52.745560,53.811255,
-16.065039,-16.199981,-16.344760,-16.501300,-16.670955,-16.854762,-17.053600,-17.268202,-17.499040,-17.746460,-18.010714,-18.291902,-18.590079,-18.905328,-19.237851,-19.587901,-19.955740,-20.341623,-20.745838,-21.168774,-21.611078,-22.073618,-22.557630,-23.065202,-23.598637,-24.160005,-24.750492,-25.370362,-26.018107,-26.688020,-27.374784,
333.0,1.300000
333.000000,334.300000,335.600000,336.900000,338.200000,339.500000,340.800000,342.100000,343.400000,344.700000,346.000000,347.300000,348.600000,349.900000,351.200000,352.500000,353.800000,355.100000,356.400000,357.700000,359.000000,360.300000,361.600000,362.900000,364.200000,365.500000,366.800000,368.100000,369.400000,370.700000,372.000000,
22.557002,23.543362,24.544249,25.560244,26.590370,27.632290,28.683129,29.739840,30.799430,31.859072,32.916358,33.969919,35.018864,36.062648,37.101214,38.134774,39.163822,40.189380,41.212636,42.234723,43.256461,44.278716,45.302811,46.331321,47.367186,48.413143,49.470975,50.540413,51.616296,52.681602,53.720650,
-16.197427,-16.338475,-16.489638,-16.652607,-16.828359,-17.017377,-17.219932,-17.436177,-17.666154,-17.909882,-18.167416,-18.438950,-18.724749,-19.025139,-19.340555,-19.671503,-20.018594,-20.382664,-20.764644,-21.165526,-21.586366,-22.028409,-22.493364,-22.984085,-23.503933,-24.056582,-24.646079,-25.275554,-25.945148,-26.647425,-27.374911,
334.0,1.266667
334.000000,335.266667,336.533333,337.800000,339.066667,340.333333,341.600000,342.866667,344.133333,345.400000,346.666667,347.933333,349.200000,350.466667,351.733333,353.000000,354.266667,355.533333,356.800000,358.066667,359.333333,360.600000,361.866667,363.133333,364.400000,365.666667,366.933333,368.200000,369.466667,370.733333,372.000000,
23.051944,24.019021,24.999775,25.994586,27.002336,28.020725,29.047028,30.078523,31.112914,32.148299,33.183466,34.218730,35.254919,36.292762,37.332205,38.372726,39.413282,40.451825,41.486089,42.514189,43.535530,44.550355,45.559959,46.567746,47.577776,48.593839,49.618308,50.651642,51.690346,52.721769,53.734178,
-16.266666,-16.409152,-16.561536,-16.725402,-16.901617,-17.090585,-17.292524,-17.507596,-17.735989,-17.977954,-18.233902,-18.504614,-18.790996,-19.093910,-19.413994,-19.751726,-20.107369,-20.480742,-20.871556,-21.279671,-21.705467,-22.149749,-22.613990,-23.101120,-23.614637,-24.158171,-24.735165,-25.348054,-25.996645,-26.674386,-27.374776,
335.0,1.233333
335.000000,336.233333,337.466667,338.700000,339.933333,341.166667,342.400000,343.633333,344.866667,346.100000,347.333333,348.566667,349.800000,351.033333,352.266667,353.500000,354.733333,355.966667,357.200000,358.433333,359.666667,360.900000,362.133333,363.366667,364.600000,365.833333,367.066667,368.300000,369.533333,370.766667,372.000000,
24.040216,24.986547,25.945782,26.918342,27.903223,28.898312,29.901044,30.908717,31.918695,32.928498,33.936006,34.939939,35.939435,36.933950,37.923399,38.907957,39.888058,40.864592,41.838621,42.811233,43.783412,44.756227,45.731100,46.710328,47.696387,48.691363,49.696096,50.709585,51.726993,52.734736,53.720516,
-16.411435,-16.559405,-16.717268,-16.886622,-17.068334,-17.262803,-17.470226,-17.690691,-17.924198,-18.170728,-18.430296,-18.703037,-18.989146,-19.288880,-19.602592,-19.930707,-20.273751,-20.632450,-21.007643,-21.400265,-21.811419,-22.242417,-22.694976,-23.171731,-23.675683,-24.209937,-24.777505,-25.380469,-26.018426,-26.685046,-27.374107,
336.0,1.200000
336.000000,337.200000,338.400000,339.600000,340.800000,342.000000,343.200000,344.400000,345.600000,346.800000,348.000000,349.200000,350.400000,351.600000,352.800000,354.000000,355.200000,356.400000,357.600000,358.800000,360.000000,361.200000,362.400000,363.600000,364.800000,366.000000,367.200000,368.400000,369.600000,370.800000,372.000000,
25.026233,25.951067,26.887962,27.837273,28.798002,29.768161,30.745360,31.727088,32.710926,33.694602,34.676155,35.654327,36.628189,37.597017,38.560298,39.517652,40.468845,41.413908,42.353132,43.287255,44.217966,45.147438,46.078192,47.013231,47.955472,48.907131,49.868594,50.838661,51.813639,52.784650,53.743811,
-16.564858,-16.718165,-16.881299,-17.055828,-17.242570,-17.441897,-17.653975,-17.878871,-18.116580,-18.367082,-18.630379,-18.906560,-19.195749,-19.498078,-19.813671,-20.142663,-20.485240,-20.841705,-21.212511,-21.598405,-22.000780,-22.421411,-22.862466,-23.326796,-23.817395,-24.336965,-24.887264,-25.468979,-26.080821,-26.717209,-27.372903,
337.0,1.166667
337.000000,338.166667,339.333333,340.500000,341.666667,342.833333,344.000000,345.166667,346.333333,347.500000,348.666667,349.833333,351.000000,352.166667,353.333333,354.500000,355.666667,356.833333,358.000000,359.166667,360.333333,361.500000,362.666667,363.833333,365.000000,366.166667,367.333333,368.500000,369.666667,370.833333,372.000000,
25.518355,26.421864,27.336719,28.263227,29.200396,30.146330,31.098756,32.055287,33.013617,33.971582,34.927320,35.879643,36.827719,37.771003,38.709371,39.642946,40.572105,41.497649,42.420586,43.342046,44.263283,45.185710,46.111042,47.041645,47.979885,48.927482,49.884421,50.848726,51.814905,52.769996,53.702529,
-16.644914,-16.799002,-16.962646,-17.137352,-17.323882,-17.522559,-17.733510,-17.956758,-18.192263,-18.439971,-18.699858,-18.972000,-19.256526,-19.553620,-19.863552,-20.186661,-20.523381,-20.874338,-21.240281,-21.622107,-22.020976,-22.438293,-22.875862,-23.336304,-23.822544,-24.337493,-24.883738,-25.462912,-26.074415,-26.712630,-27.372100,
338.0,1.133333
338.000000,339.133333,340.266667,341.400000,342.533333,343.666667,344.800000,345.933333,347.066667,348.200000,349.333333,350.466667,351.600000,352.733333,353.866667,355.000000,356.133333,357.266667,358.400000,359.533333,360.666667,361.800000,362.933333,364.066667,365.200000,366.333333,367.466667,368.600000,369.733333,370.866667,372.000000,
26.500747,27.381747,28.273286,29.175624,30.087804,31.008056,31.934270,32.864241,33.795849,34.727106,35.656278,36.582175,37.503885,38.420685,39.332080,40.237724,41.137455,42.031429,42.920091,43.804323,44.685877,45.566951,46.450042,47.338009,48.233530,49.138471,50.052706,50.974442,51.899466,52.818835,53.724762,
-16.811916,-16.970947,-17.139411,-17.318785,-17.509791,-17.712728,-17.927696,-18.154700,-18.393690,-18.644600,-18.907385,-19.182065,-19.468687,-19.767313,-20.078009,-20.400867,-20.736049,-21.083865,-21.444794,-21.819606,-22.209679,-22.616757,-23.042946,-23.490942,-23.963547,-24.463253,-24.991620,-25.549184,-26.134691,-26.743197,-27.370099,
339.0,1.100000
339.000000,340.100000,341.200000,342.300000,343.400000,344.500000,345.600000,346.700000,347.800000,348.900000,350.000000,351.100000,352.200000,353.300000,354.400000,355.500000,356.600000,357.700000,358.800000,359.900000,361.000000,362.100000,363.200000,364.300000,365.400000,366.500000,367.600000,368.700000,369.800000,370.900000,372.000000,
26.990984,27.850061,28.718982,29.597932,30.485921,31.381226,32.281816,33.185601,34.090647,34.995208,35.897878,36.797955,37.695120,38.589361,39.481078,40.370796,41.258954,42.145645,43.030836,43.914512,44.796833,45.678219,46.559599,47.442963,48.330510,49.223929,50.123362,51.027366,51.931922,52.827873,53.707178,
-16.898941,-17.058363,-17.226910,-17.405979,-17.596220,-17.797868,-18.010968,-18.235484,-18.471359,-18.718553,-18.977093,-19.247164,-19.529039,-19.823073,-20.129739,-20.449547,-20.782981,-21.130428,-21.492268,-21.868968,-22.261221,-22.669975,-23.096599,-23.543324,-24.012669,-24.507047,-25.028309,-25.577408,-26.153525,-26.752126,-27.368903,
340.0,1.066667
340.000000,341.066667,342.133333,343.200000,344.266667,345.333333,346.400000,347.466667,348.533333,349.600000,350.666667,351.733333,352.800000,353.866667,354.933333,356.000000,357.066667,358.133333,359.200000,360.266667,361.333333,362.400000,363.466667,364.533333,365.600000,366.666667,367.733333,368.800000,369.866667,370.933333,372.000000,
27.969460,28.805644,29.650918,30.505485,31.368455,32.238269,33.113075,33.990939,34.870006,35.748533,36.624982,37.498239,38.367420,39.231831,40.091015,40.944694,41.792804,42.635659,43.473886,44.308537,45.141448,45.974848,46.811191,47.653113,48.502957,49.362124,50.229889,51.103806,51.979133,52.846948,53.699658,
-17.080240,-17.244231,-17.417181,-17.600480,-17.794773,-18.000293,-18.217081,-18.445082,-18.684198,-18.934320,-19.195352,-19.467248,-19.749988,-20.043573,-20.348025,-20.663412,-20.989888,-21.327793,-21.677651,-22.040280,-22.417068,-22.809750,-23.220392,-23.651555,-24.105863,-24.585611,-25.092176,-25.625954,-26.185728,-26.767130,-27.366130,
341.0,1.033333
341.000000,342.033333,343.066667,344.100000,345.133333,346.166667,347.200000,348.233333,349.266667,350.300000,351.333333,352.366667,353.400000,354.433333,355.466667,356.500000,357.533333,358.566667,359.600000,360.633333,361.666667,362.700000,363.733333,364.766667,365.800000,366.833333,367.866667,368.900000,369.933333,370.966667,372.000000,
28.457667,29.271832,30.094405,30.925525,31.764296,32.609214,33.458519,34.310408,35.163219,36.015454,36.865897,37.713866,38.558997,39.401184,40.240664,41.077813,41.913018,42.746546,43.578667,44.409761,45.240496,46.071791,46.904910,47.741747,48.584139,49.433154,50.287968,51.146050,52.002432,52.847681,53.673772,
-17.174594,-17.338618,-17.511254,-17.693824,-17.886907,-18.090687,-18.305164,-18.530259,-18.765881,-19.011958,-19.268476,-19.535539,-19.813329,-20.102092,-20.402170,-20.713944,-21.037809,-21.374150,-21.723400,-22.086136,-22.463240,-22.855864,-23.265546,-23.694525,-24.145247,-24.619988,-25.120375,-25.647148,-26.199436,-26.773177,-27.364557,
342.0,1.000000
342.000000,343.000000,344.000000,345.000000,346.000000,347.000000,348.000000,349.000000,350.000000,351.000000,352.000000,353.000000,354.000000,355.000000,356.000000,357.000000,358.000000,359.000000,360.000000,361.000000,362.000000,363.000000,364.000000,365.000000,366.000000,367.000000,368.000000,369.000000,370.000000,371.000000,372.000000,
29.431939,30.223160,31.022107,31.828943,32.642866,33.462512,34.286265,35.112432,35.939388,36.765605,37.589722,38.410714,39.227757,40.040219,40.847725,41.650102,42.447421,43.240161,44.029121,44.815485,45.601092,46.388085,47.178719,47.975226,48.779430,49.592153,50.412130,51.236467,52.060281,52.875352,53.674855,
-17.370909,-17.539135,-17.715784,-17.902172,-18.098874,-18.306070,-18.523747,-18.751795,-18.990066,-19.238405,-19.496667,-19.764748,-20.042578,-20.330113,-20.627361,-20.934392,-21.251390,-21.578749,-21.917062,-22.267208,-22.630578,-23.008873,-23.404067,-23.818498,-24.254503,-24.714062,-25.198258,-25.707258,-26.239844,-26.792250,-27.361056,
343.0,0.966667
343.000000,343.966667,344.933333,345.900000,346.866667,347.833333,348.800000,349.766667,350.733333,351.700000,352.666667,353.633333,354.600000,355.566667,356.533333,357.500000,358.466667,359.433333,360.400000,361.366667,362.333333,363.300000,364.266667,365.233333,366.200000,367.166667,368.133333,369.100000,370.066667,371.033333,372.000000,
29.917971,30.686674,31.462054,32.244441,33.033393,33.828070,34.627468,35.430571,36.236498,37.044432,37.853585,38.663168,39.472382,40.280386,41.086263,41.889124,42.688221,43.483141,44.273737,45.060206,45.843307,46.624141,47.404078,48.184815,48.967975,49.754657,50.544760,51.337012,52.128457,52.913164,53.686049,
-17.472951,-17.640650,-17.816232,-18.001017,-18.195657,-18.400466,-18.615596,-18.841140,-19.077204,-19.323892,-19.581298,-19.849478,-20.128460,-20.418231,-20.718699,-21.029767,-21.351385,-21.683642,-22.026769,-22.381211,-22.747801,-23.127640,-23.522104,-23.932976,-24.362124,-24.811221,-25.281371,-25.772956,-26.285144,-26.814826,-27.359134,
344.0,0.933333
344.000000,344.933333,345.866667,346.800000,347.733333,348.666667,349.600000,350.533333,351.466667,352.400000,353.333333,354.266667,355.200000,356.133333,357.066667,358.000000,358.933333,359.866667,360.800000,361.733333,362.666667,363.600000,364.533333,365.466667,366.400000,367.333333,368.266667,369.200000,370.133333,371.066667,372.000000,
30.887747,31.633627,32.385937,33.144799,33.909490,34.678815,35.451360,36.225656,37.000306,37.774018,38.545666,39.314443,40.079757,40.841235,41.598812,42.352641,43.103087,43.850832,44.596736,45.341807,46.087204,46.834150,47.583849,48.337409,49.095648,49.858763,50.625741,51.394475,52.161401,52.920503,53.666804,
-17.685001,-17.856576,-18.035973,-18.224425,-18.422441,-18.630147,-18.847471,-19.074253,-19.310308,-19.555451,-19.809528,-20.072453,-20.344197,-20.624794,-20.914382,-21.213190,-21.521561,-21.840030,-22.169276,-22.510141,-22.863711,-23.231240,-23.614128,-24.013974,-24.432360,-24.870623,-25.329527,-25.809156,-26.308516,-26.824670,-27.354970,
345.0,0.900000
345.000000,345.900000,346.800000,347.700000,348.600000,349.500000,350.400000,351.300000,352.200000,353.100000,354.000000,354.900000,355.800000,356.700000,357.600000,358.500000,359.400000,360.300000,361.200000,362.100000,363.000000,363.900000,364.800000,365.700000,366.600000,367.500000,368.400000,369.300000,370.200000,371.100000,372.000000,
31.854367,32.575519,33.300678,34.029873,34.762649,35.498396,36.236426,36.976016,37.716446,38.456980,39.196862,39.935289,40.671470,41.404690,42.134405,42.860230,43.581990,44.299855,45.014269,45.725980,46.436198,47.146383,47.858143,48.573178,49.292956,50.018286,50.748633,51.482325,52.216307,52.945332,53.665051,
-17.907941,-18.082546,-18.264156,-18.453932,-18.652411,-18.859831,-19.076270,-19.301732,-19.536185,-19.779575,-20.031820,-20.292800,-20.562385,-20.840460,-21.126960,-21.421881,-21.725329,-22.037601,-22.359170,-22.690736,-23.033371,-23.388390,-23.757318,-24.141942,-24.544035,-24.965076,-25.405840,-25.866388,-26.345755,-26.841238,-27.350412,
346.0,0.866667
346.000000,346.866667,347.733333,348.600000,349.466667,350.333333,351.200000,352.066667,352.933333,353.800000,354.666667,355.533333,356.400000,357.266667,358.133333,359.000000,359.866667,360.733333,361.600000,362.466667,363.333333,364.200000,365.066667,365.933333,366.800000,367.666667,368.533333,369.400000,370.266667,371.133333,372.000000,
32.336452,33.036175,33.741028,34.451109,35.165812,35.884156,36.604987,37.327119,38.049465,38.771049,39.491066,40.208997,40.924524,41.637510,42.348052,43.056383,43.762821,44.467759,45.171645,45.874999,46.578445,47.282659,47.988335,48.696156,49.406593,50.119621,50.834251,51.548667,52.260056,52.964061,53.657159,
-18.023594,-18.197375,-18.378265,-18.567418,-18.765304,-18.972027,-19.187504,-19.411570,-19.644056,-19.884809,-20.133722,-20.390777,-20.656023,-20.929578,-21.211661,-21.502558,-21.802624,-22.112305,-22.432129,-22.762738,-23.104951,-23.459708,-23.828063,-24.211213,-24.610313,-25.026271,-25.459458,-25.909688,-26.375991,-26.856090,-27.347998,
347.0,0.833333
347.000000,347.833333,348.666667,349.500000,350.333333,351.166667,352.000000,352.833333,353.666667,354.500000,355.333333,356.166667,357.000000,357.833333,358.666667,359.500000,360.333333,361.166667,362.000000,362.833333,363.666667,364.500000,365.333333,366.166667,367.000000,367.833333,368.666667,369.500000,370.333333,371.166667,372.000000,
33.298093,33.972935,34.650953,35.332192,36.016283,36.702685,37.390772,38.079879,38.769339,39.458486,40.146659,40.833210,41.517532,42.199117,42.877631,43.552905,44.224964,44.894141,45.560997,46.226319,46.891204,47.556887,48.224615,48.895525,49.570442,50.249553,50.931869,51.615475,52.297446,52.973430,53.639943,
-18.263467,-18.439682,-18.622267,-18.812322,-19.010347,-19.216535,-19.430909,-19.653406,-19.883930,-20.122365,-20.368583,-20.622452,-20.883855,-21.152710,-21.429014,-21.712847,-22.004404,-22.304077,-22.612421,-22.930181,-23.258392,-23.598262,-23.951119,-24.318400,-24.701460,-25.101344,-25.518456,-25.952599,-26.402802,-26.866879,-27.342935,
348.0,0.800000
348.000000,348.800000,349.600000,350.400000,351.200000,352.000000,352.800000,353.600000,354.400000,355.200000,356.000000,356.800000,357.600000,358.400000,359.200000,360.000000,360.800000,361.600000,362.400000,363.200000,364.000000,364.800000,365.600000,366.400000,367.200000,368.000000,368.800000,369.600000,370.400000,371.200000,372.000000,
34.256255,34.906899,35.559992,36.215235,36.871923,37.529191,38.186133,38.841886,39.495747,40.147137,40.795615,41.440926,42.082968,42.721789,43.357643,43.990946,44.622278,45.252442,45.882376,46.513111,47.145753,47.781385,48.420947,49.065083,49.714041,50.367454,51.023920,51.681250,52.336479,52.985608,53.625535,
-18.515028,-18.693605,-18.878184,-19.069694,-19.268455,-19.474468,-19.687572,-19.907545,-20.134181,-20.367304,-20.606781,-20.852560,-21.104656,-21.363166,-21.628306,-21.900398,-22.179889,-22.467409,-22.763728,-23.069749,-23.386555,-23.715317,-24.057239,-24.413505,-24.785158,-25.172922,-25.576930,-25.996786,-26.431454,-26.878951,-27.337604,
349.0,0.766667
349.000000,349.766667,350.533333,351.300000,352.066667,352.833333,353.600000,354.366667,355.133333,355.900000,356.666667,357.433333,358.200000,358.966667,359.733333,360.500000,361.266667,362.033333,362.800000,363.566667,364.333333,365.100000,365.866667,366.633333,367.400000,368.166667,368.933333,369.700000,370.466667,371.233333,372.000000,
34.733991,35.362168,35.993911,36.629306,37.267912,37.908989,38.551652,39.194963,39.838023,40.479997,41.120146,41.757909,42.392864,43.024740,43.653478,44.279181,44.902124,45.522802,46.141864,46.760086,47.378390,47.997722,48.618943,49.242697,49.869300,50.498533,51.129279,51.759747,52.387496,53.009276,53.622576,
-18.645291,-18.821923,-19.004631,-19.194465,-19.391857,-19.596882,-19.809423,-20.029264,-20.256161,-20.489872,-20.730184,-20.976946,-21.230067,-21.489530,-21.755428,-22.027951,-22.307404,-22.594259,-22.889120,-23.192728,-23.506004,-23.829964,-24.165658,-24.514126,-24.876274,-25.252721,-25.643547,-26.048370,-26.466271,-26.895567,-27.334857,
350.0,0.733333
350.000000,350.733333,351.466667,352.200000,352.933333,353.666667,354.400000,355.133333,355.866667,356.600000,357.333333,358.066667,358.800000,359.533333,360.266667,361.000000,361.733333,362.466667,363.200000,363.933333,364.666667,365.400000,366.133333,366.866667,367.600000,368.333333,369.066667,369.800000,370.533333,371.266667,372.000000,
35.686692,36.288970,36.892797,37.497956,38.103941,38.710138,39.315900,39.920622,40.523820,41.125117,41.724255,42.321141,42.915808,43.508407,44.099236,44.688692,45.277253,45.865477,46.453966,47.043344,47.634240,48.227226,48.822753,49.421042,50.022018,50.625165,51.229256,51.832548,52.432831,53.027361,53.614067,
-18.914982,-19.092683,-19.275541,-19.464429,-19.659689,-19.861370,-20.069366,-20.283508,-20.503640,-20.729636,-20.961417,-21.198990,-21.442433,-21.691901,-21.947655,-22.210040,-22.479485,-22.756529,-23.041789,-23.335962,-23.639836,-23.954238,-24.279982,-24.617831,-24.968401,-25.332051,-25.708682,-26.097810,-26.498540,-26.909413,-27.329245,
351.0,0.700000
351.000000,351.700000,352.400000,353.100000,353.800000,354.500000,355.200000,355.900000,356.600000,357.300000,358.000000,358.700000,359.400000,360.100000,360.800000,361.500000,362.200000,362.900000,363.600000,364.300000,365.000000,365.700000,366.400000,367.100000,367.800000,368.500000,369.200000,369.900000,370.600000,371.300000,372.000000,
36.635592,37.210866,37.784832,38.357260,38.928063,39.497239,40.064837,40.630933,41.195615,41.758972,42.321093,42.882051,43.441927,44.000824,44.558893,45.116344,45.673472,46.230700,46.788537,47.347553,47.908370,48.471574,49.037614,49.606670,50.178612,50.752872,51.328223,51.902974,52.475064,53.042061,53.602168,
-19.197160,-19.375078,-19.556836,-19.743239,-19.934729,-20.131532,-20.333755,-20.541439,-20.754607,-20.973277,-21.197476,-21.427260,-21.662715,-21.903973,-22.151238,-22.404787,-22.664986,-22.932328,-23.207405,-23.490899,-23.783592,-24.086301,-24.399812,-24.724813,-25.061829,-25.411119,-25.772503,-26.145454,-26.529100,-26.922138,-27.323538,
352.0,0.666667
352.000000,352.666667,353.333333,354.000000,354.666667,355.333333,356.000000,356.666667,357.333333,358.000000,358.666667,359.333333,360.000000,360.666667,361.333333,362.000000,362.666667,363.333333,364.000000,364.666667,365.333333,366.000000,366.666667,367.333333,368.000000,368.666667,369.333333,370.000000,370.666667,371.333333,372.000000,
37.108575,37.661348,38.215065,38.769657,39.324888,39.880452,40.436015,40.991257,41.545909,42.099750,42.652602,43.204346,43.754914,44.304290,44.852528,45.399748,45.946137,46.491978,47.037611,47.583411,48.129775,48.677060,49.225517,49.775197,50.325918,50.877172,51.427964,51.976954,52.522514,53.062733,53.596201,
-19.343031,-19.518068,-19.697438,-19.881994,-20.072148,-20.268055,-20.469722,-20.677083,-20.890063,-21.108589,-21.332611,-21.562123,-21.797160,-22.037811,-22.284234,-22.536651,-22.795361,-23.060759,-23.333314,-23.613556,-23.902086,-24.199521,-24.506449,-24.823379,-25.150688,-25.488543,-25.836774,-26.194934,-26.562305,-26.937829,-27.320673,
353.0,0.633333
353.000000,353.633333,354.266667,354.900000,355.533333,356.166667,356.800000,357.433333,358.066667,358.700000,359.333333,359.966667,360.600000,361.233333,361.866667,362.500000,363.133333,363.766667,364.400000,365.033333,365.666667,366.300000,366.933333,367.566667,368.200000,368.833333,369.466667,370.100000,370.733333,371.366667,372.000000,
38.051531,38.578543,39.106185,39.634291,40.162545,40.690562,41.217930,41.744257,42.269206,42.792503,43.313944,43.833429,44.350941,44.866554,45.380449,45.892893,46.404228,46.914883,47.425329,47.936058,48.447551,48.960236,49.474419,49.990210,50.507492,51.025855,51.544471,52.062213,52.577736,53.089490,53.596347,
-19.644537,-19.819400,-19.998206,-20.181722,-20.370297,-20.564030,-20.762875,-20.966712,-21.175413,-21.388859,-21.606963,-21.829703,-22.057116,-22.289308,-22.526473,-22.768882,-23.016882,-23.270908,-23.531459,-23.799081,-24.074358,-24.357870,-24.650153,-24.951639,-25.262623,-25.583201,-25.913164,-26.252066,-26.599241,-26.953779,-27.314979,
354.0,0.600000
354.000000,354.600000,355.200000,355.800000,356.400000,357.000000,357.600000,358.200000,358.800000,359.400000,360.000000,360.600000,361.200000,361.800000,362.400000,363.000000,363.600000,364.200000,364.800000,365.400000,366.000000,366.600000,367.200000,367.800000,368.400000,369.000000,369.600000,370.200000,370.800000,371.400000,372.000000,
38.990363,39.490146,39.988636,40.485505,40.980545,41.473635,41.964712,42.453760,42.940810,43.425928,43.909224,44.390859,44.871042,45.350030,45.828147,46.305764,46.783297,47.261201,47.739946,48.219985,48.701719,49.185463,49.671385,50.159430,50.649311,51.140466,51.631959,52.122612,52.611090,53.095956,53.576195,
-19.959329,-20.132884,-20.309271,-20.489121,-20.672784,-20.860431,-21.052132,-21.247901,-21.447737,-21.651648,-21.859664,-22.071863,-22.288374,-22.509383,-22.735149,-22.965997,-23.202314,-23.444559,-23.693239,-23.948887,-24.212051,-24.483258,-24.762967,-25.051521,-25.349119,-25.655774,-25.971221,-26.294996,-26.626459,-26.964800,-27.309409,
355.0,0.566667
355.000000,355.566667,356.133333,356.700000,357.266667,357.833333,358.400000,358.966667,359.533333,360.100000,360.666667,361.233333,361.800000,362.366667,362.933333,363.500000,364.066667,364.633333,365.200000,365.766667,366.333333,366.900000,367.466667,368.033333,368.600000,369.166667,369.733333,370.300000,370.866667,371.433333,372.000000,
39.924943,40.398510,40.870912,41.341849,41.811127,42.278631,42.744295,43.208097,43.670042,44.130166,44.588528,45.045219,45.500355,45.954084,46.406588,46.858079,47.308797,47.759011,48.209006,48.659071,49.109485,49.560502,50.012320,50.465056,50.918733,51.373261,51.828401,52.283804,52.739049,53.193652,53.647263,
-20.287725,-20.459803,-20.634413,-20.812167,-20.993429,-21.178408,-21.367215,-21.559906,-21.756515,-21.957070,-22.161611,-22.370200,-22.582931,-22.799923,-23.021338,-23.247366,-23.478226,-23.714161,-23.955426,-24.202276,-24.454947,-24.713642,-24.978505,-25.249593,-25.526867,-25.810176,-26.099221,-26.393603,-26.692855,-26.996465,-27.304066,
356.0,0.533333
356.000000,356.533333,357.066667,357.600000,358.133333,358.666667,359.200000,359.733333,360.266667,360.800000,361.333333,361.866667,362.400000,362.933333,363.466667,364.000000,364.533333,365.066667,365.600000,366.133333,366.666667,367.200000,367.733333,368.266667,368.800000,369.333333,369.866667,370.400000,370.933333,371.466667,372.000000,
40.390598,40.838770,41.285853,41.731628,42.176004,42.618982,43.060621,43.501025,43.940326,44.378676,44.816239,45.253188,45.689704,46.125968,46.562167,46.998486,47.435106,47.872198,48.309911,48.748359,49.187600,49.627621,50.068316,50.509445,50.950638,51.391381,51.830980,52.268632,52.703483,53.134676,53.561628,
-20.457124,-20.623584,-20.792221,-20.963615,-21.138148,-21.316074,-21.497564,-21.682740,-21.871704,-22.064550,-22.261377,-22.462304,-22.667465,-22.877022,-23.091166,-23.310114,-23.534109,-23.763415,-23.998309,-24.239068,-24.485955,-24.739201,-24.998985,-25.265401,-25.538450,-25.818022,-26.103856,-26.395582,-26.692751,-26.994852,-27.301514,
357.0,0.500000
357.000000,357.500000,358.000000,358.500000,359.000000,359.500000,360.000000,360.500000,361.000000,361.500000,362.000000,362.500000,363.000000,363.500000,364.000000,364.500000,365.000000,365.500000,366.000000,366.500000,367.000000,367.500000,368.000000,368.500000,369.000000,369.500000,370.000000,370.500000,371.000000,371.500000,372.000000,
41.318557,41.739739,42.159817,42.578528,42.995725,43.411347,43.825395,44.237917,44.648992,45.058731,45.467265,45.874747,46.281345,46.687241,47.092630,47.497712,47.902688,48.307750,48.713078,49.118819,49.525079,49.931910,50.339292,50.747111,51.155158,51.563124,51.970576,52.377008,52.781881,53.184655,53.584964,
-20.806525,-20.970094,-21.135513,-21.303291,-21.473768,-21.647177,-21.823674,-22.003374,-22.186370,-22.372747,-22.562594,-22.756016,-22.953133,-23.154084,-23.359032,-23.568159,-23.781661,-23.999746,-24.222622,-24.450489,-24.683525,-24.921876,-25.165637,-25.414831,-25.669410,-25.929237,-26.194070,-26.463594,-26.737449,-27.015247,-27.296720,
358.0,0.466667
358.000000,358.466667,358.933333,359.400000,359.866667,360.333333,360.800000,361.266667,361.733333,362.200000,362.666667,363.133333,363.600000,364.066667,364.533333,365.000000,365.466667,365.933333,366.400000,366.866667,367.333333,367.800000,368.266667,368.733333,369.200000,369.666667,370.133333,370.600000,371.066667,371.533333,372.000000,
42.241943,42.635885,43.028902,43.420748,43.811273,44.200392,44.588071,44.974310,45.359140,45.742608,46.124781,46.505740,46.885575,47.264391,47.642297,48.019412,48.395860,48.771769,49.147263,49.522466,49.897488,50.272427,50.647359,51.022330,51.397353,51.772404,52.147414,52.522279,52.896871,53.271047,53.644703,
-21.170330,-21.330254,-21.491856,-21.655618,-21.821874,-21.990854,-22.162715,-22.337570,-22.515498,-22.696563,-22.880820,-23.068323,-23.259127,-23.453289,-23.650873,-23.851944,-24.056568,-24.264809,-24.476721,-24.692347,-24.911710,-25.134808,-25.361606,-25.592032,-25.825970,-26.063266,-26.303715,-26.547086,-26.793141,-27.041645,-27.292445,
359.0,0.433333
359.000000,359.433333,359.866667,360.300000,360.733333,361.166667,361.600000,362.033333,362.466667,362.900000,363.333333,363.766667,364.200000,364.633333,365.066667,365.500000,365.933333,366.366667,366.800000,367.233333,367.666667,368.100000,368.533333,368.966667,369.400000,369.833333,370.266667,370.700000,371.133333,371.566667,372.000000,
43.160624,43.526979,43.892543,44.257082,44.620434,44.982489,45.343173,45.702447,46.060291,46.416704,46.771699,47.125304,47.477558,47.828511,48.178228,48.526784,48.874267,49.220779,49.566437,49.911369,50.255717,50.599635,50.943284,51.286833,51.630454,51.974314,52.318571,52.663369,53.008826,53.355029,53.702023,
-21.548856,-21.704272,-21.861232,-22.020186,-22.181449,-22.345232,-22.511675,-22.680865,-22.852852,-23.027661,-23.205300,-23.385764,-23.569040,-23.755109,-23.943946,-24.135522,-24.329802,-24.526742,-24.726290,-24.928386,-25.132953,-25.339905,-25.549138,-25.760533,-25.973957,-26.189264,-26.406298,-26.624904,-26.844935,-27.066266,-27.288819,
360.0,0.400000
360.000000,360.400000,360.800000,361.200000,361.600000,362.000000,362.400000,362.800000,363.200000,363.600000,364.000000,364.400000,364.800000,365.200000,365.600000,366.000000,366.400000,366.800000,367.200000,367.600000,368.000000,368.400000,368.800000,369.200000,369.600000,370.000000,370.400000,370.800000,371.200000,371.600000,372.000000,
44.074474,44.412907,44.750617,45.087368,45.422984,45.757330,46.090307,46.421841,46.751881,47.080396,47.407366,47.732793,48.056688,48.379082,48.700020,49.019567,49.337808,49.654848,49.970816,50.285866,50.600177,50.913953,51.227423,51.540836,51.854463,52.168582,52.483475,52.799416,53.116648,53.435366,53.755688,
-21.942425,-22.092400,-22.243787,-22.396997,-22.552313,-22.709916,-22.869913,-23.032357,-23.197259,-23.364600,-23.534337,-23.706410,-23.880746,-24.057262,-24.235867,-24.416461,-24.598940,-24.783193,-24.969106,-25.156558,-25.345428,-25.535590,-25.726918,-25.919287,-26.112575,-26.306666,-26.501453,-26.696844,-26.892761,-27.089150,-27.285983,
361.0,0.366667
361.000000,361.366667,361.733333,362.100000,362.466667,362.833333,363.200000,363.566667,363.933333,364.300000,364.666667,365.033333,365.400000,365.766667,366.133333,366.500000,366.866667,367.233333,367.600000,367.966667,368.333333,368.700000,369.066667,369.433333,369.800000,370.166667,370.533333,370.900000,371.266667,371.633333,372.000000,
44.529547,44.840978,45.151872,45.462082,45.771520,46.080136,46.387918,46.694876,47.001038,47.306445,47.611147,47.915199,48.218657,48.521578,48.824017,49.126022,49.427636,49.728892,50.029814,50.330412,50.630682,50.930605,51.230146,51.529252,51.827853,52.125866,52.423193,52.719731,53.015380,53.310050,53.603686,
-22.144950,-22.285787,-22.427660,-22.570915,-22.715819,-22.862577,-23.011348,-23.162255,-23.315393,-23.470838,-23.628650,-23.788877,-23.951557,-24.116718,-24.284384,-24.454567,-24.627273,-24.802499,-24.980229,-25.160439,-25.343087,-25.528121,-25.715470,-25.905048,-26.096752,-26.290469,-26.486071,-26.683429,-26.882418,-27.082934,-27.284908,
362.0,0.333333
362.000000,362.333333,362.666667,363.000000,363.333333,363.666667,364.000000,364.333333,364.666667,365.000000,365.333333,365.666667,366.000000,366.333333,366.666667,367.000000,367.333333,367.666667,368.000000,368.333333,368.666667,369.000000,369.333333,369.666667,370.000000,370.333333,370.666667,371.000000,371.333333,371.666667,372.000000,
45.435907,45.718855,46.001339,46.283218,46.564396,46.844806,47.124412,47.403198,47.681163,47.958318,48.234686,48.510295,48.785178,49.059372,49.332917,49.605852,49.878218,50.150054,50.421396,50.692281,50.962741,51.232802,51.502489,51.771820,52.040809,52.309464,52.577787,52.845776,53.113425,53.380727,53.647676,
-22.561680,-22.695242,-22.829718,-22.965410,-23.102546,-23.241299,-23.381792,-23.524114,-23.668325,-23.814464,-23.962549,-24.112588,-24.264575,-24.418493,-24.574320,-24.732026,-24.891571,-25.052913,-25.216001,-25.380778,-25.547182,-25.715141,-25.884583,-26.055425,-26.227583,-26.400971,-26.575501,-26.751088,-26.927660,-27.105155,-27.283537,
363.0,0.300000
363.000000,363.300000,363.600000,363.900000,364.200000,364.500000,364.800000,365.100000,365.400000,365.700000,366.000000,366.300000,366.600000,366.900000,367.200000,367.500000,367.800000,368.100000,368.400000,368.700000,369.000000,369.300000,369.600000,369.900000,370.200000,370.500000,370.800000,371.100000,371.400000,371.700000,372.000000,
46.337114,46.591373,46.845192,47.098427,47.350972,47.602752,47.853720,48.103844,48.353114,48.601530,48.849104,49.095858,49.341821,49.587027,49.831517,50.075336,50.318533,50.561161,50.803273,51.044927,51.286182,51.527098,51.767734,52.008150,52.248406,52.488556,52.728652,52.968741,53.208861,53.449040,53.689295,
-22.994250,-23.119461,-23.245420,-23.372373,-23.500508,-23.629958,-23.760816,-23.893144,-24.026975,-24.162323,-24.299183,-24.437539,-24.577360,-24.718610,-24.861245,-25.005213,-25.150459,-25.296926,-25.444552,-25.593273,-25.743023,-25.893737,-26.045348,-26.197790,-26.351000,-26.504916,-26.659480,-26.814642,-26.970360,-27.126600,-27.283345,
364.0,0.266667
364.000000,364.266667,364.533333,364.800000,365.066667,365.333333,365.600000,365.866667,366.133333,366.400000,366.666667,366.933333,367.200000,367.466667,367.733333,368.000000,368.266667,368.533333,368.800000,369.066667,369.333333,369.600000,369.866667,370.133333,370.400000,370.666667,370.933333,371.200000,371.466667,371.733333,372.000000,
47.233037,47.458484,47.683492,47.907915,48.131643,48.354597,48.576724,48.797992,49.018387,49.237912,49.456580,49.674417,49.891457,50.107742,50.323322,50.538253,50.752595,50.966413,51.179777,51.392760,51.605437,51.817885,52.030182,52.242408,52.454638,52.666947,52.879404,53.092070,53.305000,53.518231,53.731785,
-23.442981,-23.558735,-23.675036,-23.792067,-23.909965,-24.028828,-24.148721,-24.269687,-24.391743,-24.514893,-24.639123,-24.764410,-24.890723,-25.018020,-25.146258,-25.275387,-25.405356,-25.536109,-25.667593,-25.799752,-25.932534,-26.065883,-26.199751,-26.334089,-26.468853,-26.604002,-26.739501,-26.875320,-27.011436,-27.147833,-27.284501,
365.0,0.233333
365.000000,365.233333,365.466667,365.700000,365.933333,366.166667,366.400000,366.633333,366.866667,367.100000,367.333333,367.566667,367.800000,368.033333,368.266667,368.500000,368.733333,368.966667,369.200000,369.433333,369.666667,369.900000,370.133333,370.366667,370.600000,370.833333,371.066667,371.300000,371.533333,371.766667,372.000000,
48.123549,48.320135,48.516301,48.711904,48.906837,49.101022,49.294408,49.486966,49.678684,49.869568,50.059636,50.248919,50.437456,50.625298,50.812500,50.999126,51.185242,51.370922,51.556241,51.741279,51.926116,52.110834,52.295514,52.480238,52.665083,52.850123,53.035428,53.221057,53.407061,53.593478,53.780327,
-23.908190,-24.013367,-24.118882,-24.224849,-24.331356,-24.438464,-24.546216,-24.654637,-24.763739,-24.873520,-24.983972,-25.095076,-25.206807,-25.319138,-25.432036,-25.545464,-25.659387,-25.773767,-25.888565,-26.003743,-26.119267,-26.235100,-26.351210,-26.467567,-26.584145,-26.700920,-26.817871,-26.934983,-27.052244,-27.169646,-27.287185,
366.0,0.200000
366.000000,366.200000,366.400000,366.600000,366.800000,367.000000,367.200000,367.400000,367.600000,367.800000,368.000000,368.200000,368.400000,368.600000,368.800000,369.000000,369.200000,369.400000,369.600000,369.800000,370.000000,370.200000,370.400000,370.600000,370.800000,371.000000,371.200000,371.400000,371.600000,371.800000,372.000000,
49.008520,49.176278,49.343673,49.510580,49.676904,49.842575,50.007548,50.171797,50.335313,50.498102,50.660183,50.821586,50.982352,51.142527,51.302166,51.461329,51.620082,51.778494,51.936636,52.094580,52.252403,52.410178,52.567980,52.725878,52.883943,53.042238,53.200822,53.359745,53.519048,53.678762,53.838903,
-24.390199,-24.483674,-24.577300,-24.671129,-24.765200,-24.859541,-24.954172,-25.049105,-25.144343,-25.239885,-25.335726,-25.431855,-25.528261,-25.624928,-25.721839,-25.818975,-25.916318,-26.013849,-26.111549,-26.209398,-26.307380,-26.405477,-26.503674,-26.601958,-26.700316,-26.798737,-26.897215,-26.995743,-27.094315,-27.192930,-27.291587,
