392.0,0.733333
392.000000,392.733333,393.466667,394.200000,394.933333,395.666667,396.400000,397.133333,397.866667,398.600000,399.333333,400.066667,400.800000,401.533333,402.266667,403.000000,403.733333,404.466667,405.200000,405.933333,406.666667,407.400000,408.133333,408.866667,409.600000,410.333333,411.066667,411.800000,412.533333,413.266667,414.000000,
-17.335318,-16.921401,-16.511967,-16.107439,-15.707663,-15.312150,-14.920235,-14.531185,-14.144281,-13.758848,-13.374283,-12.990114,-12.605974,-12.221597,-11.836850,-11.451704,-11.066224,-10.680598,-10.295105,-9.910111,-9.526090,-9.143581,-8.763167,-8.385461,-8.011052,-7.640443,-7.273958,-6.911747,-6.553728,-6.199476,-5.848592,
-13.872719,-13.900036,-13.926430,-13.951776,-13.976054,-13.999305,-14.021601,-14.043029,-14.063674,-14.083619,-14.102940,-14.121697,-14.139943,-14.157721,-14.175063,-14.191993,-14.208528,-14.224682,-14.240460,-14.255868,-14.270907,-14.285575,-14.299874,-14.313805,-14.327371,-14.340582,-14.353455,-14.366014,-14.378289,-14.390319,-14.402134,
393.0,0.700000
393.000000,393.700000,394.400000,395.100000,395.800000,396.500000,397.200000,397.900000,398.600000,399.300000,400.000000,400.700000,401.400000,402.100000,402.800000,403.500000,404.200000,404.900000,405.600000,406.300000,407.000000,407.700000,408.400000,409.100000,409.800000,410.500000,411.200000,411.900000,412.600000,413.300000,414.000000,
-16.850003,-16.456694,-16.067372,-15.682452,-15.301829,-14.925096,-14.551679,-14.180933,-13.812220,-13.444930,-13.078515,-12.712533,-12.346628,-11.980532,-11.614090,-11.247234,-10.879977,-10.512441,-10.144823,-9.777403,-9.410558,-9.044737,-8.680446,-8.318253,-7.958748,-7.602499,-7.250013,-6.901704,-6.557842,-6.218466,-5.883531,
-13.904647,-13.929690,-13.953943,-13.977290,-13.999708,-14.021225,-14.041899,-14.061802,-14.081006,-14.099584,-14.117599,-14.135108,-14.152157,-14.168784,-14.185019,-14.200886,-14.216401,-14.231578,-14.246424,-14.260948,-14.275153,-14.289045,-14.302627,-14.315906,-14.328892,-14.341597,-14.354041,-14.366244,-14.378234,-14.390040,-14.401682,
394.0,0.666667
394.000000,394.666667,395.333333,396.000000,396.666667,397.333333,398.000000,398.666667,399.333333,400.000000,400.666667,401.333333,402.000000,402.666667,403.333333,404.000000,404.666667,405.333333,406.000000,406.666667,407.333333,408.000000,408.666667,409.333333,410.000000,410.666667,411.333333,412.000000,412.666667,413.333333,414.000000,
-16.363933,-15.990996,-15.621582,-15.256094,-14.894472,-14.536381,-14.181330,-13.828755,-13.478090,-13.128787,-12.780342,-12.432340,-12.084435,-11.736354,-11.387922,-11.039035,-10.689669,-10.339886,-9.989826,-9.639706,-9.289838,-8.940611,-8.592486,-8.246012,-7.901789,-7.560443,-7.222612,-6.888895,-6.559800,-6.235667,-5.916682,
-13.935464,-13.958375,-13.980615,-14.002078,-14.022737,-14.042610,-14.061743,-14.080194,-14.098024,-14.115294,-14.132059,-14.148369,-14.164265,-14.179783,-14.194950,-14.209788,-14.224315,-14.238545,-14.252489,-14.266155,-14.279552,-14.292688,-14.305572,-14.318213,-14.330625,-14.342821,-14.354820,-14.366642,-14.378308,-14.389840,-14.401253,
395.0,0.633333
395.000000,395.633333,396.266667,396.900000,397.533333,398.166667,398.800000,399.433333,400.066667,400.700000,401.333333,401.966667,402.600000,403.233333,403.866667,404.500000,405.133333,405.766667,406.400000,407.033333,407.666667,408.300000,408.933333,409.566667,410.200000,410.833333,411.466667,412.100000,412.733333,413.366667,414.000000,
-15.877122,-15.523667,-15.172118,-14.822610,-14.475004,-14.129014,-13.784286,-13.440449,-13.097175,-12.754184,-12.411261,-12.068283,-11.725211,-11.382084,-11.039051,-10.696339,-10.354255,-10.013198,-9.673626,-9.336041,-9.000979,-8.668967,-8.340485,-8.015906,-7.695473,-7.379229,-7.066929,-6.758095,-6.452043,-6.147852,-5.844816,
-13.965210,-13.986153,-14.006583,-14.026415,-14.045623,-14.064217,-14.082227,-14.099693,-14.116659,-14.133165,-14.149250,-14.164949,-14.180286,-14.195286,-14.209963,-14.224328,-14.238385,-14.252135,-14.265574,-14.278696,-14.291491,-14.303950,-14.316062,-14.327822,-14.339224,-14.350273,-14.360979,-14.371361,-14.381446,-14.391266,-14.400846,
396.0,0.600000
396.000000,396.600000,397.200000,397.800000,398.400000,399.000000,399.600000,400.200000,400.800000,401.400000,402.000000,402.600000,403.200000,403.800000,404.400000,405.000000,405.600000,406.200000,406.800000,407.400000,408.000000,408.600000,409.200000,409.800000,410.400000,411.000000,411.600000,412.200000,412.800000,413.400000,414.000000,
-15.389586,-15.056320,-14.724655,-14.394733,-14.066466,-13.739640,-13.413973,-13.089167,-12.764946,-12.441071,-12.117350,-11.793666,-11.469963,-11.146252,-10.822626,-10.499244,-10.176330,-9.854179,-9.533138,-9.213592,-8.895965,-8.580685,-8.268162,-7.958754,-7.652749,-7.350319,-7.051470,-6.756067,-6.463837,-6.174350,-5.887264,
-13.993925,-14.012982,-14.031614,-14.049744,-14.067346,-14.084421,-14.100992,-14.117089,-14.132744,-14.147994,-14.162869,-14.177398,-14.191604,-14.205507,-14.219122,-14.232459,-14.245525,-14.258323,-14.270854,-14.283114,-14.295103,-14.306816,-14.318250,-14.329406,-14.340285,-14.350894,-14.361246,-14.371357,-14.381249,-14.390944,-14.400461,
397.0,0.566667
397.000000,397.566667,398.133333,398.700000,399.266667,399.833333,400.400000,400.966667,401.533333,402.100000,402.666667,403.233333,403.800000,404.366667,404.933333,405.500000,406.066667,406.633333,407.200000,407.766667,408.333333,408.900000,409.466667,410.033333,410.600000,411.166667,411.733333,412.300000,412.866667,413.433333,414.000000,
-14.901343,-14.588257,-14.276511,-13.966244,-13.657410,-13.349846,-13.043333,-12.737625,-12.432492,-12.127723,-11.823145,-11.518636,-11.214125,-10.909593,-10.605085,-10.300699,-9.996587,-9.692963,-9.390088,-9.088263,-8.787831,-8.489156,-8.192612,-7.898563,-7.607348,-7.319254,-7.034485,-6.753163,-6.475322,-6.200879,-5.929742,
-14.021650,-14.038931,-14.055863,-14.072379,-14.088451,-14.104076,-14.119268,-14.134048,-14.148444,-14.162483,-14.176189,-14.189588,-14.202701,-14.215544,-14.228132,-14.240477,-14.252588,-14.264469,-14.276126,-14.287561,-14.298777,-14.309775,-14.320559,-14.331133,-14.341503,-14.351678,-14.361669,-14.371491,-14.381160,-14.390691,-14.400097,
398.0,0.533333
398.000000,398.533333,399.066667,399.600000,400.133333,400.666667,401.200000,401.733333,402.266667,402.800000,403.333333,403.866667,404.400000,404.933333,405.466667,406.000000,406.533333,407.066667,407.600000,408.133333,408.666667,409.200000,409.733333,410.266667,410.800000,411.333333,411.866667,412.400000,412.933333,413.466667,414.000000,
-14.412408,-14.119522,-13.827751,-13.537227,-13.247927,-12.959731,-12.672460,-12.385912,-12.099885,-11.814193,-11.528671,-11.243194,-10.957675,-10.672067,-10.386377,-10.100654,-9.814997,-9.529560,-9.244543,-8.960188,-8.676789,-8.394676,-8.114204,-7.835757,-7.559722,-7.286479,-7.016379,-6.749729,-6.486776,-6.227669,-5.972481,
-14.048423,-14.064032,-14.079357,-14.094339,-14.108951,-14.123187,-14.137054,-14.150569,-14.163750,-14.176618,-14.189197,-14.201504,-14.213560,-14.225381,-14.236981,-14.248372,-14.259565,-14.270569,-14.281391,-14.292038,-14.302517,-14.312834,-14.322995,-14.333008,-14.342881,-14.352624,-14.362246,-14.371760,-14.381176,-14.390505,-14.399755,
399.0,0.500000
399.000000,399.500000,400.000000,400.500000,401.000000,401.500000,402.000000,402.500000,403.000000,403.500000,404.000000,404.500000,405.000000,405.500000,406.000000,406.500000,407.000000,407.500000,408.000000,408.500000,409.000000,409.500000,410.000000,410.500000,411.000000,411.500000,412.000000,412.500000,413.000000,413.500000,414.000000,
-13.432527,-13.159579,-12.887195,-12.615488,-12.344512,-12.074288,-11.804826,-11.536139,-11.268261,-11.001249,-10.735189,-10.470210,-10.206469,-9.944157,-9.683493,-9.424716,-9.168068,-8.913786,-8.662084,-8.413128,-8.167013,-7.923746,-7.683218,-7.445169,-7.209189,-6.974712,-6.740986,-6.507150,-6.272301,-6.035556,-5.796317,
-14.099277,-14.112835,-14.126191,-14.139297,-14.152133,-14.164689,-14.176967,-14.188975,-14.200723,-14.212223,-14.223485,-14.234518,-14.245330,-14.255924,-14.266302,-14.276462,-14.286402,-14.296113,-14.305589,-14.314820,-14.323797,-14.332511,-14.340955,-14.349124,-14.357018,-14.364641,-14.372001,-14.379112,-14.385992,-14.392660,-14.399131,
400.0,0.466667
400.000000,400.466667,400.933333,401.400000,401.866667,402.333333,402.800000,403.266667,403.733333,404.200000,404.666667,405.133333,405.600000,406.066667,406.533333,407.000000,407.466667,407.933333,408.400000,408.866667,409.333333,409.800000,410.266667,410.733333,411.200000,411.666667,412.133333,412.600000,413.066667,413.533333,414.000000,
-12.941612,-12.688867,-12.436572,-12.184842,-11.933749,-11.683342,-11.433660,-11.184741,-10.936634,-10.689402,-10.443124,-10.197901,-9.953853,-9.711116,-9.469840,-9.230183,-8.992299,-8.756333,-8.522409,-8.290613,-8.060981,-7.833486,-7.608023,-7.384391,-7.162290,-6.941328,-6.720999,-6.500737,-6.279961,-6.058113,-5.834824,
-14.123436,-14.135575,-14.147557,-14.159342,-14.170911,-14.182253,-14.193365,-14.204251,-14.214916,-14.225367,-14.235610,-14.245652,-14.255497,-14.265150,-14.274611,-14.283881,-14.292958,-14.301839,-14.310522,-14.319001,-14.327273,-14.335334,-14.343182,-14.350817,-14.358242,-14.365461,-14.372484,-14.379321,-14.385986,-14.392492,-14.398849,
401.0,0.433333
401.000000,401.433333,401.866667,402.300000,402.733333,403.166667,403.600000,404.033333,404.466667,404.900000,405.333333,405.766667,406.200000,406.633333,407.066667,407.500000,407.933333,408.366667,408.800000,409.233333,409.666667,410.100000,410.533333,410.966667,411.400000,411.833333,412.266667,412.700000,413.133333,413.566667,414.000000,
-12.450070,-12.216968,-11.983561,-11.749843,-11.515872,-11.281758,-11.047644,-10.813702,-10.580125,-10.347121,-10.114908,-9.883712,-9.653760,-9.425276,-9.198476,-8.973560,-8.750708,-8.530065,-8.311738,-8.095780,-7.882183,-7.670865,-7.461665,-7.254324,-7.048496,-6.843747,-6.639552,-6.435345,-6.230556,-6.024661,-5.817321,
-14.146805,-14.157633,-14.168370,-14.178988,-14.189471,-14.199805,-14.209982,-14.219997,-14.229847,-14.239528,-14.249038,-14.258375,-14.267536,-14.276517,-14.285314,-14.293924,-14.302340,-14.310557,-14.318571,-14.326375,-14.333967,-14.341343,-14.348501,-14.355443,-14.362173,-14.368696,-14.375021,-14.381161,-14.387127,-14.392933,-14.398587,
402.0,0.400000
402.000000,402.400000,402.800000,403.200000,403.600000,404.000000,404.400000,404.800000,405.200000,405.600000,406.000000,406.400000,406.800000,407.200000,407.600000,408.000000,408.400000,408.800000,409.200000,409.600000,410.000000,410.400000,410.800000,411.200000,411.600000,412.000000,412.400000,412.800000,413.200000,413.600000,414.000000,
-11.957917,-11.744789,-11.531489,-11.318028,-11.104462,-10.890881,-10.677399,-10.464149,-10.251277,-10.038937,-9.827291,-9.616500,-9.406723,-9.198116,-8.990822,-8.784974,-8.580684,-8.378040,-8.177101,-7.977893,-7.780395,-7.584544,-7.390227,-7.197271,-7.005454,-6.814505,-6.624102,-6.433904,-6.243575,-6.052812,-5.861422,
-14.169422,-14.179006,-14.188519,-14.197940,-14.207253,-14.216447,-14.225513,-14.234446,-14.243242,-14.251897,-14.260408,-14.268773,-14.276990,-14.285057,-14.292971,-14.300730,-14.308331,-14.315772,-14.323052,-14.330169,-14.337121,-14.343910,-14.350537,-14.357004,-14.363316,-14.369480,-14.375501,-14.381390,-14.387155,-14.392804,-14.398343,
403.0,0.366667
403.000000,403.366667,403.733333,404.100000,404.466667,404.833333,405.200000,405.566667,405.933333,406.300000,406.666667,407.033333,407.400000,407.766667,408.133333,408.500000,408.866667,409.233333,409.600000,409.966667,410.333333,410.700000,411.066667,411.433333,411.800000,412.166667,412.533333,412.900000,413.266667,413.633333,414.000000,
-11.465168,-11.271725,-11.078215,-10.884662,-10.691117,-10.497648,-10.304339,-10.111286,-9.918590,-9.726359,-9.534701,-9.343723,-9.153533,-8.964229,-8.775905,-8.588641,-8.402509,-8.217559,-8.033827,-7.851323,-7.670034,-7.489920,-7.310911,-7.132906,-6.955775,-6.779364,-6.603493,-6.427974,-6.252623,-6.077278,-5.901837,
-14.191327,-14.199753,-14.208124,-14.216423,-14.224636,-14.232753,-14.240768,-14.248674,-14.256468,-14.264147,-14.271709,-14.279151,-14.286473,-14.293674,-14.300752,-14.307706,-14.314538,-14.321246,-14.327830,-14.334291,-14.340631,-14.346851,-14.352954,-14.358944,-14.364824,-14.370599,-14.376277,-14.381862,-14.387360,-14.392778,-14.398119,
404.0,0.333333
404.000000,404.333333,404.666667,405.000000,405.333333,405.666667,406.000000,406.333333,406.666667,407.000000,407.333333,407.666667,408.000000,408.333333,408.666667,409.000000,409.333333,409.666667,410.000000,410.333333,410.666667,411.000000,411.333333,411.666667,412.000000,412.333333,412.666667,413.000000,413.333333,413.666667,414.000000,
-10.971841,-10.797760,-10.623682,-10.449633,-10.275657,-10.101803,-9.928129,-9.754700,-9.581582,-9.408843,-9.236553,-9.064779,-8.893588,-8.723041,-8.553194,-8.384099,-8.215796,-8.048319,-7.881690,-7.715917,-7.550996,-7.386908,-7.223620,-7.061080,-6.899225,-6.737978,-6.577249,-6.416948,-6.256985,-6.097281,-5.937789,
-14.212561,-14.219911,-14.227219,-14.234469,-14.241653,-14.248761,-14.255787,-14.262728,-14.269579,-14.276338,-14.283005,-14.289577,-14.296055,-14.302439,-14.308728,-14.314924,-14.321026,-14.327037,-14.332957,-14.338788,-14.344533,-14.350193,-14.355772,-14.361272,-14.366698,-14.372054,-14.377343,-14.382569,-14.387738,-14.392852,-14.397912,
405.0,0.300000
405.000000,405.300000,405.600000,405.900000,406.200000,406.500000,406.800000,407.100000,407.400000,407.700000,408.000000,408.300000,408.600000,408.900000,409.200000,409.500000,409.800000,410.100000,410.400000,410.700000,411.000000,411.300000,411.600000,411.900000,412.200000,412.500000,412.800000,413.100000,413.400000,413.700000,414.000000,
-10.477950,-10.322896,-10.167872,-10.012907,-9.858030,-9.703278,-9.548690,-9.394306,-9.240168,-9.086318,-8.932800,-8.779653,-8.626919,-8.474635,-8.322835,-8.171552,-8.020812,-7.870637,-7.721045,-7.572047,-7.423646,-7.275839,-7.128618,-6.981963,-6.835852,-6.690254,-6.545134,-6.400456,-6.256184,-6.112287,-5.968744,
-14.233164,-14.239515,-14.245835,-14.252111,-14.258336,-14.264503,-14.270607,-14.276645,-14.282615,-14.288514,-14.294343,-14.300100,-14.305787,-14.311403,-14.316949,-14.322426,-14.327837,-14.333181,-14.338462,-14.343681,-14.348841,-14.353942,-14.358990,-14.363985,-14.368931,-14.373830,-14.378686,-14.383501,-14.388278,-14.393018,-14.397724,
406.0,0.266667
406.000000,406.266667,406.533333,406.800000,407.066667,407.333333,407.600000,407.866667,408.133333,408.400000,408.666667,408.933333,409.200000,409.466667,409.733333,410.000000,410.266667,410.533333,410.800000,411.066667,411.333333,411.600000,411.866667,412.133333,412.400000,412.666667,412.933333,413.200000,413.466667,413.733333,414.000000,
-9.983512,-9.847128,-9.710776,-9.574476,-9.438248,-9.302118,-9.166110,-9.030249,-8.894563,-8.759079,-8.623821,-8.488817,-8.354092,-8.219670,-8.085575,-7.951828,-7.818448,-7.685454,-7.552861,-7.420681,-7.288925,-7.157598,-7.026705,-6.896247,-6.766220,-6.636619,-6.507437,-6.378666,-6.250295,-6.122315,-5.994721,
-14.253175,-14.258601,-14.264004,-14.269376,-14.274710,-14.280003,-14.285250,-14.290449,-14.295598,-14.300696,-14.305742,-14.310738,-14.315682,-14.320576,-14.325420,-14.330217,-14.334967,-14.339671,-14.344332,-14.348951,-14.353531,-14.358072,-14.362577,-14.367049,-14.371488,-14.375897,-14.380279,-14.384634,-14.388963,-14.393269,-14.397552,
407.0,0.233333
407.000000,407.233333,407.466667,407.700000,407.933333,408.166667,408.400000,408.633333,408.866667,409.100000,409.333333,409.566667,409.800000,410.033333,410.266667,410.500000,410.733333,410.966667,411.200000,411.433333,411.666667,411.900000,412.133333,412.366667,412.600000,412.833333,413.066667,413.300000,413.533333,413.766667,414.000000,
-9.488543,-9.370437,-9.252350,-9.134296,-9.016289,-8.898343,-8.780475,-8.662701,-8.545039,-8.427505,-8.310118,-8.192895,-8.075855,-7.959013,-7.842388,-7.725995,-7.609851,-7.493970,-7.378366,-7.263052,-7.148040,-7.033340,-6.918961,-6.804912,-6.691199,-6.577825,-6.464795,-6.352111,-6.239773,-6.127782,-6.016137,
-14.272633,-14.277203,-14.281758,-14.286292,-14.290801,-14.295281,-14.299731,-14.304149,-14.308532,-14.312881,-14.317195,-14.321474,-14.325719,-14.329930,-14.334107,-14.338253,-14.342367,-14.346451,-14.350506,-14.354534,-14.358536,-14.362512,-14.366466,-14.370397,-14.374308,-14.378199,-14.382072,-14.385928,-14.389767,-14.393590,-14.397398,
408.0,0.200000
408.000000,408.200000,408.400000,408.600000,408.800000,409.000000,409.200000,409.400000,409.600000,409.800000,410.000000,410.200000,410.400000,410.600000,410.800000,411.000000,411.200000,411.400000,411.600000,411.800000,412.000000,412.200000,412.400000,412.600000,412.800000,413.000000,413.200000,413.400000,413.600000,413.800000,414.000000,
-8.993059,-8.892829,-8.792609,-8.692407,-8.592229,-8.492087,-8.391989,-8.291947,-8.191972,-8.092076,-7.992271,-7.892569,-7.792983,-7.693526,-7.594210,-7.495048,-7.396051,-7.297232,-7.198603,-7.100174,-7.001956,-6.903959,-6.806193,-6.708666,-6.611385,-6.514358,-6.417591,-6.321087,-6.224850,-6.128884,-6.033189,
-14.291581,-14.295357,-14.299125,-14.302881,-14.306621,-14.310345,-14.314050,-14.317735,-14.321399,-14.325042,-14.328663,-14.332263,-14.335841,-14.339398,-14.342935,-14.346451,-14.349947,-14.353424,-14.356884,-14.360326,-14.363751,-14.367161,-14.370555,-14.373936,-14.377303,-14.380658,-14.384000,-14.387331,-14.390651,-14.393961,-14.397260,
426.0,1.833333
426.000000,427.833333,429.666667,431.500000,433.333333,435.166667,437.000000,438.833333,440.666667,442.500000,444.333333,446.166667,448.000000,449.833333,451.666667,453.500000,455.333333,457.166667,459.000000,460.833333,462.666667,464.500000,466.333333,468.166667,470.000000,471.833333,473.666667,475.500000,477.333333,479.166667,481.000000,
-0.506669,0.386952,1.309289,2.264108,3.253675,4.278732,5.339267,6.434026,7.557929,8.704783,9.868101,11.041449,12.218723,13.394994,14.569314,15.741888,16.913172,18.083402,19.252669,20.420750,21.586415,22.748275,23.905363,25.058427,26.209876,27.366512,28.549659,29.781232,31.070805,32.381933,33.676125,
-14.574059,-14.603657,-14.635084,-14.668866,-14.705509,-14.745578,-14.789653,-14.838286,-14.891937,-14.951027,-15.015941,-15.086954,-15.164328,-15.248370,-15.339574,-15.438491,-15.545686,-15.661725,-15.787156,-15.922468,-16.067933,-16.223792,-16.390377,-16.568394,-16.758971,-16.964429,-17.191043,-17.445404,-17.731310,-18.041967,-18.369766,
427.0,1.800000
427.000000,428.800000,430.600000,432.400000,434.200000,436.000000,437.800000,439.600000,441.400000,443.200000,445.000000,446.800000,448.600000,450.400000,452.200000,454.000000,455.800000,457.600000,459.400000,461.200000,463.000000,464.800000,466.600000,468.400000,470.200000,472.000000,473.800000,475.600000,477.400000,479.200000,481.000000,
-0.004672,0.878687,1.789767,2.732203,3.708147,4.718286,5.762573,6.839768,7.945037,9.072461,10.215779,11.368581,12.524721,13.679160,14.830610,15.979221,17.126595,18.278165,19.440222,20.618338,21.814621,23.029542,24.261119,25.500115,26.734916,27.952548,29.137498,30.279115,31.386890,32.538361,33.809012,
-14.590621,-14.620338,-14.651953,-14.686000,-14.722987,-14.763472,-14.808019,-14.857166,-14.911356,-14.970992,-15.036432,-15.107902,-15.185606,-15.269782,-15.360826,-15.459222,-15.565631,-15.681244,-15.807410,-15.945508,-16.096864,-16.262742,-16.444205,-16.641680,-16.855243,-17.084346,-17.326534,-17.578833,-17.838310,-18.102692,-18.370341,
428.0,1.766667
428.000000,429.766667,431.533333,433.300000,435.066667,436.833333,438.600000,440.366667,442.133333,443.900000,445.666667,447.433333,449.200000,450.966667,452.733333,454.500000,456.266667,458.033333,459.800000,461.566667,463.333333,465.100000,466.866667,468.633333,470.400000,472.166667,473.933333,475.700000,477.466667,479.233333,481.000000,
0.497534,1.371629,2.272473,3.203572,4.166965,5.163278,6.192416,7.253133,8.340801,9.449750,10.573974,11.707320,12.843897,13.978896,15.111086,16.240639,17.369129,18.501727,19.644409,20.802425,21.977628,23.170271,24.378296,25.593032,26.803747,27.999003,29.166898,30.300078,31.407846,32.554270,33.801378,
-14.607429,-14.637359,-14.669253,-14.703657,-14.741081,-14.782073,-14.827182,-14.876931,-14.931742,-14.991996,-15.058028,-15.130048,-15.208238,-15.292821,-15.384175,-15.482772,-15.589249,-15.704754,-15.830580,-15.968046,-16.118398,-16.282813,-16.462278,-16.657174,-16.867579,-17.093067,-17.331747,-17.581282,-17.839212,-18.103080,-18.370972,
429.0,1.733333
429.000000,430.733333,432.466667,434.200000,435.933333,437.666667,439.400000,441.133333,442.866667,444.600000,446.333333,448.066667,449.800000,451.533333,453.266667,455.000000,456.733333,458.466667,460.200000,461.933333,463.666667,465.400000,467.133333,468.866667,470.600000,472.333333,474.066667,475.800000,477.533333,479.266667,481.000000,
0.999933,1.865746,2.757353,3.678134,4.630018,5.613569,6.628645,7.673996,8.745194,9.836811,10.943092,12.058140,13.176318,14.293038,15.407125,16.518769,17.629509,18.744262,19.868699,21.007774,22.163160,23.334959,24.521068,25.713207,26.901240,28.074696,29.223782,30.343079,31.441783,32.575924,33.799489,
-14.624524,-14.654758,-14.687023,-14.721875,-14.759827,-14.801417,-14.847181,-14.897626,-14.953155,-15.014129,-15.080865,-15.153552,-15.232361,-15.317496,-15.409322,-15.508297,-15.615040,-15.730652,-15.856378,-15.993482,-16.143148,-16.306491,-16.484436,-16.677333,-16.885242,-17.107778,-17.343289,-17.589713,-17.844807,-18.106108,-18.371653,
430.0,1.700000
430.000000,431.700000,433.400000,435.100000,436.800000,438.500000,440.200000,441.900000,443.600000,445.300000,447.000000,448.700000,450.400000,452.100000,453.800000,455.500000,457.200000,458.900000,460.600000,462.300000,464.000000,465.700000,467.400000,469.100000,470.800000,472.500000,474.200000,475.900000,477.600000,479.300000,481.000000,
1.502509,2.360896,3.244139,4.155496,5.096787,6.068514,7.070490,8.101461,9.157193,10.232496,11.321861,12.419645,13.520460,14.619934,15.716948,16.811701,17.905699,19.003615,20.110837,21.232050,22.368798,23.521087,24.686753,25.857707,27.024093,28.175901,29.304352,30.405011,31.487188,32.603183,33.803204,
-14.641946,-14.672571,-14.705294,-14.740682,-14.779249,-14.821524,-14.868030,-14.919259,-14.975598,-15.037389,-15.104929,-15.178394,-15.257939,-15.343758,-15.436201,-15.535712,-15.642893,-15.758804,-15.884641,-16.021624,-16.170893,-16.333518,-16.510380,-16.701791,-16.907767,-17.127879,-17.360451,-17.603404,-17.854510,-18.111444,-18.372382,
431.0,1.666667
431.000000,432.666667,434.333333,436.000000,437.666667,439.333333,441.000000,442.666667,444.333333,446.000000,447.666667,449.333333,451.000000,452.666667,454.333333,456.000000,457.666667,459.333333,461.000000,462.666667,464.333333,466.000000,467.666667,469.333333,471.000000,472.666667,474.333333,476.000000,477.666667,479.333333,481.000000,
2.005245,2.856931,3.732559,4.635261,5.566747,6.527439,7.517085,8.534412,9.575374,10.635039,11.708226,12.789824,13.875011,14.959891,16.043418,17.125454,18.206094,19.285321,20.363011,21.438805,22.511644,23.580524,24.645318,25.708828,26.775596,27.853147,28.957366,30.103210,31.294132,32.495527,33.672005,
-14.659734,-14.690833,-14.724100,-14.760108,-14.799374,-14.842415,-14.889739,-14.941821,-14.999027,-15.061686,-15.130084,-15.204427,-15.284904,-15.371745,-15.465330,-15.566080,-15.674428,-15.790775,-15.915500,-16.048927,-16.191219,-16.342547,-16.503280,-16.674436,-16.857491,-17.054815,-17.271363,-17.512146,-17.779799,-18.068832,-18.373155,
432.0,1.633333
432.000000,433.633333,435.266667,436.900000,438.533333,440.166667,441.800000,443.433333,445.066667,446.700000,448.333333,449.966667,451.600000,453.233333,454.866667,456.500000,458.133333,459.766667,461.400000,463.033333,464.666667,466.300000,467.933333,469.566667,471.200000,472.833333,474.466667,476.100000,477.733333,479.366667,481.000000,
2.508126,3.353657,4.222229,5.116852,6.039129,6.989424,7.967439,8.971900,9.998958,11.043915,12.101843,13.167872,14.237419,15.306772,16.374859,17.441471,18.506639,19.570337,20.632463,21.692721,22.750249,23.804235,24.854616,25.903771,26.955530,28.016146,29.098479,30.214753,31.368466,32.534669,33.687603,
-14.677929,-14.709579,-14.743463,-14.780165,-14.820202,-14.864083,-14.912302,-14.965320,-15.023490,-15.087125,-15.156499,-15.231806,-15.313227,-15.400981,-15.495424,-15.596956,-15.705982,-15.822879,-15.948007,-16.081679,-16.224089,-16.375454,-16.536180,-16.707285,-16.890189,-17.087017,-17.301870,-17.538814,-17.799833,-18.080010,-18.373969,
433.0,1.600000
433.000000,434.600000,436.200000,437.800000,439.400000,441.000000,442.600000,444.200000,445.800000,447.400000,449.000000,450.600000,452.200000,453.800000,455.400000,457.000000,458.600000,460.200000,461.800000,463.400000,465.000000,466.600000,468.200000,469.800000,471.400000,473.000000,474.600000,476.200000,477.800000,479.400000,481.000000,
3.011135,3.850887,4.712794,5.599748,6.513249,7.453601,8.420464,9.412566,10.426245,11.457038,12.500257,13.551275,14.605732,15.660096,16.713272,17.764986,18.815215,19.863950,20.911135,21.956558,22.999542,24.039436,25.076148,26.111390,27.148005,28.190754,29.249539,30.334094,31.448441,32.578047,33.707437,
-14.696570,-14.728840,-14.763411,-14.800875,-14.841750,-14.886534,-14.935711,-14.989725,-15.048919,-15.113589,-15.183999,-15.260332,-15.342761,-15.431494,-15.526866,-15.629251,-15.739032,-15.856567,-15.982200,-16.116244,-16.258938,-16.410548,-16.571515,-16.742824,-16.925780,-17.122200,-17.335263,-17.568028,-17.821802,-18.092273,-18.374819,
434.0,1.566667
434.000000,435.566667,437.133333,438.700000,440.266667,441.833333,443.400000,444.966667,446.533333,448.100000,449.666667,451.233333,452.800000,454.366667,455.933333,457.500000,459.066667,460.633333,462.200000,463.766667,465.333333,466.900000,468.466667,470.033333,471.600000,473.166667,474.733333,476.300000,477.866667,479.433333,481.000000,
3.514257,4.348363,5.203758,6.083214,6.988132,7.918757,8.874708,9.854718,10.855307,11.872239,12.901063,13.937382,14.977059,16.016732,17.055290,18.092403,19.128011,20.162137,21.194790,22.225850,23.254790,24.281063,25.304451,26.325837,27.346911,28.370866,29.404954,30.456832,31.531417,32.624380,33.730227,
-14.715698,-14.748648,-14.783964,-14.822247,-14.864012,-14.909750,-14.959930,-15.014984,-15.075239,-15.140982,-15.212461,-15.289853,-15.373321,-15.463062,-15.559389,-15.662655,-15.773219,-15.891426,-16.017612,-16.152099,-16.295172,-16.447150,-16.608503,-16.780140,-16.963207,-17.159170,-17.370280,-17.598597,-17.844772,-18.105095,-18.375702,
435.0,1.533333
435.000000,436.533333,438.066667,439.600000,441.133333,442.666667,444.200000,445.733333,447.266667,448.800000,450.333333,451.866667,453.400000,454.933333,456.466667,458.000000,459.533333,461.066667,462.600000,464.133333,465.666667,467.200000,468.733333,470.266667,471.800000,473.333333,474.866667,476.400000,477.933333,479.466667,481.000000,
4.017475,4.845794,5.694552,6.566404,7.462654,8.383491,9.328494,10.296402,11.283912,12.287010,13.301474,14.323133,15.348062,16.373067,17.397032,18.419584,19.440633,20.460250,21.478514,22.495390,23.510450,24.523176,25.533150,26.540362,27.545315,28.549725,29.558656,30.578201,31.614383,32.671966,33.754269,
-14.735352,-14.769029,-14.805136,-14.844279,-14.886972,-14.933694,-14.984903,-15.041014,-15.102344,-15.169166,-15.241715,-15.320160,-15.404656,-15.495388,-15.592648,-15.696767,-15.808085,-15.926937,-16.053660,-16.188585,-16.332046,-16.484409,-16.646157,-16.818095,-17.001179,-17.196499,-17.405444,-17.629152,-17.867679,-18.117884,-18.376616,
436.0,1.500000
436.000000,437.500000,439.000000,440.500000,442.000000,443.500000,445.000000,446.500000,448.000000,449.500000,451.000000,452.500000,454.000000,455.500000,457.000000,458.500000,460.000000,461.500000,463.000000,464.500000,466.000000,467.500000,469.000000,470.500000,472.000000,473.500000,475.000000,476.500000,478.000000,479.500000,481.000000,
4.520772,5.343080,6.184995,7.049056,7.936472,8.847378,9.781315,10.737032,11.711393,12.700601,13.700657,14.707610,15.717743,16.728026,17.737347,18.745304,19.751793,20.756932,21.760876,22.763654,23.764880,24.763992,25.760301,26.752894,27.741115,28.725343,29.708926,30.696882,31.696459,32.720224,33.778985,
-14.755572,-14.790019,-14.826956,-14.866994,-14.910643,-14.958374,-15.010628,-15.067807,-15.130214,-15.198109,-15.271718,-15.351197,-15.436694,-15.528383,-15.626536,-15.731463,-15.843488,-15.962943,-16.090166,-16.225506,-16.369339,-16.522069,-16.684176,-16.856337,-17.039287,-17.233741,-17.440298,-17.659270,-17.890193,-18.130454,-18.377555,
437.0,1.466667
437.000000,438.466667,439.933333,441.400000,442.866667,444.333333,445.800000,447.266667,448.733333,450.200000,451.666667,453.133333,454.600000,456.066667,457.533333,459.000000,460.466667,461.933333,463.400000,464.866667,466.333333,467.800000,469.266667,470.733333,472.200000,473.666667,475.133333,476.600000,478.066667,479.533333,481.000000,
5.024134,5.840023,6.674704,7.530603,8.408835,9.309484,10.232055,11.175305,12.136265,13.111343,14.096761,15.088780,16.083888,17.079218,18.073674,19.066837,20.058595,21.049117,22.038613,23.027155,24.014337,24.999489,25.981614,26.958959,27.929837,28.893512,29.852112,30.810019,31.775681,32.767805,33.803024,
-14.776398,-14.811646,-14.849441,-14.890396,-14.935018,-14.983764,-15.037063,-15.095301,-15.158766,-15.227708,-15.302336,-15.382803,-15.469243,-15.561821,-15.660791,-15.766444,-15.879090,-15.999061,-16.126703,-16.262381,-16.406503,-16.559499,-16.721832,-16.894032,-17.076603,-17.269899,-17.473841,-17.688044,-17.911617,-18.142416,-18.378517,
438.0,1.433333
438.000000,439.433333,440.866667,442.300000,443.733333,445.166667,446.600000,448.033333,449.466667,450.900000,452.333333,453.766667,455.200000,456.633333,458.066667,459.500000,460.933333,462.366667,463.800000,465.233333,466.666667,468.100000,469.533333,470.966667,472.400000,473.833333,475.266667,476.700000,478.133333,479.566667,481.000000,
5.527544,6.336444,7.163338,8.010541,8.879077,9.768980,10.679722,11.610068,12.557210,13.517758,14.488145,15.464843,16.444541,17.424535,18.403755,19.381775,20.358482,21.334078,22.308811,23.282761,24.255451,25.226058,26.193271,27.154638,28.107642,29.050716,29.985223,30.915267,31.850323,32.813373,33.825049,
-14.797870,-14.833940,-14.872608,-14.914490,-14.960086,-15.009841,-15.064167,-15.123434,-15.187919,-15.257854,-15.333440,-15.414818,-15.502114,-15.595482,-15.695160,-15.801423,-15.914568,-16.034930,-16.162864,-16.298749,-16.443012,-16.596096,-16.758430,-16.930391,-17.112260,-17.304066,-17.505185,-17.714684,-17.931351,-18.153438,-18.379498,
439.0,1.400000
439.000000,440.400000,441.800000,443.200000,444.600000,446.000000,447.400000,448.800000,450.200000,451.600000,453.000000,454.400000,455.800000,457.200000,458.600000,460.000000,461.400000,462.800000,464.200000,465.600000,467.000000,468.400000,469.800000,471.200000,472.600000,474.000000,475.400000,476.800000,478.200000,479.600000,481.000000,
6.534442,7.336559,8.156376,8.994920,9.851560,10.724203,11.610354,12.507787,13.415474,14.332845,15.259485,16.194989,17.138827,18.090075,19.046773,20.006718,20.968030,21.930027,22.892394,23.854713,24.815893,25.774180,26.726517,27.666628,28.587609,29.483909,30.354625,31.204733,32.052064,32.946894,33.935014,
-14.842913,-14.881151,-14.922204,-14.966617,-15.014772,-15.066926,-15.123303,-15.184146,-15.249781,-15.320568,-15.396880,-15.479096,-15.567579,-15.662639,-15.764452,-15.873157,-15.988930,-16.112081,-16.242986,-16.382071,-16.529852,-16.686808,-16.853223,-17.028837,-17.212993,-17.404399,-17.600266,-17.797505,-17.993624,-18.188217,-18.381504,
440.0,1.366667
440.000000,441.366667,442.733333,444.100000,445.466667,446.833333,448.200000,449.566667,450.933333,452.300000,453.666667,455.033333,456.400000,457.766667,459.133333,460.500000,461.866667,463.233333,464.600000,465.966667,467.333333,468.700000,470.066667,471.433333,472.800000,474.166667,475.533333,476.900000,478.266667,479.633333,481.000000,
7.037899,7.831607,8.642605,9.471956,10.318978,11.181303,12.055916,12.939618,13.829287,14.722012,15.615405,16.508408,17.400507,18.291445,19.181178,20.069709,20.956959,21.842569,22.726112,23.607255,24.485991,25.362769,26.239042,27.118754,28.006933,28.909305,29.832546,30.781445,31.754295,32.732229,33.696809,
-14.866563,-14.905697,-14.947717,-14.993184,-15.042473,-15.095806,-15.153341,-15.215201,-15.281475,-15.352247,-15.427624,-15.507790,-15.592953,-15.683336,-15.779165,-15.880660,-15.988020,-16.101380,-16.220863,-16.346605,-16.478806,-16.617777,-16.764097,-16.919021,-17.084145,-17.261399,-17.453351,-17.662280,-17.888986,-18.130218,-18.382522,
441.0,1.333333
441.000000,442.333333,443.666667,445.000000,446.333333,447.666667,449.000000,450.333333,451.666667,453.000000,454.333333,455.666667,457.000000,458.333333,459.666667,461.000000,462.333333,463.666667,465.000000,466.333333,467.666667,469.000000,470.333333,471.666667,473.000000,474.333333,475.666667,477.000000,478.333333,479.666667,481.000000,
7.541339,8.325500,9.126144,9.944228,10.779034,11.628311,12.489217,13.358738,14.233949,15.112121,15.991008,16.869568,17.747259,18.623790,19.499095,20.373165,21.245937,22.117124,22.986397,23.853508,24.718503,25.581807,26.444650,27.310205,28.182512,29.066165,29.966502,30.887467,31.828239,32.775632,33.716672,
-14.891019,-14.931018,-14.973929,-15.020306,-15.070510,-15.124753,-15.183184,-15.245919,-15.313041,-15.384631,-15.460789,-15.541684,-15.627510,-15.718473,-15.814782,-15.916642,-16.024241,-16.137721,-16.257217,-16.382890,-16.514980,-16.653832,-16.800018,-16.954662,-17.119152,-17.295091,-17.484438,-17.688850,-17.908749,-18.141297,-18.383546,
442.0,1.300000
442.000000,443.300000,444.600000,445.900000,447.200000,448.500000,449.800000,451.100000,452.400000,453.700000,455.000000,456.300000,457.600000,458.900000,460.200000,461.500000,462.800000,464.100000,465.400000,466.700000,468.000000,469.300000,470.600000,471.900000,473.200000,474.500000,475.800000,477.100000,478.400000,479.700000,481.000000,
8.044747,8.818471,9.607883,10.413849,11.235618,12.071058,12.917489,13.772078,14.632083,15.494952,16.358580,17.221939,18.084467,18.945845,19.805983,20.664858,21.522414,22.378423,23.232626,24.084849,24.935185,25.784052,26.632530,27.483252,28.339554,29.205213,30.084556,30.980838,31.893705,32.813615,33.731115,
-14.916320,-14.957165,-15.000938,-15.048185,-15.099253,-15.154344,-15.213596,-15.277118,-15.344987,-15.417279,-15.494087,-15.575568,-15.661898,-15.753268,-15.849871,-15.951897,-16.059524,-16.172899,-16.292168,-16.417509,-16.549190,-16.687579,-16.833239,-16.987183,-17.150629,-17.324923,-17.511574,-17.711782,-17.925700,-18.150815,-18.384572,
443.0,1.266667
443.000000,444.266667,445.533333,446.800000,448.066667,449.333333,450.600000,451.866667,453.133333,454.400000,455.666667,456.933333,458.200000,459.466667,460.733333,462.000000,463.266667,464.533333,465.800000,467.066667,468.333333,469.600000,470.866667,472.133333,473.400000,474.666667,475.933333,477.200000,478.466667,479.733333,481.000000,
8.548105,9.310559,10.087919,10.880968,11.688938,12.509806,13.341052,14.180013,15.024124,15.871003,16.718676,17.566137,18.412805,19.258336,20.102615,20.945601,21.787236,22.627337,23.465705,24.302232,25.137070,25.970668,26.804036,27.639468,28.479832,29.328321,30.188467,31.062886,31.951291,32.846186,33.740148,
-14.942508,-14.984173,-15.028774,-15.076847,-15.128725,-15.184597,-15.244593,-15.308812,-15.377326,-15.450204,-15.527534,-15.609457,-15.696136,-15.787745,-15.884461,-15.986460,-16.093911,-16.206961,-16.325765,-16.450513,-16.581494,-16.719092,-16.863858,-17.016721,-17.178768,-17.351156,-17.535074,-17.731399,-17.940101,-18.158919,-18.385598,
444.0,1.233333
444.000000,445.233333,446.466667,447.700000,448.933333,450.166667,451.400000,452.633333,453.866667,455.100000,456.333333,457.566667,458.800000,460.033333,461.266667,462.500000,463.733333,464.966667,466.200000,467.433333,468.666667,469.900000,471.133333,472.366667,473.600000,474.833333,476.066667,477.300000,478.533333,479.766667,481.000000,
9.051399,9.801688,10.566113,11.345386,12.138731,12.944233,13.759522,14.582101,15.409573,16.239717,17.070685,17.901491,18.731541,19.560465,20.388117,21.214433,22.039346,22.862707,23.684374,24.504313,25.322774,26.140294,26.957914,27.777782,28.602513,29.434910,30.277819,31.133170,32.000320,32.872438,33.742861,
-14.969620,-15.012071,-15.057455,-15.106298,-15.158917,-15.215491,-15.276140,-15.340952,-15.409993,-15.483328,-15.561035,-15.643243,-15.730100,-15.821763,-15.918394,-16.020154,-16.127200,-16.239680,-16.357749,-16.481608,-16.611560,-16.748002,-16.891484,-17.042880,-17.203198,-17.373471,-17.554688,-17.747523,-17.951836,-18.165549,-18.386620,
445.0,1.200000
445.000000,446.200000,447.400000,448.600000,449.800000,451.000000,452.200000,453.400000,454.600000,455.800000,457.000000,458.200000,459.400000,460.600000,461.800000,463.000000,464.200000,465.400000,466.600000,467.800000,469.000000,470.200000,471.400000,472.600000,473.800000,475.000000,476.200000,477.400000,478.600000,479.800000,481.000000,
10.057729,10.794920,11.545487,12.310074,13.087890,13.877116,14.675508,15.480708,16.290469,17.102716,17.915736,18.728627,19.540876,20.352227,21.162726,21.972522,22.781733,23.590303,24.398002,25.204320,26.008134,26.808040,27.602452,28.389597,29.168158,29.938255,30.703451,31.469883,32.247235,33.052268,33.899142,
-15.026782,-15.071543,-15.119334,-15.170685,-15.225905,-15.285161,-15.348558,-15.416166,-15.488035,-15.564213,-15.644761,-15.729791,-15.819440,-15.913864,-16.013251,-16.117805,-16.227748,-16.343330,-16.464811,-16.592455,-16.726520,-16.867231,-17.014730,-17.168957,-17.329699,-17.496517,-17.668524,-17.844666,-18.023909,-18.205419,-18.388640,
446.0,1.166667
446.000000,447.166667,448.333333,449.500000,450.666667,451.833333,453.000000,454.166667,455.333333,456.500000,457.666667,458.833333,460.000000,461.166667,462.333333,463.500000,464.666667,465.833333,467.000000,468.166667,469.333333,470.500000,471.666667,472.833333,474.000000,475.166667,476.333333,477.500000,478.666667,479.833333,481.000000,
10.560732,11.284032,12.019962,12.769113,13.530704,14.303018,15.083952,15.871299,16.662971,17.457045,18.251930,19.046758,19.841020,20.634442,21.427026,22.218866,23.010027,23.800403,24.589733,25.377513,26.162742,26.944197,27.720570,28.490532,29.253226,30.009063,30.761391,31.515689,32.280205,33.068482,33.891820,
-15.056911,-15.102396,-15.150883,-15.202893,-15.258715,-15.318506,-15.382357,-15.450330,-15.522467,-15.598809,-15.679412,-15.764378,-15.853831,-15.947918,-16.046814,-16.150713,-16.259823,-16.374380,-16.494628,-16.620813,-16.753175,-16.891922,-17.037185,-17.188922,-17.346948,-17.510884,-17.679955,-17.853235,-18.029782,-18.208772,-18.389633,
447.0,1.133333
447.000000,448.133333,449.266667,450.400000,451.533333,452.666667,453.800000,454.933333,456.066667,457.200000,458.333333,459.466667,460.600000,461.733333,462.866667,464.000000,465.133333,466.266667,467.400000,468.533333,469.666667,470.800000,471.933333,473.066667,474.200000,475.333333,476.466667,477.600000,478.733333,479.866667,481.000000,
11.063605,11.772181,12.492652,13.225567,13.970165,14.724833,15.487602,16.256412,17.029325,17.804558,18.580634,19.356714,20.132284,20.907045,21.680945,22.454017,23.226271,23.997572,24.767659,25.536091,26.302071,27.064665,27.822944,28.576115,29.323831,30.066783,30.807956,31.551927,32.305177,33.077631,33.877434,
-15.088126,-15.134273,-15.183386,-15.235970,-15.292300,-15.352521,-15.416711,-15.484923,-15.557191,-15.633551,-15.714052,-15.798785,-15.887864,-15.981423,-16.079623,-16.182641,-16.290673,-16.403932,-16.522646,-16.647043,-16.777352,-16.913779,-17.056470,-17.205440,-17.360585,-17.521636,-17.687985,-17.858872,-18.033471,-18.210926,-18.390609,
448.0,1.100000
448.000000,449.100000,450.200000,451.300000,452.400000,453.500000,454.600000,455.700000,456.800000,457.900000,459.000000,460.100000,461.200000,462.300000,463.400000,464.500000,465.600000,466.700000,467.800000,468.900000,470.000000,471.100000,472.200000,473.300000,474.400000,475.500000,476.600000,477.700000,478.800000,479.900000,481.000000,
11.566334,12.259435,12.963711,13.679677,14.406601,15.142974,15.886957,16.636632,17.390198,18.146002,18.902668,19.659378,20.415604,21.171018,21.925509,22.679051,23.431611,24.183053,24.933165,25.681627,26.427927,27.171506,27.911884,28.648831,29.382499,30.113784,30.845146,31.580038,32.322951,33.080071,33.856340,
-15.120465,-15.167212,-15.216876,-15.269948,-15.326691,-15.387236,-15.451652,-15.519980,-15.592249,-15.668487,-15.748736,-15.833077,-15.921612,-16.014458,-16.111762,-16.213682,-16.320393,-16.432091,-16.548983,-16.671287,-16.799233,-16.933040,-17.072897,-17.218907,-17.371091,-17.529321,-17.693189,-17.862118,-18.035396,-18.212116,-18.391567,
449.0,1.066667
449.000000,450.066667,451.133333,452.200000,453.266667,454.333333,455.400000,456.466667,457.533333,458.600000,459.666667,460.733333,461.800000,462.866667,463.933333,465.000000,466.066667,467.133333,468.200000,469.266667,470.333333,471.400000,472.466667,473.533333,474.600000,475.666667,476.733333,477.800000,478.866667,479.933333,481.000000,
12.068901,12.745793,13.433155,14.131477,14.840064,15.557511,16.282104,17.012058,17.745699,18.481490,19.218139,19.954841,20.691051,21.426403,22.160734,22.893970,23.626054,24.356896,25.086384,25.814388,26.540751,27.265356,27.988220,28.709659,29.430260,30.151019,30.873697,31.600434,32.333571,33.075593,33.828329,
-15.153970,-15.201245,-15.251376,-15.304845,-15.361899,-15.422657,-15.487180,-15.555498,-15.627632,-15.703605,-15.783450,-15.867236,-15.955048,-16.046991,-16.143188,-16.243778,-16.348917,-16.458779,-16.573559,-16.693469,-16.818757,-16.949679,-17.086488,-17.229410,-17.378614,-17.534150,-17.695813,-17.863216,-18.035755,-18.212454,-18.392504,
450.0,1.033333
450.000000,451.033333,452.066667,453.100000,454.133333,455.166667,456.200000,457.233333,458.266667,459.300000,460.333333,461.366667,462.400000,463.433333,464.466667,465.500000,466.533333,467.566667,468.600000,469.633333,470.666667,471.700000,472.733333,473.766667,474.800000,475.833333,476.866667,477.900000,478.933333,479.966667,481.000000,
13.073486,13.732204,14.398384,15.071493,15.750115,16.432668,17.117587,17.803501,18.489533,19.175070,19.859687,20.543166,21.225384,21.906255,22.585694,23.263639,23.940088,24.615171,25.289179,25.962683,26.636795,27.312993,27.993129,28.679641,29.375001,30.081177,30.798827,31.527172,32.263097,32.999012,33.728206,
-15.224634,-15.273998,-15.326039,-15.381115,-15.439351,-15.500782,-15.565407,-15.633222,-15.704256,-15.778557,-15.856186,-15.937212,-16.021713,-16.109762,-16.201426,-16.296773,-16.395884,-16.498878,-16.605915,-16.717238,-16.833249,-16.954470,-17.081558,-17.215404,-17.356971,-17.507163,-17.666675,-17.835877,-18.014523,-18.201134,-18.394302,
451.0,1.000000
451.000000,452.000000,453.000000,454.000000,455.000000,456.000000,457.000000,458.000000,459.000000,460.000000,461.000000,462.000000,463.000000,464.000000,465.000000,466.000000,467.000000,468.000000,469.000000,470.000000,471.000000,472.000000,473.000000,474.000000,475.000000,476.000000,477.000000,478.000000,479.000000,480.000000,481.000000,
13.575472,14.216734,14.864872,15.519463,16.179250,16.842794,17.508646,18.175520,18.842551,19.509106,20.174726,20.839145,21.502193,22.163761,22.823771,23.482209,24.139161,24.794922,25.449994,26.105194,26.761913,27.421896,28.087188,28.760228,29.443315,30.137986,30.844022,31.559523,32.280133,32.997049,33.702712,
-15.261874,-15.311613,-15.363948,-15.419234,-15.477597,-15.539072,-15.603652,-15.671327,-15.742111,-15.816039,-15.893152,-15.973504,-16.057150,-16.144148,-16.234551,-16.328419,-16.425832,-16.526919,-16.631861,-16.740932,-16.854581,-16.973381,-17.098049,-17.229525,-17.368815,-17.516854,-17.674343,-17.841641,-18.018497,-18.203461,-18.395158,
452.0,0.966667
452.000000,452.966667,453.933333,454.900000,455.866667,456.833333,457.800000,458.766667,459.733333,460.700000,461.666667,462.633333,463.600000,464.566667,465.533333,466.500000,467.466667,468.433333,469.400000,470.366667,471.333333,472.300000,473.266667,474.233333,475.200000,476.166667,477.133333,478.100000,479.066667,480.033333,481.000000,
14.077232,14.701715,15.334613,15.976369,16.626427,17.283679,17.946773,18.614297,19.284942,19.957515,20.631007,21.304744,21.978243,22.651153,23.323264,23.994419,24.664446,25.333089,26.000029,26.664877,27.327127,27.986274,28.641935,29.294018,29.942815,30.589264,31.235517,31.884541,32.540086,33.207028,33.889161,
-15.300439,-15.350567,-15.403398,-15.459382,-15.518733,-15.581537,-15.647822,-15.717586,-15.790824,-15.867537,-15.947741,-16.031484,-16.118838,-16.209894,-16.304771,-16.403605,-16.506541,-16.613738,-16.725353,-16.841531,-16.962381,-17.087974,-17.218317,-17.353290,-17.492679,-17.636159,-17.783222,-17.933283,-18.085754,-18.240106,-18.395983,
453.0,0.933333
453.000000,453.933333,454.866667,455.800000,456.733333,457.666667,458.600000,459.533333,460.466667,461.400000,462.333333,463.266667,464.200000,465.133333,466.066667,467.000000,467.933333,468.866667,469.800000,470.733333,471.666667,472.600000,473.533333,474.466667,475.400000,476.333333,477.266667,478.200000,479.133333,480.066667,481.000000,
14.578751,15.184799,15.798633,16.420690,17.050467,17.686951,18.328893,18.974980,19.623987,20.274790,20.926422,21.578208,22.229642,22.880353,23.530121,24.178806,24.826307,25.472543,26.117449,26.760981,27.403124,28.043919,28.683511,29.322241,29.960618,30.599369,31.239578,31.882504,32.529472,33.181794,33.840398,
-15.340368,-15.390704,-15.443644,-15.499624,-15.558850,-15.621402,-15.687298,-15.756530,-15.829085,-15.904954,-15.984140,-16.066677,-16.152616,-16.242027,-16.335006,-16.431667,-16.532137,-16.636567,-16.745118,-16.857960,-16.975267,-17.097204,-17.223908,-17.355455,-17.491855,-17.633016,-17.778665,-17.928408,-18.081746,-18.238033,-18.396773,
454.0,0.900000
454.000000,454.900000,455.800000,456.700000,457.600000,458.500000,459.400000,460.300000,461.200000,462.100000,463.000000,463.900000,464.800000,465.700000,466.600000,467.500000,468.400000,469.300000,470.200000,471.100000,472.000000,472.900000,473.800000,474.700000,475.600000,476.500000,477.400000,478.300000,479.200000,480.100000,481.000000,
15.580997,16.166865,16.757941,17.354062,17.954393,18.557886,19.163439,19.770038,20.376927,20.983520,21.589372,22.194216,22.797886,23.400292,24.001420,24.601318,25.200110,25.798037,26.395451,26.992846,27.590957,28.190667,28.792986,29.399068,30.010027,30.626718,31.249424,31.877852,32.510888,33.146028,33.781097,
-15.424480,-15.476593,-15.531075,-15.588276,-15.648324,-15.711244,-15.777013,-15.845598,-15.916981,-15.991160,-16.068145,-16.147967,-16.230670,-16.316310,-16.404963,-16.496719,-16.591696,-16.690051,-16.791980,-16.897725,-17.007602,-17.121972,-17.241229,-17.365795,-17.496067,-17.632338,-17.774694,-17.923019,-18.076924,-18.235574,-18.398242,
455.0,0.866667
455.000000,455.866667,456.733333,457.600000,458.466667,459.333333,460.200000,461.066667,461.933333,462.800000,463.666667,464.533333,465.400000,466.266667,467.133333,468.000000,468.866667,469.733333,470.600000,471.466667,472.333333,473.200000,474.066667,474.933333,475.800000,476.666667,477.533333,478.400000,479.266667,480.133333,481.000000,
16.081693,16.648339,17.219711,17.795709,18.375609,18.958465,19.543266,20.129060,20.715110,21.300824,21.885744,22.469583,23.052169,23.633428,24.213409,24.792262,25.370259,25.947862,26.525678,27.104485,27.685308,28.269293,28.857616,29.451410,30.051566,30.658442,31.271367,31.888804,32.508182,33.125341,33.736883,
-15.468744,-15.520862,-15.575238,-15.632217,-15.691926,-15.754390,-15.819583,-15.887463,-15.958000,-16.031176,-16.106984,-16.185439,-16.266567,-16.350412,-16.437042,-16.526546,-16.619050,-16.714732,-16.813821,-16.916606,-17.023468,-17.134847,-17.251222,-17.373116,-17.501023,-17.635328,-17.776188,-17.923534,-18.076997,-18.235710,-18.398917,
456.0,0.833333
456.000000,456.833333,457.666667,458.500000,459.333333,460.166667,461.000000,461.833333,462.666667,463.500000,464.333333,465.166667,466.000000,466.833333,467.666667,468.500000,469.333333,470.166667,471.000000,471.833333,472.666667,473.500000,474.333333,475.166667,476.000000,476.833333,477.666667,478.500000,479.333333,480.166667,481.000000,
16.582082,17.129211,17.680604,18.236209,18.795396,19.357309,19.921016,20.485627,21.050426,21.614827,22.178375,22.740791,23.301923,23.861746,24.420404,24.978183,25.535529,26.093128,26.651841,27.212699,27.776956,28.345932,28.920867,29.502760,30.092177,30.688908,31.291366,31.896881,32.501632,33.100169,33.688185,
-15.514531,-15.566556,-15.620725,-15.677375,-15.736633,-15.798521,-15.863007,-15.930041,-15.999581,-16.071592,-16.146051,-16.222957,-16.302324,-16.384187,-16.468612,-16.555696,-16.645582,-16.738479,-16.834659,-16.934466,-17.038350,-17.146829,-17.260464,-17.379863,-17.505597,-17.638120,-17.777633,-17.924096,-18.077141,-18.235883,-18.399549,
457.0,0.800000
457.000000,457.800000,458.600000,459.400000,460.200000,461.000000,461.800000,462.600000,463.400000,464.200000,465.000000,465.800000,466.600000,467.400000,468.200000,469.000000,469.800000,470.600000,471.400000,472.200000,473.000000,473.800000,474.600000,475.400000,476.200000,477.000000,477.800000,478.600000,479.400000,480.200000,481.000000,
17.581878,18.109060,18.639992,19.174691,19.712663,20.253206,20.795543,21.338921,21.882730,22.426467,22.969728,23.512244,24.053831,24.594376,25.133839,25.672236,26.209638,26.746184,27.282080,27.817607,28.353160,28.889218,29.426343,29.965206,30.506509,31.050932,31.599055,32.151314,32.707899,33.268578,33.833064,
-15.610840,-15.664415,-15.720043,-15.778061,-15.838600,-15.901691,-15.967310,-16.035418,-16.105984,-16.178986,-16.254420,-16.332305,-16.412680,-16.495597,-16.581135,-16.669390,-16.760473,-16.854521,-16.951686,-17.052132,-17.156040,-17.263585,-17.374931,-17.490204,-17.609479,-17.732751,-17.859882,-17.990630,-18.124648,-18.261456,-18.400676,
458.0,0.766667
458.000000,458.766667,459.533333,460.300000,461.066667,461.833333,462.600000,463.366667,464.133333,464.900000,465.666667,466.433333,467.200000,467.966667,468.733333,469.500000,470.266667,471.033333,471.800000,472.566667,473.333333,474.100000,474.866667,475.633333,476.400000,477.166667,477.933333,478.700000,479.466667,480.233333,481.000000,
18.081252,18.588590,19.099257,19.613295,20.130283,20.649599,21.170536,21.692405,22.214630,22.736727,23.258314,23.779145,24.299074,24.818047,25.336121,25.853445,26.370253,26.886895,27.403806,27.921498,28.440577,28.961684,29.485440,30.012396,30.542956,31.077264,31.615011,32.155515,32.697693,33.239915,33.780876,
-15.661440,-15.714701,-15.769888,-15.827327,-15.887148,-15.949381,-16.014002,-16.080965,-16.150230,-16.221765,-16.295554,-16.371604,-16.449941,-16.530615,-16.613702,-16.699304,-16.787549,-16.878600,-16.972651,-17.069915,-17.170641,-17.275085,-17.383496,-17.496097,-17.613059,-17.734467,-17.860248,-17.990205,-18.124006,-18.261133,-18.401169,
459.0,0.733333
459.000000,459.733333,460.466667,461.200000,461.933333,462.666667,463.400000,464.133333,464.866667,465.600000,466.333333,467.066667,467.800000,468.533333,469.266667,470.000000,470.733333,471.466667,472.200000,472.933333,473.666667,474.400000,475.133333,475.866667,476.600000,477.333333,478.066667,478.800000,479.533333,480.266667,481.000000,
18.580255,19.067578,19.557803,20.050990,20.546778,21.044619,21.543883,22.043949,22.544290,23.044470,23.544152,24.043146,24.541371,25.038861,25.535793,26.032458,26.529252,27.026711,27.525453,28.026159,28.529555,29.036339,29.547087,30.062138,30.581532,31.104867,31.631039,32.158428,32.684938,33.207918,33.725356,
-15.713725,-15.766562,-15.821193,-15.877931,-15.936904,-15.998140,-16.061611,-16.127267,-16.195062,-16.264956,-16.336923,-16.410964,-16.487101,-16.565384,-16.645898,-16.728759,-16.814120,-16.902178,-16.993170,-17.087363,-17.185067,-17.286608,-17.392306,-17.502456,-17.617298,-17.736972,-17.861448,-17.990553,-18.123958,-18.261123,-18.401611,
460.0,0.700000
460.000000,460.700000,461.400000,462.100000,462.800000,463.500000,464.200000,464.900000,465.600000,466.300000,467.000000,467.700000,468.400000,469.100000,469.800000,470.500000,471.200000,471.900000,472.600000,473.300000,474.000000,474.700000,475.400000,476.100000,476.800000,477.500000,478.200000,478.900000,479.600000,480.300000,481.000000,
19.577085,20.042186,20.507127,20.971825,21.436196,21.900158,22.363635,22.826559,23.288877,23.750557,24.211597,24.672042,25.131986,25.591588,26.051100,26.510856,26.971282,27.432924,27.896405,28.362406,28.831659,29.304866,29.782623,30.265309,30.753025,31.245472,31.741716,32.240354,32.739552,33.236987,33.730899,
-15.823507,-15.877262,-15.932343,-15.989018,-16.047426,-16.107632,-16.169655,-16.233495,-16.299145,-16.366600,-16.435862,-16.506953,-16.579909,-16.654793,-16.731698,-16.810748,-16.892101,-16.975961,-17.062567,-17.152188,-17.245131,-17.341716,-17.442255,-17.547028,-17.656264,-17.770090,-17.888478,-18.011265,-18.138146,-18.268636,-18.402340,
461.0,0.666667
461.000000,461.666667,462.333333,463.000000,463.666667,464.333333,465.000000,465.666667,466.333333,467.000000,467.666667,468.333333,469.000000,469.666667,470.333333,471.000000,471.666667,472.333333,473.000000,473.666667,474.333333,475.000000,475.666667,476.333333,477.000000,477.666667,478.333333,479.000000,479.666667,480.333333,481.000000,
20.074879,20.521527,20.970325,21.421385,21.874511,22.329348,22.785467,23.242421,23.699817,24.157308,24.614610,25.071528,25.527937,25.983778,26.439076,26.893916,27.348442,27.802866,28.257443,28.712467,29.168267,29.625181,30.083528,30.543588,31.005569,31.469572,31.935527,32.403221,32.872302,33.342246,33.812636,
-15.881084,-15.934371,-15.989188,-16.045836,-16.104454,-16.165094,-16.227755,-16.292410,-16.359033,-16.427601,-16.498101,-16.570540,-16.644942,-16.721348,-16.799822,-16.880444,-16.963308,-17.048525,-17.136213,-17.226494,-17.319488,-17.415303,-17.514025,-17.615702,-17.720338,-17.827879,-17.938189,-18.051075,-18.166291,-18.283546,-18.402624,
462.0,0.633333
462.000000,462.633333,463.266667,463.900000,464.533333,465.166667,465.800000,466.433333,467.066667,467.700000,468.333333,468.966667,469.600000,470.233333,470.866667,471.500000,472.133333,472.766667,473.400000,474.033333,474.666667,475.300000,475.933333,476.566667,477.200000,477.833333,478.466667,479.100000,479.733333,480.366667,481.000000,
20.572239,20.998357,21.426211,21.855905,22.287291,22.720089,23.153956,23.588538,24.023530,24.458675,24.893778,25.328740,25.763535,26.198214,26.632918,27.067857,27.503297,27.939565,28.377016,28.816007,29.256879,29.699914,30.145295,30.593040,31.042985,31.494742,31.947599,32.400625,32.852724,33.302656,33.749526,
-15.940505,-15.992950,-16.046774,-16.102258,-16.159538,-16.218664,-16.279640,-16.342444,-16.407051,-16.473440,-16.541602,-16.611548,-16.683308,-16.756934,-16.832506,-16.910123,-16.989907,-17.072002,-17.156568,-17.243774,-17.333789,-17.426779,-17.522886,-17.622211,-17.724809,-17.830669,-17.939682,-18.051670,-18.166388,-18.283527,-18.402853,
463.0,0.600000
463.000000,463.600000,464.200000,464.800000,465.400000,466.000000,466.600000,467.200000,467.800000,468.400000,469.000000,469.600000,470.200000,470.800000,471.400000,472.000000,472.600000,473.200000,473.800000,474.400000,475.000000,475.600000,476.200000,476.800000,477.400000,478.000000,478.600000,479.200000,479.800000,480.400000,481.000000,
21.565587,21.969680,22.373534,22.777078,23.180260,23.583045,23.985409,24.387344,24.788858,25.189975,25.590742,25.991232,26.391546,26.791818,27.192219,27.592958,27.994272,28.396442,28.799768,29.204561,29.611131,30.019766,30.430701,30.844079,31.259942,31.678189,32.098522,32.520499,32.943554,33.367008,33.790356,
-16.065039,-16.117943,-16.171843,-16.226974,-16.283474,-16.341424,-16.400866,-16.461826,-16.524320,-16.588366,-16.653986,-16.721212,-16.790089,-16.860675,-16.933043,-17.007282,-17.083491,-17.161782,-17.242277,-17.325097,-17.410360,-17.498175,-17.588627,-17.681767,-17.777607,-17.876107,-17.977156,-18.080594,-18.186220,-18.293794,-18.403141,
464.0,0.566667
464.000000,464.566667,465.133333,465.700000,466.266667,466.833333,467.400000,467.966667,468.533333,469.100000,469.666667,470.233333,470.800000,471.366667,471.933333,472.500000,473.066667,473.633333,474.200000,474.766667,475.333333,475.900000,476.466667,477.033333,477.600000,478.166667,478.733333,479.300000,479.866667,480.433333,481.000000,
22.061544,22.444831,22.827755,23.210237,23.592243,23.973769,24.354840,24.735505,25.115838,25.495939,25.875935,26.255985,26.636281,27.017042,27.398524,27.781011,28.164800,28.550205,28.937534,29.327067,29.719032,30.113585,30.510770,30.910473,31.312417,31.716134,32.120910,32.525872,32.930046,33.332406,33.732234,
-16.130231,-16.181952,-16.234537,-16.288198,-16.343068,-16.399226,-16.456722,-16.515587,-16.575849,-16.637533,-16.700675,-16.765319,-16.831525,-16.899366,-16.968933,-17.040334,-17.113690,-17.189135,-17.266814,-17.346872,-17.429449,-17.514677,-17.602661,-17.693470,-17.787129,-17.883611,-17.982813,-18.084581,-18.188716,-18.294980,-18.403199,
465.0,0.533333
465.000000,465.533333,466.066667,466.600000,467.133333,467.666667,468.200000,468.733333,469.266667,469.800000,470.333333,470.866667,471.400000,471.933333,472.466667,473.000000,473.533333,474.066667,474.600000,475.133333,475.666667,476.200000,476.733333,477.266667,477.800000,478.333333,478.866667,479.400000,479.933333,480.466667,481.000000,
22.557002,22.919218,23.280943,23.642100,24.002684,24.362744,24.722369,25.081685,25.440850,25.800049,26.159497,26.519442,26.880155,27.241928,27.605076,27.969924,28.336788,28.705971,29.077737,29.452287,29.829723,30.210034,30.593056,30.978421,31.365564,31.753709,32.141825,32.528731,32.913190,33.293984,33.670293,
-16.197427,-16.247785,-16.298863,-16.350850,-16.403872,-16.458016,-16.513340,-16.569891,-16.627712,-16.686850,-16.747355,-16.809294,-16.872746,-16.937803,-17.004578,-17.073198,-17.143800,-17.216539,-17.291573,-17.369061,-17.449154,-17.531988,-17.617674,-17.706282,-17.797834,-17.892302,-17.989579,-18.089511,-18.191900,-18.296518,-18.403198,
466.0,0.500000
466.000000,466.500000,467.000000,467.500000,468.000000,468.500000,469.000000,469.500000,470.000000,470.500000,471.000000,471.500000,472.000000,472.500000,473.000000,473.500000,474.000000,474.500000,475.000000,475.500000,476.000000,476.500000,477.000000,477.500000,478.000000,478.500000,479.000000,479.500000,480.000000,480.500000,481.000000,
23.546354,23.887311,24.228026,24.568443,24.908532,25.248285,25.587711,25.926831,26.265677,26.604296,26.942741,27.281082,27.619396,27.957775,28.296322,28.635152,28.974387,29.314160,29.654606,29.995861,30.338055,30.681304,31.025707,31.371330,31.718206,32.066328,32.415632,32.766016,33.117347,33.469466,33.822255,
-16.337989,-16.388358,-16.439424,-16.491383,-16.544368,-16.598470,-16.653751,-16.710257,-16.768022,-16.827074,-16.887440,-16.949148,-17.012227,-17.076708,-17.142625,-17.210014,-17.278909,-17.349345,-17.421353,-17.494957,-17.570172,-17.647000,-17.725432,-17.805433,-17.886956,-17.969929,-18.054260,-18.139841,-18.226561,-18.314311,-18.403018,
467.0,0.466667
467.000000,467.466667,467.933333,468.400000,468.866667,469.333333,469.800000,470.266667,470.733333,471.200000,471.666667,472.133333,472.600000,473.066667,473.533333,474.000000,474.466667,474.933333,475.400000,475.866667,476.333333,476.800000,477.266667,477.733333,478.200000,478.666667,479.133333,479.600000,480.066667,480.533333,481.000000,
24.040216,24.359660,24.678789,24.997558,25.315972,25.634070,25.951921,26.269611,26.587247,26.904946,27.222836,27.541056,27.859748,28.179059,28.499136,28.820121,29.142149,29.465337,29.789779,30.115541,30.442646,30.771067,31.100725,31.431465,31.763066,32.095241,32.427622,32.759803,33.091366,33.421914,33.751185,
-16.411435,-16.460019,-16.509168,-16.559055,-16.609805,-16.661512,-16.714247,-16.768068,-16.823025,-16.879165,-16.936532,-16.995172,-17.055134,-17.116468,-17.179229,-17.243473,-17.309254,-17.376628,-17.445647,-17.516353,-17.588783,-17.662957,-17.738881,-17.816537,-17.895887,-17.976870,-18.059399,-18.143369,-18.228667,-18.315183,-18.402839,
468.0,0.433333
468.000000,468.433333,468.866667,469.300000,469.733333,470.166667,470.600000,471.033333,471.466667,471.900000,472.333333,472.766667,473.200000,473.633333,474.066667,474.500000,474.933333,475.366667,475.800000,476.233333,476.666667,477.100000,477.533333,477.966667,478.400000,478.833333,479.266667,479.700000,480.133333,480.566667,481.000000,
24.533515,24.831241,25.128671,25.425790,25.722645,26.019325,26.315953,26.612674,26.909649,27.207051,27.505060,27.803855,28.103613,28.404503,28.706679,29.010274,29.315396,29.622111,29.930447,30.240373,30.551797,30.864552,31.178398,31.493001,31.807948,32.122750,32.436843,32.749632,33.060534,33.369028,33.674781,
-16.487045,-16.533642,-16.580681,-16.628310,-16.676649,-16.725797,-16.775837,-16.826845,-16.878889,-16.932035,-16.986350,-17.041902,-17.098758,-17.156989,-17.216667,-17.277865,-17.340654,-17.405102,-17.471272,-17.539218,-17.608984,-17.680597,-17.754067,-17.829381,-17.906504,-17.985376,-18.065912,-18.148009,-18.231556,-18.316444,-18.402600,
469.0,0.400000
469.000000,469.400000,469.800000,470.200000,470.600000,471.000000,471.400000,471.800000,472.200000,472.600000,473.000000,473.400000,473.800000,474.200000,474.600000,475.000000,475.400000,475.800000,476.200000,476.600000,477.000000,477.400000,477.800000,478.200000,478.600000,479.000000,479.400000,479.800000,480.200000,480.600000,481.000000,
25.518355,25.793996,26.069463,26.344720,26.619757,26.894579,27.169207,27.443674,27.718017,27.992284,28.266525,28.540796,28.815156,29.089664,29.364381,29.639370,29.914691,30.190401,30.466555,30.743201,31.020379,31.298122,31.576450,31.855371,32.134877,32.414949,32.695551,32.976635,33.258151,33.540045,33.822280,
-16.644914,-16.690700,-16.736953,-16.783823,-16.831421,-16.879829,-16.929108,-16.979302,-17.030447,-17.082567,-17.135681,-17.189805,-17.244948,-17.301120,-17.358325,-17.416565,-17.475839,-17.536143,-17.597467,-17.659798,-17.723115,-17.787394,-17.852600,-17.918696,-17.985634,-18.053363,-18.121826,-18.190966,-18.260727,-18.331063,-18.401944,
470.0,0.366667
470.000000,470.366667,470.733333,471.100000,471.466667,471.833333,472.200000,472.566667,472.933333,473.300000,473.666667,474.033333,474.400000,474.766667,475.133333,475.500000,475.866667,476.233333,476.600000,476.966667,477.333333,477.700000,478.066667,478.433333,478.800000,479.166667,479.533333,479.900000,480.266667,480.633333,481.000000,
26.009865,26.263391,26.516857,26.770278,27.023688,27.277139,27.530691,27.784414,28.038379,28.292662,28.547337,28.802475,29.058144,29.314402,29.571299,29.828872,30.087144,30.346121,30.605788,30.866111,31.127027,31.388450,31.650269,31.912342,32.174503,32.436568,32.698334,32.959592,33.220150,33.479839,33.738556,
-16.727253,-16.770560,-16.814238,-16.858417,-16.903202,-16.948677,-16.994912,-17.041964,-17.089884,-17.138713,-17.188489,-17.239245,-17.291010,-17.343811,-17.397670,-17.452606,-17.508635,-17.565767,-17.624007,-17.683354,-17.743801,-17.805331,-17.867921,-17.931538,-17.996141,-18.061682,-18.128105,-18.195352,-18.263368,-18.332103,-18.401527,
471.0,0.333333
471.000000,471.333333,471.666667,472.000000,472.333333,472.666667,473.000000,473.333333,473.666667,474.000000,474.333333,474.666667,475.000000,475.333333,475.666667,476.000000,476.333333,476.666667,477.000000,477.333333,477.666667,478.000000,478.333333,478.666667,479.000000,479.333333,479.666667,480.000000,480.333333,480.666667,481.000000,
26.990984,27.221898,27.452630,27.683125,27.913346,28.143271,28.372890,28.602202,28.831215,29.059944,29.288412,29.516645,29.744678,29.972549,30.200302,30.427988,30.655661,30.883381,31.111216,31.339234,31.567512,31.796129,32.025167,32.254712,32.484849,32.715662,32.947231,33.179630,33.412922,33.647154,33.882354,
-16.898941,-16.940746,-16.982913,-17.025559,-17.068769,-17.112601,-17.157098,-17.202283,-17.248170,-17.294762,-17.342055,-17.390040,-17.438701,-17.488020,-17.537976,-17.588544,-17.639699,-17.691412,-17.743654,-17.796395,-17.849602,-17.903244,-17.957288,-18.011700,-18.066451,-18.121507,-18.176842,-18.232429,-18.288247,-18.344280,-18.400518,
472.0,0.300000
472.000000,472.300000,472.600000,472.900000,473.200000,473.500000,473.800000,474.100000,474.400000,474.700000,475.000000,475.300000,475.600000,475.900000,476.200000,476.500000,476.800000,477.100000,477.400000,477.700000,478.000000,478.300000,478.600000,478.900000,479.200000,479.500000,479.800000,480.100000,480.400000,480.700000,481.000000,
27.480560,27.689105,27.897661,28.106240,28.314858,28.523533,28.732284,28.941133,29.150099,29.359205,29.568469,29.777911,29.987547,30.197393,30.407459,30.617754,30.828283,31.039045,31.250037,31.461248,31.672663,31.884261,32.096016,32.307897,32.519866,32.731884,32.943909,33.155899,33.367814,33.579622,33.791304,
-16.988369,-17.027167,-17.066258,-17.105744,-17.145703,-17.186199,-17.227278,-17.268976,-17.311320,-17.354328,-17.398011,-17.442376,-17.487425,-17.533156,-17.579563,-17.626639,-17.674371,-17.722746,-17.771747,-17.821356,-17.871550,-17.922306,-17.973598,-18.025399,-18.077681,-18.130415,-18.183570,-18.237121,-18.291042,-18.345315,-18.399927,
473.0,0.266667
473.000000,473.266667,473.533333,473.800000,474.066667,474.333333,474.600000,474.866667,475.133333,475.400000,475.666667,475.933333,476.200000,476.466667,476.733333,477.000000,477.266667,477.533333,477.800000,478.066667,478.333333,478.600000,478.866667,479.133333,479.400000,479.666667,479.933333,480.200000,480.466667,480.733333,481.000000,
27.969460,28.155531,28.341863,28.528549,28.715658,28.903244,29.091343,29.279982,29.469173,29.658917,29.849208,30.040030,30.231357,30.423157,30.615388,30.808001,31.000937,31.194132,31.387512,31.580995,31.774492,31.967907,32.161140,32.354084,32.546630,32.738671,32.930100,33.120819,33.310743,33.499806,33.687969,
-17.080240,-17.115815,-17.151652,-17.187849,-17.224485,-17.261625,-17.299321,-17.337615,-17.376541,-17.416125,-17.456386,-17.497340,-17.538995,-17.581357,-17.624428,-17.668205,-17.712683,-17.757852,-17.803701,-17.850216,-17.897377,-17.945165,-17.993556,-18.042525,-18.092046,-18.142090,-18.192631,-18.243641,-18.295097,-18.346981,-18.399281,
474.0,0.233333
474.000000,474.233333,474.466667,474.700000,474.933333,475.166667,475.400000,475.633333,475.866667,476.100000,476.333333,476.566667,476.800000,477.033333,477.266667,477.500000,477.733333,477.966667,478.200000,478.433333,478.666667,478.900000,479.133333,479.366667,479.600000,479.833333,480.066667,480.300000,480.533333,480.766667,481.000000,
28.945165,29.108103,29.271001,29.433848,29.596640,29.759373,29.922049,30.084673,30.247251,30.409792,30.572305,30.734803,30.897297,31.059802,31.222331,31.384898,31.547519,31.710207,31.872978,32.035845,32.198822,32.361922,32.525159,32.688544,32.852087,33.015799,33.179687,33.343758,33.508017,33.672469,33.837115,
-17.271470,-17.304398,-17.337499,-17.370833,-17.404448,-17.438384,-17.472667,-17.507319,-17.542352,-17.577775,-17.613591,-17.649800,-17.686398,-17.723378,-17.760730,-17.798445,-17.836509,-17.874909,-17.913631,-17.952658,-17.991975,-18.031566,-18.071415,-18.111507,-18.151826,-18.192358,-18.233091,-18.274012,-18.315112,-18.356384,-18.397825,
475.0,0.200000
475.000000,475.200000,475.400000,475.600000,475.800000,476.000000,476.200000,476.400000,476.600000,476.800000,477.000000,477.200000,477.400000,477.600000,477.800000,478.000000,478.200000,478.400000,478.600000,478.800000,479.000000,479.200000,479.400000,479.600000,479.800000,480.000000,480.200000,480.400000,480.600000,480.800000,481.000000,
29.431939,29.572036,29.712287,29.852743,29.993443,30.134415,30.275673,30.417228,30.559077,30.701216,30.843630,30.986302,31.129209,31.272326,31.415622,31.559064,31.702618,31.846245,31.989908,32.133564,32.277174,32.420696,32.564089,32.707311,32.850324,32.993091,33.135579,33.277756,33.419598,33.561087,33.702213,
-17.370909,-17.399995,-17.429248,-17.458729,-17.488492,-17.518577,-17.549017,-17.579841,-17.611066,-17.642707,-17.674774,-17.707272,-17.740203,-17.773565,-17.807354,-17.841564,-17.876185,-17.911208,-17.946621,-17.982412,-18.018566,-18.055069,-18.091907,-18.129064,-18.166526,-18.204280,-18.242312,-18.280610,-18.319165,-18.357969,-18.397018,
482.0,0.966667
482.000000,482.966667,483.933333,484.900000,485.866667,486.833333,487.800000,488.766667,489.733333,490.700000,491.666667,492.633333,493.600000,494.566667,495.533333,496.500000,497.466667,498.433333,499.400000,500.366667,501.333333,502.300000,503.266667,504.233333,505.200000,506.166667,507.133333,508.100000,509.066667,510.033333,511.000000,
34.256255,34.938562,35.619404,36.299054,36.978015,37.656875,38.336187,39.016345,39.697378,40.379079,41.061011,41.742415,42.422406,43.100102,43.774769,44.445820,45.112898,45.776060,46.435678,47.092502,47.747883,48.403503,49.061247,49.723188,50.391116,51.065958,51.746773,52.431077,53.114441,53.789178,54.448875,
-18.515028,-18.702478,-18.895295,-19.094569,-19.300986,-19.515030,-19.737070,-19.967376,-20.206103,-20.453322,-20.709019,-20.973042,-21.245181,-21.525200,-21.812878,-22.108034,-22.410578,-22.720607,-23.038399,-23.364495,-23.699901,-24.045953,-24.404323,-24.777191,-25.166860,-25.575422,-26.004337,-26.454283,-26.924650,-27.412430,-27.914790,
483.0,0.933333
483.000000,483.933333,484.866667,485.800000,486.733333,487.666667,488.600000,489.533333,490.466667,491.400000,492.333333,493.266667,494.200000,495.133333,496.066667,497.000000,497.933333,498.866667,499.800000,500.733333,501.666667,502.600000,503.533333,504.466667,505.400000,506.333333,507.266667,508.200000,509.133333,510.066667,511.000000,
35.210809,35.869882,36.527427,37.183113,37.836726,38.488111,39.137148,39.783741,40.427822,41.069352,41.708335,42.344849,42.979034,43.611099,44.241358,44.870184,45.497977,46.125146,46.752151,47.379559,48.008147,48.638830,49.272648,49.910806,50.554313,51.203539,51.857494,52.514041,53.169622,53.818352,54.455381,
-18.778596,-18.968815,-19.164203,-19.365591,-19.573351,-19.787633,-20.008478,-20.235888,-20.469872,-20.710459,-20.957699,-21.211688,-21.472560,-21.740482,-22.015682,-22.298424,-22.589010,-22.887796,-23.195212,-23.511829,-23.838472,-24.176167,-24.526177,-24.890130,-25.269722,-25.666445,-26.081222,-26.514329,-26.965024,-27.430736,-27.909112,
484.0,0.900000
484.000000,484.900000,485.800000,486.700000,487.600000,488.500000,489.400000,490.300000,491.200000,492.100000,493.000000,493.900000,494.800000,495.700000,496.600000,497.500000,498.400000,499.300000,500.200000,501.100000,502.000000,502.900000,503.800000,504.700000,505.600000,506.500000,507.400000,508.300000,509.200000,510.100000,511.000000,
35.686692,36.323320,36.958673,37.592909,38.226381,38.859498,39.492645,40.126088,40.759828,41.393688,42.027325,42.660167,43.291555,43.920837,44.547475,45.171050,45.791331,46.408403,47.022602,47.634536,48.245225,48.855913,49.467968,50.082831,50.701727,51.325295,51.952975,52.583149,53.212864,53.837004,54.451321,
-18.914982,-19.103090,-19.296097,-19.495015,-19.700454,-19.912820,-20.132391,-20.359351,-20.593785,-20.835710,-21.085074,-21.341732,-21.605501,-21.876189,-22.153635,-22.437730,-22.728455,-23.025970,-23.330592,-23.642854,-23.963636,-24.294060,-24.635472,-24.989519,-25.357891,-25.742085,-26.143082,-26.561251,-26.995997,-27.445026,-27.906216,
485.0,0.866667
485.000000,485.866667,486.733333,487.600000,488.466667,489.333333,490.200000,491.066667,491.933333,492.800000,493.666667,494.533333,495.400000,496.266667,497.133333,498.000000,498.866667,499.733333,500.600000,501.466667,502.333333,503.200000,504.066667,504.933333,505.800000,506.666667,507.533333,508.400000,509.266667,510.133333,511.000000,
36.635592,37.248616,37.860244,38.470156,39.078135,39.684014,40.287649,40.888905,41.487643,42.083732,42.677057,43.267537,43.855141,44.439913,45.022033,45.601801,46.179663,46.756297,47.332522,47.909276,48.487622,49.068653,49.653403,50.242740,50.837224,51.436864,52.040650,52.646717,53.252167,53.852523,54.444164,
-19.197160,-19.387231,-19.581960,-19.782133,-19.988098,-20.199980,-20.417784,-20.641459,-20.870941,-21.106166,-21.347079,-21.593652,-21.845889,-22.103840,-22.367635,-22.637484,-22.913702,-23.196777,-23.487333,-23.786138,-24.094170,-24.412542,-24.742470,-25.085285,-25.442273,-25.814493,-26.202514,-26.606372,-27.025314,-27.457263,-27.900362,
486.0,0.833333
486.000000,486.833333,487.666667,488.500000,489.333333,490.166667,491.000000,491.833333,492.666667,493.500000,494.333333,495.166667,496.000000,496.833333,497.666667,498.500000,499.333333,500.166667,501.000000,501.833333,502.666667,503.500000,504.333333,505.166667,506.000000,506.833333,507.666667,508.500000,509.333333,510.166667,511.000000,
37.108575,37.698780,38.287422,38.874360,39.459638,40.043410,40.625883,41.207277,41.787798,42.367613,42.946806,43.525318,44.103001,44.679643,45.254977,45.828750,46.400816,46.971244,47.540287,48.108400,48.676339,49.245008,49.815359,50.388307,50.964536,51.544231,52.126627,52.710167,53.292390,53.869494,54.438416,
-19.343031,-19.530279,-19.721755,-19.918289,-20.120339,-20.328176,-20.541966,-20.761829,-20.987867,-21.220166,-21.458784,-21.703731,-21.954992,-22.212534,-22.476311,-22.746301,-23.022562,-23.305299,-23.594859,-23.891764,-24.196808,-24.510964,-24.835343,-25.171211,-25.519804,-25.882143,-26.258763,-26.649700,-27.054289,-27.470731,-27.897424,
487.0,0.800000
487.000000,487.800000,488.600000,489.400000,490.200000,491.000000,491.800000,492.600000,493.400000,494.200000,495.000000,495.800000,496.600000,497.400000,498.200000,499.000000,499.800000,500.600000,501.400000,502.200000,503.000000,503.800000,504.600000,505.400000,506.200000,507.000000,507.800000,508.600000,509.400000,510.200000,511.000000,
38.051531,38.618045,39.183272,39.746904,40.308731,40.868590,41.426340,41.981851,42.534985,43.085604,43.633576,44.178788,44.721152,45.260639,45.797314,46.331342,46.863022,47.392859,47.921525,48.449855,48.978908,49.509836,50.043781,50.581766,51.124532,51.672285,52.224271,52.778970,53.334055,53.886086,54.432321,
-19.644537,-19.832940,-20.025456,-20.222815,-20.425347,-20.633161,-20.846246,-21.064528,-21.287910,-21.516286,-21.749555,-21.987636,-22.230472,-22.478049,-22.730423,-22.987728,-23.250201,-23.518251,-23.792430,-24.073460,-24.362306,-24.660081,-24.967995,-25.287346,-25.619349,-25.964958,-26.324591,-26.698161,-27.084944,-27.483244,-27.891583,
488.0,0.766667
488.000000,488.766667,489.533333,490.300000,491.066667,491.833333,492.600000,493.366667,494.133333,494.900000,495.666667,496.433333,497.200000,497.966667,498.733333,499.500000,500.266667,501.033333,501.800000,502.566667,503.333333,504.100000,504.866667,505.633333,506.400000,507.166667,507.933333,508.700000,509.466667,510.233333,511.000000,
38.521471,39.065135,39.607358,40.147868,40.686538,41.223332,41.758266,42.291396,42.822813,43.352626,43.880965,44.407979,44.933824,45.458654,45.982611,46.505844,47.028532,47.550910,48.073278,48.596018,49.119644,49.644717,50.171769,50.701228,51.233304,51.767819,52.303917,52.840203,53.374724,53.904790,54.428299,
-19.800253,-19.985182,-20.173798,-20.366804,-20.564557,-20.767221,-20.974860,-21.187491,-21.405128,-21.627794,-21.855526,-22.088393,-22.326485,-22.569918,-22.818832,-23.073405,-23.333867,-23.600535,-23.873812,-24.154207,-24.442391,-24.739132,-25.045256,-25.361625,-25.689028,-26.028047,-26.378858,-26.741259,-27.114578,-27.497447,-27.888704,
489.0,0.733333
489.000000,489.733333,490.466667,491.200000,491.933333,492.666667,493.400000,494.133333,494.866667,495.600000,496.333333,497.066667,497.800000,498.533333,499.266667,500.000000,500.733333,501.466667,502.200000,502.933333,503.666667,504.400000,505.133333,505.866667,506.600000,507.333333,508.066667,508.800000,509.533333,510.266667,511.000000,
39.458193,39.978038,40.496673,41.013795,41.529196,42.042723,42.554250,43.063673,43.570891,44.075814,44.578369,45.078501,45.576188,46.071455,46.564396,47.055180,47.544064,48.031435,48.517782,49.003686,49.489852,49.977028,50.465949,50.957269,51.451484,51.948797,52.448915,52.951152,53.454415,53.957090,54.457900,
-20.121806,-20.306953,-20.495614,-20.688444,-20.885752,-21.087640,-21.294101,-21.505065,-21.720448,-21.940161,-22.164130,-22.392313,-22.624703,-22.861338,-23.102329,-23.347850,-23.598157,-23.853617,-24.114690,-24.381924,-24.655982,-24.937581,-25.227452,-25.526292,-25.834697,-26.153049,-26.481362,-26.819337,-27.166325,-27.521216,-27.883094,
490.0,0.700000
490.000000,490.700000,491.400000,492.100000,492.800000,493.500000,494.200000,494.900000,495.600000,496.300000,497.000000,497.700000,498.400000,499.100000,499.800000,500.500000,501.200000,501.900000,502.600000,503.300000,504.000000,504.700000,505.400000,506.100000,506.800000,507.500000,508.200000,508.900000,509.600000,510.300000,511.000000,
39.924943,40.422128,40.918109,41.412568,41.905282,42.396088,42.884860,43.371505,43.855954,44.338171,44.818152,45.295952,45.771682,46.245523,46.717762,47.188776,47.659038,48.129144,48.599766,49.071621,49.545447,50.021926,50.501587,50.984671,51.471099,51.960354,52.451255,52.942154,53.431015,53.915391,54.393465,
-20.287725,-20.468804,-20.653088,-20.841181,-21.033361,-21.229716,-21.430222,-21.634800,-21.843360,-22.055811,-22.272091,-22.492180,-22.716110,-22.943978,-23.175976,-23.412381,-23.653571,-23.900058,-24.152460,-24.411487,-24.677961,-24.952749,-25.236702,-25.530600,-25.835081,-26.150542,-26.476979,-26.814046,-27.161045,-27.516809,-27.880390,
491.0,0.666667
491.000000,491.666667,492.333333,493.000000,493.666667,494.333333,495.000000,495.666667,496.333333,497.000000,497.666667,498.333333,499.000000,499.666667,500.333333,501.000000,501.666667,502.333333,503.000000,503.666667,504.333333,505.000000,505.666667,506.333333,507.000000,507.666667,508.333333,509.000000,509.666667,510.333333,511.000000,
40.855141,41.328316,41.800374,42.271027,42.740080,43.207396,43.672872,44.136427,44.597996,45.057526,45.514981,45.970341,46.423615,46.874842,47.324107,47.771546,48.217347,48.661779,49.105167,49.547898,49.990427,50.433243,50.876837,51.321676,51.768158,52.216558,52.666935,53.119172,53.572961,54.027760,54.483120,
-20.630044,-20.810263,-20.993375,-21.179969,-21.370341,-21.564613,-21.762805,-21.964883,-22.170796,-22.380494,-22.593936,-22.811117,-23.032061,-23.256828,-23.485533,-23.718335,-23.955442,-24.197119,-24.443678,-24.695459,-24.952838,-25.216191,-25.485864,-25.762138,-26.045198,-26.335091,-26.631637,-26.934489,-27.243141,-27.556906,-27.875255,
492.0,0.633333
492.000000,492.633333,493.266667,493.900000,494.533333,495.166667,495.800000,496.433333,497.066667,497.700000,498.333333,498.966667,499.600000,500.233333,500.866667,501.500000,502.133333,502.766667,503.400000,504.033333,504.666667,505.300000,505.933333,506.566667,507.200000,507.833333,508.466667,509.100000,509.733333,510.366667,511.000000,
41.318557,41.768924,42.218144,42.665921,43.112059,43.556429,43.998949,44.439572,44.878282,45.315094,45.750052,46.183245,46.614804,47.044907,47.473798,47.901774,48.329187,48.756451,49.184019,49.612354,50.041918,50.473122,50.906277,51.341517,51.778780,52.217737,52.657677,53.097623,53.536384,53.972578,54.405193,
-20.806525,-20.981859,-21.159765,-21.340776,-21.525160,-21.713025,-21.904387,-22.099208,-22.297441,-22.499043,-22.703991,-22.912303,-23.124042,-23.339323,-23.558332,-23.781319,-24.008602,-24.240579,-24.477710,-24.720503,-24.969509,-25.225289,-25.488366,-25.759186,-26.038079,-26.325198,-26.620425,-26.923424,-27.233653,-27.550333,-27.872855,
493.0,0.600000
493.000000,493.600000,494.200000,494.800000,495.400000,496.000000,496.600000,497.200000,497.800000,498.400000,499.000000,499.600000,500.200000,500.800000,501.400000,502.000000,502.600000,503.200000,503.800000,504.400000,505.000000,505.600000,506.200000,506.800000,507.400000,508.000000,508.600000,509.200000,509.800000,510.400000,511.000000,
42.241943,42.668274,43.093611,43.517687,43.940324,44.361396,44.780816,45.198519,45.614459,46.028603,46.440932,46.851442,47.260147,47.667083,48.072315,48.475941,48.878093,49.278950,49.678733,50.077705,50.476176,50.874488,51.273004,51.672101,52.072141,52.473452,52.876291,53.280843,53.687204,54.095353,54.505239,
-21.170330,-21.343756,-21.519481,-21.698027,-21.879685,-22.064606,-22.252850,-22.444429,-22.639334,-22.837550,-23.039068,-23.243897,-23.452064,-23.663620,-23.878642,-24.097232,-24.319510,-24.545618,-24.775709,-25.009938,-25.248452,-25.491380,-25.738814,-25.990787,-26.247267,-26.508143,-26.773189,-27.042105,-27.314536,-27.590086,-27.868469,
494.0,0.566667
494.000000,494.566667,495.133333,495.700000,496.266667,496.833333,497.400000,497.966667,498.533333,499.100000,499.666667,500.233333,500.800000,501.366667,501.933333,502.500000,503.066667,503.633333,504.200000,504.766667,505.333333,505.900000,506.466667,507.033333,507.600000,508.166667,508.733333,509.300000,509.866667,510.433333,511.000000,
42.701879,43.105359,43.507777,43.908868,44.308470,44.706492,45.102893,45.497671,45.890853,46.282496,46.672678,47.061508,47.449121,47.835679,48.221378,48.606439,48.991107,49.375651,49.760347,50.145467,50.531263,50.917948,51.305670,51.694472,52.084288,52.474917,52.865973,53.256947,53.647239,54.036187,54.423318,
-21.357733,-21.525424,-21.695071,-21.867135,-22.041883,-22.219461,-22.399938,-22.583343,-22.769691,-22.958994,-23.151281,-23.346604,-23.545048,-23.746725,-23.951795,-24.160451,-24.372919,-24.589462,-24.810364,-25.035922,-25.266430,-25.502164,-25.743356,-25.990165,-26.242668,-26.500827,-26.764456,-27.033252,-27.306823,-27.584696,-27.866518,
495.0,0.533333
495.000000,495.533333,496.066667,496.600000,497.133333,497.666667,498.200000,498.733333,499.266667,499.800000,500.333333,500.866667,501.400000,501.933333,502.466667,503.000000,503.533333,504.066667,504.600000,505.133333,505.666667,506.200000,506.733333,507.266667,507.800000,508.333333,508.866667,509.400000,509.933333,510.466667,511.000000,
43.618162,43.997658,44.376306,44.753864,45.130165,45.505089,45.878552,46.250494,46.620874,46.989661,47.356841,47.722410,48.086380,48.448777,48.809650,49.169071,49.527136,49.883976,50.239753,50.594662,50.948939,51.302852,51.656699,52.010805,52.365512,52.721161,53.078082,53.436574,53.796888,54.159193,54.523578,
-21.743740,-21.908460,-22.074969,-22.243722,-22.414999,-22.588966,-22.765716,-22.945292,-23.127713,-23.312982,-23.501097,-23.692062,-23.885882,-24.082569,-24.282143,-24.484631,-24.690060,-24.898461,-25.109858,-25.324268,-25.541694,-25.762118,-25.985498,-26.211758,-26.440789,-26.672449,-26.906549,-27.142882,-27.381229,-27.621377,-27.863185,
496.0,0.500000
496.000000,496.500000,497.000000,497.500000,498.000000,498.500000,499.000000,499.500000,500.000000,500.500000,501.000000,501.500000,502.000000,502.500000,503.000000,503.500000,504.000000,504.500000,505.000000,505.500000,506.000000,506.500000,507.000000,507.500000,508.000000,508.500000,509.000000,509.500000,510.000000,510.500000,511.000000,
44.074474,44.431091,44.786796,45.141362,45.494656,45.846612,46.197213,46.546477,46.894451,47.241201,47.586813,47.931389,48.275047,48.617914,48.960134,49.301858,49.643243,49.984451,50.325642,50.666964,51.008549,51.350502,51.692890,52.035728,52.378977,52.722531,53.066210,53.409775,53.752955,54.095458,54.437079,
-21.942425,-22.100499,-22.260012,-22.421354,-22.584785,-22.750476,-22.918539,-23.089053,-23.262076,-23.437661,-23.615862,-23.796743,-23.980378,-24.166856,-24.356282,-24.548774,-24.744460,-24.943476,-25.145962,-25.352048,-25.561851,-25.775465,-25.992950,-26.214315,-26.439520,-26.668464,-26.900972,-27.136820,-27.375750,-27.617488,-27.861841,
497.0,0.466667
497.000000,497.466667,497.933333,498.400000,498.866667,499.333333,499.800000,500.266667,500.733333,501.200000,501.666667,502.133333,502.600000,503.066667,503.533333,504.000000,504.466667,504.933333,505.400000,505.866667,506.333333,506.800000,507.266667,507.733333,508.200000,508.666667,509.133333,509.600000,510.066667,510.533333,511.000000,
44.983363,45.315994,45.647908,45.978890,46.308782,46.637472,46.964878,47.290944,47.615629,47.938909,48.260773,48.581224,48.900275,49.217957,49.534314,49.849411,50.163332,50.476187,50.788109,51.099258,51.409823,51.720023,52.030098,52.340317,52.650966,52.962339,53.274733,53.588432,53.903683,54.220681,54.539541,
-22.351355,-22.505291,-22.660611,-22.817697,-22.976805,-23.138095,-23.301665,-23.467567,-23.635823,-23.806436,-23.979394,-24.154677,-24.332260,-24.512114,-24.694207,-24.878501,-25.064956,-25.253527,-25.444159,-25.636791,-25.831351,-26.027755,-26.225910,-26.425708,-26.627030,-26.829749,-27.033733,-27.238849,-27.444975,-27.652011,-27.859894,
498.0,0.433333
498.000000,498.433333,498.866667,499.300000,499.733333,500.166667,500.600000,501.033333,501.466667,501.900000,502.333333,502.766667,503.200000,503.633333,504.066667,504.500000,504.933333,505.366667,505.800000,506.233333,506.666667,507.100000,507.533333,507.966667,508.400000,508.833333,509.266667,509.700000,510.133333,510.566667,511.000000,
45.435907,45.745655,46.054695,46.362844,46.669995,46.976095,47.281134,47.585130,47.888126,48.190181,48.491365,48.791760,49.091454,49.390539,49.689113,49.987271,50.285110,50.582722,50.880192,51.177597,51.474999,51.772445,52.069961,52.367546,52.665176,52.962798,53.260329,53.557663,53.854687,54.151282,54.447370,
-22.561680,-22.707999,-22.855371,-23.004120,-23.154480,-23.306624,-23.460679,-23.616743,-23.774893,-23.935190,-24.097693,-24.262454,-24.429524,-24.598955,-24.770799,-24.945107,-25.121930,-25.301310,-25.483288,-25.667889,-25.855126,-26.044993,-26.237462,-26.432480,-26.629965,-26.829809,-27.031875,-27.236010,-27.442056,-27.649863,-27.859332,
499.0,0.400000
499.000000,499.400000,499.800000,500.200000,500.600000,501.000000,501.400000,501.800000,502.200000,502.600000,503.000000,503.400000,503.800000,504.200000,504.600000,505.000000,505.400000,505.800000,506.200000,506.600000,507.000000,507.400000,507.800000,508.200000,508.600000,509.000000,509.400000,509.800000,510.200000,510.600000,511.000000,
46.337114,46.622821,46.907916,47.192207,47.475552,47.757849,48.039027,48.319037,48.597851,48.875455,49.151852,49.427054,49.701088,49.973992,50.245818,50.516632,50.786514,51.055562,51.323890,51.591627,51.858925,52.125949,52.392884,52.659925,52.927283,53.195170,53.463799,53.733374,54.004072,54.276036,54.549349,
-22.994250,-23.135117,-23.277029,-23.420294,-23.565122,-23.711650,-23.859959,-24.010092,-24.162060,-24.315851,-24.471439,-24.628783,-24.787834,-24.948534,-25.110823,-25.274631,-25.439887,-25.606515,-25.774435,-25.943564,-26.113816,-26.285103,-26.457334,-26.630419,-26.804268,-26.978795,-27.153919,-27.329567,-27.505678,-27.682209,-27.859135,
500.0,0.366667
500.000000,500.366667,500.733333,501.100000,501.466667,501.833333,502.200000,502.566667,502.933333,503.300000,503.666667,504.033333,504.400000,504.766667,505.133333,505.500000,505.866667,506.233333,506.600000,506.966667,507.333333,507.700000,508.066667,508.433333,508.800000,509.166667,509.533333,509.900000,510.266667,510.633333,511.000000,
46.785744,47.048506,47.310798,47.572490,47.833502,48.093792,48.353344,48.612166,48.870283,49.127729,49.384549,49.640793,49.896513,50.151766,50.406605,50.661083,50.915251,51.169152,51.422825,51.676303,51.929606,52.182747,52.435729,52.688539,52.941156,53.193546,53.445664,53.697459,53.948878,54.199871,54.450405,
-23.216576,-23.348752,-23.481704,-23.615689,-23.750907,-23.887508,-24.025610,-24.165302,-24.306653,-24.449718,-24.594539,-24.741149,-24.889575,-25.039836,-25.191945,-25.345913,-25.501741,-25.659424,-25.818951,-25.980302,-26.143445,-26.308341,-26.474938,-26.643170,-26.812963,-26.984233,-27.156885,-27.330825,-27.505963,-27.682218,-27.859543,
501.0,0.333333
501.000000,501.333333,501.666667,502.000000,502.333333,502.666667,503.000000,503.333333,503.666667,504.000000,504.333333,504.666667,505.000000,505.333333,505.666667,506.000000,506.333333,506.666667,507.000000,507.333333,507.666667,508.000000,508.333333,508.666667,509.000000,509.333333,509.666667,510.000000,510.333333,510.666667,511.000000,
47.678978,47.917475,48.155469,48.392797,48.629341,48.865018,49.099773,49.333572,49.566403,49.798267,50.029178,50.259162,50.488256,50.716504,50.943963,51.170694,51.396770,51.622272,51.847287,52.071912,52.296252,52.520417,52.744525,52.968697,53.193057,53.417728,53.642830,53.868474,54.094756,54.321750,54.549499,
-23.673506,-23.798651,-23.924511,-24.051306,-24.179192,-24.308274,-24.438617,-24.570254,-24.703191,-24.837419,-24.972911,-25.109628,-25.247525,-25.386548,-25.526638,-25.667734,-25.809769,-25.952679,-26.096394,-26.240848,-26.385973,-26.531704,-26.677978,-26.824733,-26.971912,-27.119465,-27.267345,-27.415514,-27.563939,-27.712602,-27.861489,
502.0,0.300000
502.000000,502.300000,502.600000,502.900000,503.200000,503.500000,503.800000,504.100000,504.400000,504.700000,505.000000,505.300000,505.600000,505.900000,506.200000,506.500000,506.800000,507.100000,507.400000,507.700000,508.000000,508.300000,508.600000,508.900000,509.200000,509.500000,509.800000,510.100000,510.400000,510.700000,511.000000,
48.123549,48.338900,48.554034,48.768886,48.983410,49.197578,49.411373,49.624791,49.837832,50.050504,50.262819,50.474789,50.686428,50.897753,51.108774,51.319504,51.529950,51.740118,51.950007,52.159613,52.368928,52.577936,52.786618,52.994949,53.202900,53.410436,53.617523,53.824123,54.030204,54.235736,54.440703,
-23.908190,-24.023441,-24.139253,-24.255825,-24.373313,-24.491841,-24.611505,-24.732381,-24.854525,-24.977980,-25.102774,-25.228929,-25.356455,-25.485356,-25.615629,-25.747265,-25.880250,-26.014561,-26.150174,-26.287056,-26.425170,-26.564474,-26.704921,-26.846458,-26.989029,-27.132578,-27.277044,-27.422372,-27.568511,-27.715420,-27.863074,
503.0,0.266667
503.000000,503.266667,503.533333,503.800000,504.066667,504.333333,504.600000,504.866667,505.133333,505.400000,505.666667,505.933333,506.200000,506.466667,506.733333,507.000000,507.266667,507.533333,507.800000,508.066667,508.333333,508.600000,508.866667,509.133333,509.400000,509.666667,509.933333,510.200000,510.466667,510.733333,511.000000,
49.008520,49.199375,49.389900,49.579985,49.769549,49.958534,50.146902,50.334632,50.521714,50.708152,50.893959,51.079155,51.263769,51.447833,51.631386,51.814471,51.997133,52.179422,52.361390,52.543090,52.724578,52.905910,53.087143,53.268333,53.449534,53.630798,53.812175,53.993707,54.175430,54.357371,54.539546,
-24.390199,-24.496654,-24.603520,-24.710934,-24.819001,-24.927795,-25.037368,-25.147753,-25.258966,-25.371011,-25.483882,-25.597563,-25.712033,-25.827263,-25.943223,-26.059877,-26.177189,-26.295119,-26.413628,-26.532676,-26.652223,-26.772230,-26.892659,-27.013474,-27.134642,-27.256131,-27.377914,-27.499967,-27.622272,-27.744815,-27.867589,
504.0,0.233333
504.000000,504.233333,504.466667,504.700000,504.933333,505.166667,505.400000,505.633333,505.866667,506.100000,506.333333,506.566667,506.800000,507.033333,507.266667,507.500000,507.733333,507.966667,508.200000,508.433333,508.666667,508.900000,509.133333,509.366667,509.600000,509.833333,510.066667,510.300000,510.533333,510.766667,511.000000,
49.887822,50.054129,50.219997,50.385276,50.549858,50.713665,50.876648,51.038783,51.200063,51.360501,51.520125,51.678974,51.837100,51.994564,52.151435,52.307789,52.463709,52.619282,52.774601,52.929760,53.084858,53.239994,53.395267,53.550774,53.706611,53.862869,54.019631,54.176972,54.334954,54.493622,54.653002,
-24.889325,-24.985933,-25.082731,-25.179779,-25.277120,-25.374779,-25.472769,-25.571092,-25.669743,-25.768706,-25.867964,-25.967493,-26.067265,-26.167252,-26.267422,-26.367744,-26.468188,-26.568722,-26.669318,-26.769948,-26.870587,-26.971213,-27.071807,-27.172351,-27.272833,-27.373243,-27.473574,-27.573823,-27.673988,-27.774069,-27.874068,
505.0,0.200000
505.000000,505.200000,505.400000,505.600000,505.800000,506.000000,506.200000,506.400000,506.600000,506.800000,507.000000,507.200000,507.400000,507.600000,507.800000,508.000000,508.200000,508.400000,508.600000,508.800000,509.000000,509.200000,509.400000,509.600000,509.800000,510.000000,510.200000,510.400000,510.600000,510.800000,511.000000,
50.325307,50.468069,50.610713,50.753195,50.895480,51.037542,51.179358,51.320915,51.462199,51.603206,51.743932,51.884377,52.024542,52.164433,52.304056,52.443417,52.582527,52.721394,52.860028,52.998441,53.136643,53.274645,53.412457,53.550091,53.687556,53.824860,53.962013,54.099020,54.235888,54.372621,54.509220,
-25.145407,-25.229991,-25.314800,-25.399919,-25.485413,-25.571339,-25.657737,-25.744639,-25.832068,-25.920038,-26.008559,-26.097633,-26.187257,-26.277426,-26.368130,-26.459355,-26.551089,-26.643312,-26.736007,-26.829155,-26.922735,-27.016727,-27.111110,-27.205864,-27.300969,-27.396408,-27.492164,-27.588222,-27.684571,-27.781202,-27.878110,
