88.0,1.300000
88.000000,89.300000,90.600000,91.900000,93.200000,94.500000,95.800000,97.100000,98.400000,99.700000,101.000000,102.300000,103.600000,104.900000,106.200000,107.500000,108.800000,110.100000,111.400000,112.700000,114.000000,115.300000,116.600000,117.900000,119.200000,120.500000,121.800000,123.100000,124.400000,125.700000,127.000000,
27.899643,27.497876,27.079172,26.641735,26.185060,25.709279,25.214772,24.701967,24.171193,23.622718,23.056731,22.473260,21.872285,21.253798,20.617886,19.964800,19.295162,18.610486,17.912787,17.204610,16.489516,15.771565,15.055231,14.345662,13.647509,12.963338,12.290271,11.620621,10.938442,10.209119,9.402184,
22.861620,22.421460,21.977104,21.528050,21.074075,20.615023,20.150767,19.681170,19.206060,18.725249,18.238540,17.745731,17.246642,16.741168,16.229386,15.711529,15.188083,14.660103,14.128887,13.595868,13.062608,12.530791,12.002327,11.479633,10.965473,10.463088,9.976721,9.510260,9.065560,8.639067,8.226741,
89.0,1.266667
89.000000,90.266667,91.533333,92.800000,94.066667,95.333333,96.600000,97.866667,99.133333,100.400000,101.666667,102.933333,104.200000,105.466667,106.733333,108.000000,109.266667,110.533333,111.800000,113.066667,114.333333,115.600000,116.866667,118.133333,119.400000,120.666667,121.933333,123.200000,124.466667,125.733333,127.000000,
27.572639,27.172175,26.756098,26.322702,25.871485,25.402525,24.916125,24.412635,23.892311,23.355353,22.801890,22.231918,21.645395,21.042316,20.422815,19.787207,19.136177,18.471274,17.794507,17.108328,16.415955,15.720918,15.026847,14.337342,13.655320,12.981821,12.313295,11.642570,10.956918,10.231661,9.445465,
22.499610,22.074130,21.644403,21.209917,20.770453,20.325879,19.876095,19.420997,18.960442,18.494272,18.022319,17.544408,17.060391,16.570193,16.073926,15.571859,15.064507,14.552927,14.038412,13.522383,13.006375,12.491990,11.980914,11.474986,10.976167,10.486604,10.008848,9.545122,9.096327,8.659994,8.233414,
90.0,1.233333
90.000000,91.233333,92.466667,93.700000,94.933333,96.166667,97.400000,98.633333,99.866667,101.100000,102.333333,103.566667,104.800000,106.033333,107.266667,108.500000,109.733333,110.966667,112.200000,113.433333,114.666667,115.900000,117.133333,118.366667,119.600000,120.833333,122.066667,123.300000,124.533333,125.766667,127.000000,
27.236965,26.838037,26.424677,25.995261,25.549296,25.086817,24.608067,24.113333,23.602814,23.076655,22.534941,21.977647,21.404724,20.816180,20.212195,19.593141,18.959755,18.313578,17.656572,16.991054,16.319892,15.646113,14.972625,14.301854,13.635447,12.973401,12.311918,11.644505,10.961022,10.243952,9.478477,
22.139876,21.727726,21.311344,20.890212,20.464115,20.032937,19.596598,19.155019,18.708080,18.255646,17.797574,17.333716,16.863953,16.388242,15.906729,15.419716,14.927741,14.431852,13.933317,13.433519,12.933926,12.436029,11.941291,11.451079,10.966725,10.489559,10.020951,9.561986,9.112939,8.672126,8.237789,
91.0,1.200000
91.000000,92.200000,93.400000,94.600000,95.800000,97.000000,98.200000,99.400000,100.600000,101.800000,103.000000,104.200000,105.400000,106.600000,107.800000,109.000000,110.200000,111.400000,112.600000,113.800000,115.000000,116.200000,117.400000,118.600000,119.800000,121.000000,122.200000,123.400000,124.600000,125.800000,127.000000,
26.893544,26.496268,26.085624,25.660063,25.219103,24.762743,24.291179,23.804649,23.303305,22.787253,22.256544,21.711142,21.151004,20.576154,19.986814,19.383403,18.766688,18.138173,17.499739,16.853545,16.202130,15.548080,14.893728,14.240661,13.589664,12.940082,12.288139,11.628039,10.951605,10.246216,9.501444,
21.782523,21.382461,20.978234,20.569323,20.155516,19.736708,19.312835,18.883834,18.449605,18.010032,17.564995,17.114371,16.658069,16.196079,15.728576,15.255890,14.778575,14.297652,13.814346,13.329977,12.845925,12.363554,11.884128,11.408663,10.938041,10.473039,10.014271,9.562119,9.116488,8.676221,8.240190,
92.0,1.166667
92.000000,93.166667,94.333333,95.500000,96.666667,97.833333,99.000000,100.166667,101.333333,102.500000,103.666667,104.833333,106.000000,107.166667,108.333333,109.500000,110.666667,111.833333,113.000000,114.166667,115.333333,116.500000,117.666667,118.833333,120.000000,121.166667,122.333333,123.500000,124.666667,125.833333,127.000000,
26.543226,26.147687,25.739747,25.317928,24.881755,24.431201,23.966423,23.487619,22.994906,22.488358,21.968006,21.433813,20.885742,20.323841,19.748362,19.159760,18.558813,17.946966,17.325997,16.697903,16.064936,15.429322,14.792953,14.156867,13.521309,12.885261,12.245113,11.595696,10.930247,10.239298,9.515216,
21.427643,21.038580,20.645463,20.247774,19.845302,19.437949,19.025664,18.608395,18.186058,17.758556,17.325787,16.887655,16.444097,15.995130,15.540957,15.081925,14.618595,14.151944,13.683137,13.213419,12.744068,12.276324,11.811291,11.349751,10.892305,10.439396,9.991219,9.547776,9.108788,8.673421,8.240921,
93.0,1.133333
93.000000,94.133333,95.266667,96.400000,97.533333,98.666667,99.800000,100.933333,102.066667,103.200000,104.333333,105.466667,106.600000,107.733333,108.866667,110.000000,111.133333,112.266667,113.400000,114.533333,115.666667,116.800000,117.933333,119.066667,120.200000,121.333333,122.466667,123.600000,124.733333,125.866667,127.000000,
26.186796,25.793176,25.388047,24.969993,24.538546,24.093655,23.635446,23.164084,22.679660,22.182226,21.671800,21.148346,20.611845,20.062361,19.500175,18.925763,18.339900,17.743961,17.139611,16.528690,15.913206,15.295090,14.675910,14.056351,13.436335,12.814671,12.187979,11.551625,10.899854,10.225208,9.521806,
21.075310,20.696412,20.313600,19.926360,19.534483,19.137877,18.736496,18.330300,17.919220,17.503173,17.082078,16.655862,16.224489,15.788002,15.346621,14.900707,14.450815,13.997869,13.542963,13.087258,12.631931,12.178110,11.726775,11.278565,10.833924,10.393120,9.956149,9.522837,9.092834,8.665496,8.240271,
94.0,1.100000
94.000000,95.100000,96.200000,97.300000,98.400000,99.500000,100.600000,101.700000,102.800000,103.900000,105.000000,106.100000,107.200000,108.300000,109.400000,110.500000,111.600000,112.700000,113.800000,114.900000,116.000000,117.100000,118.200000,119.300000,120.400000,121.500000,122.600000,123.700000,124.800000,125.900000,127.000000,
25.824973,25.433607,25.031559,24.617472,24.190883,23.751720,23.300081,22.836105,22.359863,21.871392,21.370703,20.857769,20.332586,19.795241,19.246034,18.685455,18.114269,17.533770,16.945511,16.351179,15.752566,15.151360,14.548875,13.945558,13.341143,12.734371,12.122113,11.500207,10.863665,10.206386,9.523654,
20.725585,20.356283,19.983227,19.605910,19.224125,18.837782,18.446842,18.051273,17.651019,17.246012,16.836188,16.421500,16.001934,15.577557,15.148601,14.715433,14.278595,13.838953,13.397525,12.955387,12.513619,12.073249,11.635158,11.199901,10.767839,10.339154,9.913760,9.491421,9.071774,8.654281,8.238505,
95.0,1.066667
95.000000,96.066667,97.133333,98.200000,99.266667,100.333333,101.400000,102.466667,103.533333,104.600000,105.666667,106.733333,107.800000,108.866667,109.933333,111.000000,112.066667,113.133333,114.200000,115.266667,116.333333,117.400000,118.466667,119.533333,120.600000,121.666667,122.733333,123.800000,124.866667,125.933333,127.000000,
25.458416,25.069821,24.671320,24.261610,23.840228,23.407085,22.962256,22.505854,22.037937,21.558535,21.067655,20.565287,20.051444,19.526236,18.989981,18.443177,17.886571,17.321375,16.749019,16.171042,15.589029,15.004440,14.418366,13.831072,13.242160,12.650361,12.052820,11.445831,10.825085,10.185577,9.523509,
20.378516,20.018507,19.654918,19.287250,18.915296,18.538969,18.158234,17.773068,17.383423,16.989250,16.590502,16.187151,15.779208,15.366759,14.950048,14.529440,14.105461,13.678921,13.250759,12.821966,12.393530,11.966383,11.541318,11.118820,10.699188,10.282551,9.868781,9.457613,9.048693,8.641564,8.235869,
96.0,1.033333
96.000000,97.033333,98.066667,99.100000,100.133333,101.166667,102.200000,103.233333,104.266667,105.300000,106.333333,107.366667,108.400000,109.433333,110.466667,111.500000,112.533333,113.566667,114.600000,115.633333,116.666667,117.700000,118.733333,119.766667,120.800000,121.833333,122.866667,123.900000,124.933333,125.966667,127.000000,
25.087727,24.702463,24.308022,23.903151,23.487388,23.060627,22.622920,22.174360,21.714998,21.244859,20.763957,20.272297,19.769918,19.256950,18.733727,18.200749,17.658740,17.108820,16.552297,15.990553,15.424971,14.856794,14.286906,13.715423,13.141859,12.564969,11.982195,11.390290,10.785588,10.164039,9.522631,
20.034139,19.683236,19.328934,18.970744,18.608462,18.242001,17.871329,17.496429,17.117266,16.733804,16.346014,15.953889,15.557460,15.156832,14.752256,14.344095,13.932856,13.519290,13.104262,12.688677,12.273432,11.859365,11.447182,11.037302,10.629970,10.225267,9.823036,9.423000,9.024821,8.628113,8.232590,
97.0,1.000000
97.000000,98.000000,99.000000,100.000000,101.000000,102.000000,103.000000,104.000000,105.000000,106.000000,107.000000,108.000000,109.000000,110.000000,111.000000,112.000000,113.000000,114.000000,115.000000,116.000000,117.000000,118.000000,119.000000,120.000000,121.000000,122.000000,123.000000,124.000000,125.000000,126.000000,127.000000,
24.713454,24.332126,23.942308,23.542795,23.133124,22.713172,22.282971,21.842601,21.392107,20.931516,20.460852,19.980142,19.489450,18.988931,18.478927,17.959935,17.432646,16.898082,16.357419,15.811875,15.262631,14.710712,14.156807,13.600901,13.042448,12.480264,11.912111,11.335224,10.746578,10.143022,9.522271,
19.692479,19.350598,19.005505,18.656722,18.304045,17.947389,17.586725,17.222040,16.853312,16.480519,16.103646,15.722710,15.337761,14.948920,14.556445,14.160693,13.762151,13.361511,12.959566,12.557135,12.155019,11.753961,11.354572,10.957199,10.562023,10.169070,9.778152,9.388981,9.001235,8.614605,8.228874,
98.0,0.966667
98.000000,98.966667,99.933333,100.900000,101.866667,102.833333,103.800000,104.766667,105.733333,106.700000,107.666667,108.633333,109.600000,110.566667,111.533333,112.500000,113.466667,114.433333,115.400000,116.366667,117.333333,118.300000,119.266667,120.233333,121.200000,122.166667,123.133333,124.100000,125.066667,126.033333,127.000000,
24.336091,23.959393,23.574853,23.181311,22.778304,22.365695,21.943498,21.511782,21.070592,20.619965,20.159939,19.690565,19.211935,18.724224,18.227782,17.723091,17.210796,16.691811,16.167164,15.637897,15.104973,14.569198,14.031060,13.490428,12.946715,12.398833,11.844905,11.282695,10.709862,10.124176,9.524080,
19.353550,19.020738,18.684902,18.345577,18.002559,17.655765,17.305166,16.950756,16.592524,16.230461,15.864572,15.494892,15.121493,14.744513,14.364212,13.980943,13.595170,13.207529,12.818734,12.429516,12.040574,11.652539,11.265913,10.880948,10.497732,10.116218,9.736169,9.357275,8.979230,8.601818,8.224906,
99.0,0.933333
99.000000,99.933333,100.866667,101.800000,102.733333,103.666667,104.600000,105.533333,106.466667,107.400000,108.333333,109.266667,110.200000,111.133333,112.066667,113.000000,113.933333,114.866667,115.800000,116.733333,117.666667,118.600000,119.533333,120.466667,121.400000,122.333333,123.266667,124.200000,125.133333,126.066667,127.000000,
23.956084,23.584799,23.206283,22.819420,22.423748,22.019119,21.605534,21.183056,20.751735,20.311622,19.862774,19.405270,18.939227,18.464841,17.982453,17.492521,16.995629,16.492562,15.984179,15.471325,14.954734,14.434974,13.912333,13.386573,12.857093,12.322939,11.782652,11.234590,10.677172,10.109140,9.529700,
19.017354,18.693779,18.367368,18.037666,17.704473,17.367703,17.027333,16.683361,16.335788,15.984622,15.629886,15.271636,14.909966,14.545030,14.177093,13.806501,13.433690,13.059236,12.683772,12.307929,11.932287,11.557343,11.183467,10.810776,10.439239,10.068698,9.698847,9.329342,8.959897,8.590408,8.220853,
100.0,0.900000
100.000000,100.900000,101.800000,102.700000,103.600000,104.500000,105.400000,106.300000,107.200000,108.100000,109.000000,109.900000,110.800000,111.700000,112.600000,113.500000,114.400000,115.300000,116.200000,117.100000,118.000000,118.900000,119.800000,120.700000,121.600000,122.500000,123.400000,124.300000,125.200000,126.100000,127.000000,
23.573833,23.208802,22.837112,22.457695,22.070095,21.674154,21.269868,20.857298,20.436506,20.007560,19.570540,19.125552,18.672734,18.212293,17.744551,17.269919,16.788899,16.302123,15.810261,15.313938,14.813642,14.309698,13.802198,13.290816,12.774975,12.253905,11.726628,11.192167,10.649762,10.099176,9.540391,
18.683887,18.369802,18.053061,17.733225,17.410095,17.083588,16.753682,16.420385,16.083710,15.743684,15.400351,15.053789,14.704115,14.351499,13.996208,13.638576,13.279010,12.918015,12.556130,12.193873,11.831679,11.469889,11.108704,10.748079,10.387824,10.027647,9.667155,9.305966,8.943821,8.580752,8.216863,
101.0,0.866667
101.000000,101.866667,102.733333,103.600000,104.466667,105.333333,106.200000,107.066667,107.933333,108.800000,109.666667,110.533333,111.400000,112.266667,113.133333,114.000000,114.866667,115.733333,116.600000,117.466667,118.333333,119.200000,120.066667,120.933333,121.800000,122.666667,123.533333,124.400000,125.266667,126.133333,127.000000,
23.189695,22.831685,22.467555,22.096285,21.717428,21.330828,20.936478,20.534442,20.124800,19.707638,19.283060,18.851191,18.412183,17.966239,17.513643,17.054739,16.589920,16.119649,15.644389,15.164536,14.680332,14.191878,13.699093,13.201605,12.698912,12.190484,11.675863,11.154768,10.627271,10.094104,9.555975,
18.353134,18.048757,17.741899,17.432136,17.119273,16.803231,16.483994,16.161580,15.836019,15.507357,15.175660,14.841032,14.503609,14.163576,13.821195,13.476784,13.130705,12.783384,12.435250,12.086692,11.737980,11.389278,11.040602,10.691723,10.342285,9.991855,9.639959,9.286187,8.930321,8.572534,8.213065,
102.0,0.833333
102.000000,102.833333,103.666667,104.500000,105.333333,106.166667,107.000000,107.833333,108.666667,109.500000,110.333333,111.166667,112.000000,112.833333,113.666667,114.500000,115.333333,116.166667,117.000000,117.833333,118.666667,119.500000,120.333333,121.166667,122.000000,122.833333,123.666667,124.500000,125.333333,126.166667,127.000000,
22.803985,22.453678,22.097756,21.735255,21.365743,20.989068,20.605229,20.214299,19.816371,19.411553,18.999966,18.581742,18.157036,17.726026,17.288939,16.846027,16.397559,15.943813,15.485041,15.021414,14.552956,14.079571,13.601054,13.117042,12.627163,12.131176,11.629156,11.121509,10.609089,10.093478,9.576007,
18.025075,17.730576,17.433763,17.134231,16.831791,16.526372,16.217968,15.906608,15.592342,15.275238,14.955387,14.632912,14.307968,13.980746,13.651498,13.320509,12.988087,12.654562,12.320242,11.985366,11.650033,11.314217,10.977742,10.640204,10.301082,9.959821,9.615887,9.268863,8.918587,8.565370,8.209573,
103.0,0.800000
103.000000,103.800000,104.600000,105.400000,106.200000,107.000000,107.800000,108.600000,109.400000,110.200000,111.000000,111.800000,112.600000,113.400000,114.200000,115.000000,115.800000,116.600000,117.400000,118.200000,119.000000,119.800000,120.600000,121.400000,122.200000,123.000000,123.800000,124.600000,125.400000,126.200000,127.000000,
22.416979,22.074975,21.727839,21.374663,21.015037,20.648819,20.276016,19.896711,19.511010,19.119034,18.720910,18.316768,17.906741,17.490968,17.069594,16.642765,16.210609,15.773220,15.330646,14.882857,14.429691,13.970912,13.506244,13.035391,12.558167,12.074653,11.585447,11.091588,10.594622,10.096826,9.600013,
17.699679,17.415186,17.128539,16.839354,16.547455,16.252781,15.955339,15.655176,15.352362,15.046989,14.739167,14.429038,14.116767,13.802543,13.486592,13.169155,12.850470,12.530757,12.210188,11.888848,11.566656,11.243400,10.918721,10.592055,10.262746,9.930143,9.593680,9.252962,8.907895,8.558913,8.206482,
104.0,0.766667
104.000000,104.766667,105.533333,106.300000,107.066667,107.833333,108.600000,109.366667,110.133333,110.900000,111.666667,112.433333,113.200000,113.966667,114.733333,115.500000,116.266667,117.033333,117.800000,118.566667,119.333333,120.100000,120.866667,121.633333,122.400000,123.166667,123.933333,124.700000,125.466667,126.233333,127.000000,
21.640011,21.305622,20.966621,20.622125,20.271692,19.915128,19.552379,19.183470,18.808464,18.427451,18.040552,17.647930,17.249787,16.846382,16.438062,16.025238,15.608383,15.188045,14.764791,14.339156,13.911579,13.482366,13.051620,12.619095,12.184258,11.746249,11.303759,10.855231,10.398994,9.933367,9.457172,
17.056734,16.784018,16.509339,16.232323,15.952786,15.670647,15.385886,15.098518,14.808576,14.516106,14.221175,13.923873,13.624320,13.322672,13.019145,12.714006,12.407574,12.100244,11.792454,11.484669,11.177370,10.871031,10.566094,10.262926,9.961827,9.663004,9.366527,9.072360,8.780360,8.490254,8.201810,
105.0,0.733333
105.000000,105.733333,106.466667,107.200000,107.933333,108.666667,109.400000,110.133333,110.866667,111.600000,112.333333,113.066667,113.800000,114.533333,115.266667,116.000000,116.733333,117.466667,118.200000,118.933333,119.666667,120.400000,121.133333,121.866667,122.600000,123.333333,124.066667,124.800000,125.533333,126.266667,127.000000,
21.250432,20.925497,20.596242,20.261851,19.921946,19.576402,19.225252,18.868621,18.506690,18.139683,17.767857,17.391499,17.010921,16.626446,16.238405,15.847110,15.452827,15.055723,14.655873,14.253230,13.847565,13.438524,13.025652,12.608387,12.186152,11.758435,11.324899,10.885395,10.440039,9.989353,9.533822,
16.739097,16.476469,16.211928,15.945129,15.675921,15.404277,15.130242,14.853916,14.575433,14.294960,14.012691,13.728855,13.443700,13.157495,12.870520,12.583050,12.295327,12.007534,11.719783,11.432100,11.144378,10.856414,10.567921,10.278512,9.987771,9.695296,9.400765,9.103957,8.804815,8.503539,8.200348,
106.0,0.700000
106.000000,106.700000,107.400000,108.100000,108.800000,109.500000,110.200000,110.900000,111.600000,112.300000,113.000000,113.700000,114.400000,115.100000,115.800000,116.500000,117.200000,117.900000,118.600000,119.300000,120.000000,120.700000,121.400000,122.100000,122.800000,123.500000,124.200000,124.900000,125.600000,126.300000,127.000000,
20.860329,20.545456,20.226690,19.903282,19.574884,19.241390,18.902839,18.559357,18.211121,17.858338,17.501234,17.140046,16.775010,16.406356,16.034288,15.658976,15.280529,14.898957,14.514187,14.126046,13.734235,13.338384,12.938095,12.532973,12.122701,11.707127,11.286394,10.860898,10.431313,9.998674,9.563810,
16.423951,16.171625,15.917550,15.661410,15.403078,15.142543,14.879868,14.615165,14.348581,14.080286,13.810473,13.539352,13.267144,12.994071,12.720347,12.446163,12.171666,11.896922,11.621926,11.346578,11.070650,10.793823,10.515702,10.235822,9.953703,9.668913,9.381136,9.090192,8.796086,8.499102,8.199525,
107.0,0.666667
107.000000,107.666667,108.333333,109.000000,109.666667,110.333333,111.000000,111.666667,112.333333,113.000000,113.666667,114.333333,115.000000,115.666667,116.333333,117.000000,117.666667,118.333333,119.000000,119.666667,120.333333,121.000000,121.666667,122.333333,123.000000,123.666667,124.333333,125.000000,125.666667,126.333333,127.000000,
20.469821,20.165481,19.857685,19.545752,19.229363,18.908415,18.582945,18.253063,17.918921,17.580691,17.238551,16.892669,16.543197,16.190260,15.833941,15.474275,15.111234,14.744704,14.374498,14.000370,13.621999,13.239051,12.851229,12.458337,12.060330,11.657396,11.250098,10.839281,10.426053,10.011814,9.597622,
16.111242,15.869337,15.625857,15.380520,15.133221,14.883967,14.632833,14.379940,14.125437,13.869493,13.612287,13.354001,13.094817,12.834899,12.574387,12.313380,12.051921,11.789968,11.527396,11.263989,10.999413,10.733251,10.465031,10.194234,9.920350,9.642946,9.361738,9.076597,8.787592,8.495073,8.199368,
108.0,0.633333
108.000000,108.633333,109.266667,109.900000,110.533333,111.166667,111.800000,112.433333,113.066667,113.700000,114.333333,114.966667,115.600000,116.233333,116.866667,117.500000,118.133333,118.766667,119.400000,120.033333,120.666667,121.300000,121.933333,122.566667,123.200000,123.833333,124.466667,125.100000,125.733333,126.366667,127.000000,
20.079005,19.785615,19.489222,19.189211,18.885281,18.577324,18.265349,17.949436,17.629689,17.306227,16.979160,16.648575,16.314534,15.977058,15.636117,15.291633,14.943473,14.591432,14.235262,13.874687,13.509418,13.139203,12.763884,12.383476,11.998202,11.608559,11.215452,10.820072,10.423836,10.028368,9.634851,
15.800911,15.569525,15.336756,15.102361,14.866254,14.628455,14.389044,14.148142,13.905890,13.662442,13.417951,13.172559,12.926396,12.679560,12.432108,12.184047,11.935318,11.685772,11.435178,11.183221,10.929483,10.673477,10.414683,10.152560,9.886604,9.616406,9.341731,9.062511,8.778876,8.491219,8.199893,
109.0,0.600000
109.000000,109.600000,110.200000,110.800000,111.400000,112.000000,112.600000,113.200000,113.800000,114.400000,115.000000,115.600000,116.200000,116.800000,117.400000,118.000000,118.600000,119.200000,119.800000,120.400000,121.000000,121.600000,122.200000,122.800000,123.400000,124.000000,124.600000,125.200000,125.800000,126.400000,127.000000,
19.687952,19.405972,19.121494,18.833945,18.543000,18.248486,17.950323,17.648485,17.342961,17.033745,16.720825,16.404161,16.083696,15.759348,15.431005,15.098539,14.761807,14.420663,14.074969,13.724615,13.369548,13.009790,12.645480,12.276932,11.904642,11.529326,11.151999,10.773866,10.396249,10.020536,9.647698,
15.492896,15.272191,15.050364,14.827196,14.602590,14.376531,14.149049,13.920202,13.690063,13.458704,13.226194,12.992585,12.757913,12.522189,12.285390,12.047459,11.808298,11.567758,11.325643,11.081714,10.835674,10.587198,10.335944,10.081574,9.823784,9.562343,9.297149,9.028219,8.755698,8.479904,8.201106,
110.0,0.566667
110.000000,110.566667,111.133333,111.700000,112.266667,112.833333,113.400000,113.966667,114.533333,115.100000,115.666667,116.233333,116.800000,117.366667,117.933333,118.500000,119.066667,119.633333,120.200000,120.766667,121.333333,121.900000,122.466667,123.033333,123.600000,124.166667,124.733333,125.300000,125.866667,126.433333,127.000000,
18.905327,18.634172,18.360643,18.084207,17.804586,17.521663,17.235429,16.945944,16.653308,16.357643,16.059082,15.757756,15.453790,15.147296,14.838365,14.527064,14.213430,13.897462,13.579124,13.258346,12.935020,12.609017,12.280199,11.948434,11.613612,11.275668,10.934611,10.590518,10.243526,9.893855,9.541676,
14.883564,14.674515,14.464415,14.253050,14.040327,13.826230,13.610797,13.394098,13.176227,12.957288,12.737391,12.516650,12.295172,12.073060,11.850402,11.627270,11.403718,11.179768,10.955417,10.730631,10.505346,10.279471,10.052902,9.825525,9.597227,9.367917,9.137537,8.906068,8.673533,8.440011,8.205574,
111.0,0.533333
111.000000,111.533333,112.066667,112.600000,113.133333,113.666667,114.200000,114.733333,115.266667,115.800000,116.333333,116.866667,117.400000,117.933333,118.466667,119.000000,119.533333,120.066667,120.600000,121.133333,121.666667,122.200000,122.733333,123.266667,123.800000,124.333333,124.866667,125.400000,125.933333,126.466667,127.000000,
18.513803,18.254911,17.994057,17.730769,17.464773,17.195929,16.924185,16.649543,16.372037,16.091717,15.808638,15.522852,15.234398,14.943305,14.649584,14.353226,14.054207,13.752482,13.447994,13.140684,12.830492,12.517379,12.201340,11.882424,11.560749,11.236510,10.910013,10.581637,10.251809,9.920991,9.589505,
14.582115,14.383906,14.184857,13.984793,13.783632,13.581358,13.377994,13.173592,12.968217,12.761938,12.554826,12.346943,12.138343,11.929064,11.719123,11.508515,11.297212,11.085154,10.872254,10.658402,10.443461,10.227280,10.009705,9.790590,9.569807,9.347267,9.122935,8.896831,8.669024,8.439644,8.208798,
112.0,0.500000
112.000000,112.500000,113.000000,113.500000,114.000000,114.500000,115.000000,115.500000,116.000000,116.500000,117.000000,117.500000,118.000000,118.500000,119.000000,119.500000,120.000000,120.500000,121.000000,121.500000,122.000000,122.500000,123.000000,123.500000,124.000000,124.500000,125.000000,125.500000,126.000000,126.500000,127.000000,
18.122145,17.875922,17.628118,17.378310,17.126224,16.871686,16.614589,16.354869,16.092487,15.827415,15.559633,15.289114,15.015826,14.739733,14.460787,14.178937,13.894129,13.606313,13.315450,13.021522,12.724550,12.424602,12.121807,11.816389,11.508653,11.199007,10.887970,10.576134,10.264111,9.952504,9.641718,
14.282719,14.095513,13.907697,13.719132,13.529745,13.339507,13.148419,12.956495,12.763758,12.570230,12.375927,12.180852,11.984995,11.788326,11.590793,11.392321,11.192810,10.992133,10.790142,10.586672,10.381542,10.174569,9.965579,9.754422,9.540978,9.325179,9.107023,8.886565,8.663914,8.439233,8.212650,
113.0,0.466667
113.000000,113.466667,113.933333,114.400000,114.866667,115.333333,115.800000,116.266667,116.733333,117.200000,117.666667,118.133333,118.600000,119.066667,119.533333,120.000000,120.466667,120.933333,121.400000,121.866667,122.333333,122.800000,123.266667,123.733333,124.200000,124.666667,125.133333,125.600000,126.066667,126.533333,127.000000,
17.730339,17.497158,17.262680,17.026508,16.788344,16.547966,16.305202,16.059912,15.811981,15.561306,15.307796,15.051365,14.791934,14.529433,14.263801,13.994993,13.722987,13.447790,13.169444,12.888037,12.603717,12.316697,12.027260,11.735782,11.442720,11.148609,10.854072,10.559768,10.266349,9.974406,9.684323,
13.985310,13.809253,13.632788,13.455797,13.278197,13.099925,12.920937,12.741191,12.560650,12.379269,12.197003,12.013790,11.829561,11.644233,11.457708,11.269875,11.080610,10.889778,10.697233,10.502832,10.306427,10.107883,9.907081,9.703930,9.498373,9.290398,9.080047,8.867408,8.652606,8.435797,8.217098,
114.0,0.433333
114.000000,114.433333,114.866667,115.300000,115.733333,116.166667,116.600000,117.033333,117.466667,117.900000,118.333333,118.766667,119.200000,119.633333,120.066667,120.500000,120.933333,121.366667,121.800000,122.233333,122.666667,123.100000,123.533333,123.966667,124.400000,124.833333,125.266667,125.700000,126.133333,126.566667,127.000000,
16.946175,16.725827,16.504367,16.281491,16.057000,15.830773,15.602746,15.372890,15.141202,14.907692,14.672380,14.435284,14.196419,13.955796,13.713416,13.469271,13.223345,12.975615,12.726053,12.474631,12.221324,11.966119,11.709017,11.450040,11.189239,10.926688,10.662499,10.396805,10.129751,9.861484,9.592104,
13.396177,13.232007,13.067443,12.902389,12.736791,12.570628,12.403896,12.236607,12.068780,11.900437,11.731601,11.562288,11.392510,11.222271,11.051564,10.880372,10.708669,10.536415,10.363565,10.190067,10.015863,9.840898,9.665120,9.488485,9.310961,9.132536,8.953214,8.773020,8.591992,8.410183,8.227630,
115.0,0.400000
115.000000,115.400000,115.800000,116.200000,116.600000,117.000000,117.400000,117.800000,118.200000,118.600000,119.000000,119.400000,119.800000,120.200000,120.600000,121.000000,121.400000,121.800000,122.200000,122.600000,123.000000,123.400000,123.800000,124.200000,124.600000,125.000000,125.400000,125.800000,126.200000,126.600000,127.000000,
16.553737,16.347302,16.139959,15.931421,15.721482,15.509989,15.296833,15.081933,14.865232,14.646688,14.426267,14.203945,13.979702,13.753522,13.525395,13.295314,13.063278,12.829299,12.593398,12.355615,12.116010,11.874670,11.631708,11.387273,11.141546,10.894736,10.647086,10.398850,10.150275,9.901587,9.652926,
13.104319,12.951567,12.798593,12.645324,12.491706,12.337695,12.183254,12.028352,11.872958,11.717040,11.560564,11.403492,11.245779,11.087377,10.928228,10.768270,10.607435,10.445651,10.282845,10.118943,9.953878,9.787586,9.620019,9.451144,9.280944,9.109425,8.936618,8.762572,8.587348,8.411017,8.233629,
116.0,0.366667
116.000000,116.366667,116.733333,117.100000,117.466667,117.833333,118.200000,118.566667,118.933333,119.300000,119.666667,120.033333,120.400000,120.766667,121.133333,121.500000,121.866667,122.233333,122.600000,122.966667,123.333333,123.700000,124.066667,124.433333,124.800000,125.166667,125.533333,125.900000,126.266667,126.633333,127.000000,
16.160995,15.968881,15.775936,15.581876,15.386477,15.189565,14.991001,14.790678,14.588508,14.384425,14.178377,13.970326,13.760249,13.548133,13.333982,13.117814,12.899666,12.679594,12.457678,12.234023,12.008767,11.782077,11.554152,11.325228,11.095572,10.865475,10.635250,10.405213,10.175656,9.946832,9.718894,
12.814178,12.673014,12.531739,12.390293,12.248612,12.106632,11.964283,11.821497,11.678197,11.534307,11.389746,11.244429,11.098271,10.951180,10.803065,10.653833,10.503391,10.351649,10.198523,10.043935,9.887816,9.730114,9.570791,9.409830,9.247235,9.083032,8.917271,8.750019,8.581350,8.411344,8.240054,
117.0,0.333333
117.000000,117.333333,117.666667,118.000000,118.333333,118.666667,119.000000,119.333333,119.666667,120.000000,120.333333,120.666667,121.000000,121.333333,121.666667,122.000000,122.333333,122.666667,123.000000,123.333333,123.666667,124.000000,124.333333,124.666667,125.000000,125.333333,125.666667,126.000000,126.333333,126.666667,127.000000,
15.374360,15.196778,15.018689,14.839924,14.660359,14.479898,14.298473,14.116032,13.932541,13.747972,13.562308,13.375533,13.187639,12.998615,12.808456,12.617154,12.424704,12.231101,12.036344,11.840432,11.643369,11.445164,11.245830,11.045388,10.843864,10.641294,10.437715,10.233172,10.027708,9.821363,9.614161,
12.238789,12.109890,11.980866,11.851676,11.722292,11.592691,11.462857,11.332778,11.202443,11.071846,10.940980,10.809836,10.678407,10.546685,10.414659,10.282320,10.149654,10.016651,9.883297,9.749581,9.615493,9.481024,9.346168,9.210924,9.075294,8.939283,8.802904,8.666168,8.529093,8.391694,8.253983,
118.0,0.300000
118.000000,118.300000,118.600000,118.900000,119.200000,119.500000,119.800000,120.100000,120.400000,120.700000,121.000000,121.300000,121.600000,121.900000,122.200000,122.500000,122.800000,123.100000,123.400000,123.700000,124.000000,124.300000,124.600000,124.900000,125.200000,125.500000,125.800000,126.100000,126.400000,126.700000,127.000000,
14.980336,14.818102,14.655445,14.492206,14.328252,14.163473,13.997775,13.831079,13.663321,13.494447,13.324412,13.153184,12.980738,12.807058,12.632140,12.455988,12.278619,12.100061,11.920353,11.739549,11.557714,11.374927,11.191281,11.006880,10.821838,10.636277,10.450322,10.264096,10.077709,9.891254,9.704784,
11.953418,11.836480,11.719540,11.602575,11.485551,11.368427,11.251156,11.133682,11.015950,10.897900,10.779468,10.660595,10.541216,10.421272,10.300704,10.179458,10.057481,9.934728,9.811159,9.686743,9.561453,9.435275,9.308201,9.180235,9.051390,8.921685,8.791151,8.659820,8.527729,8.394910,8.261383,
119.0,0.266667
119.000000,119.266667,119.533333,119.800000,120.066667,120.333333,120.600000,120.866667,121.133333,121.400000,121.666667,121.933333,122.200000,122.466667,122.733333,123.000000,123.266667,123.533333,123.800000,124.066667,124.333333,124.600000,124.866667,125.133333,125.400000,125.666667,125.933333,126.200000,126.466667,126.733333,127.000000,
14.585749,14.439231,14.292119,14.144204,13.995325,13.845360,13.694218,13.541836,13.388175,13.233216,13.076957,12.919411,12.760607,12.600584,12.439394,12.277100,12.113778,11.949512,11.784398,11.618539,11.452052,11.285058,11.117687,10.950076,10.782365,10.614692,10.447195,10.279999,10.113215,9.946929,9.781192,
11.669516,11.564614,11.459580,11.354348,11.248857,11.143045,11.036853,10.930223,10.823098,10.715424,10.607147,10.498219,10.388589,10.278215,10.167055,10.055071,9.942232,9.828510,9.713883,9.598338,9.481864,9.364462,9.246137,9.126902,9.006779,8.885792,8.763973,8.641355,8.517970,8.393848,8.269004,
120.0,0.233333
120.000000,120.233333,120.466667,120.700000,120.933333,121.166667,121.400000,121.633333,121.866667,122.100000,122.333333,122.566667,122.800000,123.033333,123.266667,123.500000,123.733333,123.966667,124.200000,124.433333,124.666667,124.900000,125.133333,125.366667,125.600000,125.833333,126.066667,126.300000,126.533333,126.766667,127.000000,
13.794599,13.664362,13.533906,13.403149,13.272021,13.140466,13.008435,12.875891,12.742802,12.609145,12.474899,12.340050,12.204590,12.068511,11.931812,11.794492,11.656557,11.518012,11.378867,11.239134,11.098827,10.957962,10.816558,10.674636,10.532216,10.389320,10.245970,10.102187,9.957989,9.813391,9.668401,
11.105899,11.013797,10.921661,10.829475,10.737225,10.644896,10.552474,10.459948,10.367303,10.274530,10.181616,10.088551,9.995325,9.901930,9.808357,9.714598,9.620649,9.526503,9.432157,9.337608,9.242854,9.147897,9.052738,8.957379,8.861824,8.766079,8.670150,8.574042,8.477761,8.381313,8.284702,
121.0,0.200000
121.000000,121.200000,121.400000,121.600000,121.800000,122.000000,122.200000,122.400000,122.600000,122.800000,123.000000,123.200000,123.400000,123.600000,123.800000,124.000000,124.200000,124.400000,124.600000,124.800000,125.000000,125.200000,125.400000,125.600000,125.800000,126.000000,126.200000,126.400000,126.600000,126.800000,127.000000,
13.397890,13.284552,13.170917,13.056878,12.942350,12.827266,12.711578,12.595251,12.478265,12.360610,12.242285,12.123301,12.003672,11.883422,11.762581,11.641182,11.519264,11.396870,11.274045,11.150838,11.027299,10.903479,10.779431,10.655206,10.530856,10.406429,10.281970,10.157519,10.033110,9.908768,9.784506,
10.826080,10.746452,10.666701,10.586779,10.506640,10.426249,10.345571,10.264577,10.183244,10.101550,10.019477,9.937011,9.854139,9.770853,9.687144,9.603010,9.518447,9.433455,9.348038,9.262197,9.175941,9.089276,9.002212,8.914759,8.826928,8.738733,8.650185,8.561296,8.472076,8.382534,8.292675,
128.0,1.766667
128.000000,129.766667,131.533333,133.300000,135.066667,136.833333,138.600000,140.366667,142.133333,143.900000,145.666667,147.433333,149.200000,150.966667,152.733333,154.500000,156.266667,158.033333,159.800000,161.566667,163.333333,165.100000,166.866667,168.633333,170.400000,172.166667,173.933333,175.700000,177.466667,179.233333,181.000000,
8.421135,7.234296,6.034365,4.818079,3.583228,2.329968,1.059195,-0.227937,-1.530091,-2.846005,-4.174865,-5.517387,-6.874650,-8.247518,-9.635706,-11.038819,-12.457197,-13.893922,-15.352623,-16.836134,-18.343911,-19.874137,-21.423853,-22.987290,-24.558486,-26.133601,-27.716536,-29.313223,-30.929059,-32.565524,-34.222912,
7.505690,6.867479,6.194883,5.487660,4.748878,3.986707,3.210843,2.431317,1.657830,0.899713,0.165321,-0.540113,-1.212467,-1.848464,-2.446707,-3.006605,-3.528538,-4.015542,-4.471454,-4.900304,-5.305999,-5.692258,-6.062256,-6.417405,-6.758361,-7.084851,-7.394046,-7.682870,-7.949920,-8.200001,-8.438223,
129.0,1.733333
129.000000,130.733333,132.466667,134.200000,135.933333,137.666667,139.400000,141.133333,142.866667,144.600000,146.333333,148.066667,149.800000,151.533333,153.266667,155.000000,156.733333,158.466667,160.200000,161.933333,163.666667,165.400000,167.133333,168.866667,170.600000,172.333333,174.066667,175.800000,177.533333,179.266667,181.000000,
8.421135,7.244257,6.054970,4.850188,3.627829,2.388010,1.131560,-0.140389,-1.426366,-2.724953,-4.035255,-5.358162,-6.695294,-8.049045,-9.423785,-10.824159,-12.253789,-13.712449,-15.198391,-16.708378,-18.235492,-19.772222,-21.312659,-22.857105,-24.408497,-25.972807,-27.563979,-29.194721,-30.865432,-32.534629,-34.160746,
7.505690,6.873033,6.206743,5.506660,4.775880,4.022268,3.255152,2.484209,1.718879,0.968262,0.240492,-0.459334,-1.127299,-1.760580,-2.359010,-2.923277,-3.454404,-3.953738,-4.422787,-4.863303,-5.277734,-5.668733,-6.038994,-6.391121,-6.727483,-7.049688,-7.356939,-7.648035,-7.922784,-8.184921,-8.438223,
130.0,1.700000
130.000000,131.700000,133.400000,135.100000,136.800000,138.500000,140.200000,141.900000,143.600000,145.300000,147.000000,148.700000,150.400000,152.100000,153.800000,155.500000,157.200000,158.900000,160.600000,162.300000,164.000000,165.700000,167.400000,169.100000,170.800000,172.500000,174.200000,175.900000,177.600000,179.300000,181.000000,
7.533326,6.377615,5.208442,4.022484,2.817484,1.593415,0.350989,-0.908763,-2.184446,-3.474668,-4.778402,-6.095889,-7.427695,-8.774264,-10.135273,-11.510364,-12.899828,-14.306225,-15.732555,-17.181079,-18.651054,-20.140690,-21.647578,-23.168238,-24.699542,-26.240664,-27.798345,-29.379758,-30.986004,-32.596826,-34.191722,
7.038019,6.391924,5.716617,5.012559,4.283182,3.536074,2.780101,2.024393,1.277691,0.548351,-0.156206,-0.831394,-1.473699,-2.080438,-2.650745,-3.184535,-3.682603,-4.148001,-4.584477,-4.995916,-5.385987,-5.758133,-6.115232,-6.458441,-6.788207,-7.104262,-7.404562,-7.686950,-7.950655,-8.199774,-8.438583,
131.0,1.666667
131.000000,132.666667,134.333333,136.000000,137.666667,139.333333,141.000000,142.666667,144.333333,146.000000,147.666667,149.333333,151.000000,152.666667,154.333333,156.000000,157.666667,159.333333,161.000000,162.666667,164.333333,166.000000,167.666667,169.333333,171.000000,172.666667,174.333333,176.000000,177.666667,179.333333,181.000000,
7.091555,5.951636,4.798020,3.627389,2.437503,1.228280,0.000377,-1.245205,-2.507040,-3.783671,-5.073974,-6.377982,-7.696043,-9.028422,-10.374785,-11.734798,-13.108722,-14.498839,-15.907817,-17.337618,-18.787424,-20.255516,-21.739899,-23.238552,-24.750132,-26.275629,-27.823255,-29.400605,-31.005952,-32.606602,-34.170256,
6.797523,6.149549,5.474850,4.774185,4.051119,3.312939,2.568103,1.825290,1.092767,0.378409,-0.310817,-0.970644,-1.597846,-2.190021,-2.746536,-3.267524,-3.753953,-4.208857,-4.635912,-5.038905,-5.421362,-5.786566,-6.137240,-6.474454,-6.798618,-7.109541,-7.405679,-7.685436,-7.948412,-8.198302,-8.438890,
132.0,1.633333
132.000000,133.633333,135.266667,136.900000,138.533333,140.166667,141.800000,143.433333,145.066667,146.700000,148.333333,149.966667,151.600000,153.233333,154.866667,156.500000,158.133333,159.766667,161.400000,163.033333,164.666667,166.300000,167.933333,169.566667,171.200000,172.833333,174.466667,176.100000,177.733333,179.366667,181.000000,
6.211818,5.091562,3.956413,2.802904,1.628742,0.433835,-0.781132,-2.015080,-3.266403,-4.533437,-5.814852,-7.110491,-8.420505,-9.744876,-11.082742,-12.432942,-13.794180,-15.165000,-16.544144,-17.931179,-19.328222,-20.738135,-22.163731,-23.606899,-25.069205,-26.552068,-28.056728,-29.583178,-31.127409,-32.673330,-34.205780,
6.304953,5.649867,4.972162,4.273107,3.556488,2.829298,2.099537,1.375349,0.664362,-0.026229,-0.690154,-1.323788,-1.924538,-2.490603,-3.021797,-3.518597,-3.982080,-4.414657,-4.819270,-5.199283,-5.558944,-5.902586,-6.233933,-6.554599,-6.865253,-7.165516,-7.452465,-7.722871,-7.975030,-8.212626,-8.439736,
133.0,1.600000
133.000000,134.600000,136.200000,137.800000,139.400000,141.000000,142.600000,144.200000,145.800000,147.400000,149.000000,150.600000,152.200000,153.800000,155.400000,157.000000,158.600000,160.200000,161.800000,163.400000,165.000000,166.600000,168.200000,169.800000,171.400000,173.000000,174.600000,176.200000,177.800000,179.400000,181.000000,
5.773659,4.668811,3.548814,2.410265,1.250951,0.070781,-1.129569,-2.349020,-3.585939,-4.838620,-6.105659,-7.386733,-8.681802,-9.990694,-11.312504,-12.646068,-13.990092,-15.343129,-16.703926,-18.072012,-19.449303,-20.838530,-22.242728,-23.665100,-25.108885,-26.577265,-28.073207,-29.597307,-31.142605,-32.679733,-34.180946,
6.053585,5.400043,4.726156,4.033418,3.325675,2.609617,1.892836,1.183033,0.487372,-0.187423,-0.835519,-1.453585,-2.039284,-2.591056,-3.108884,-3.593396,-4.045788,-4.468482,-4.864386,-5.236780,-5.589678,-5.927141,-6.252646,-6.567710,-6.872982,-7.168220,-7.451134,-7.719203,-7.971200,-8.210374,-8.440263,
134.0,1.566667
134.000000,135.566667,137.133333,138.700000,140.266667,141.833333,143.400000,144.966667,146.533333,148.100000,149.666667,151.233333,152.800000,154.366667,155.933333,157.500000,159.066667,160.633333,162.200000,163.766667,165.333333,166.900000,168.466667,170.033333,171.600000,173.166667,174.733333,176.300000,177.866667,179.433333,181.000000,
4.900256,3.813155,2.709720,1.586488,0.441294,-0.725889,-1.914291,-3.122696,-4.349249,-5.591988,-6.849236,-8.120350,-9.404991,-10.702787,-12.012940,-13.334459,-14.666159,-16.006418,-17.353469,-18.705529,-20.060889,-21.418196,-22.777154,-24.140535,-25.512623,-26.899515,-28.311645,-29.758068,-31.239062,-32.727943,-34.197960,
5.542447,4.887514,4.215993,3.529787,2.832873,2.131623,1.433162,0.744653,0.072627,-0.576856,-1.198628,-1.789931,-2.348988,-2.874791,-3.367829,-3.829205,-4.260506,-4.664271,-5.043370,-5.400794,-5.739586,-6.062675,-6.372569,-6.670524,-6.957270,-7.233076,-7.497259,-7.749089,-7.988626,-8.218540,-8.441486,
135.0,1.533333
135.000000,136.533333,138.066667,139.600000,141.133333,142.666667,144.200000,145.733333,147.266667,148.800000,150.333333,151.866667,153.400000,154.933333,156.466667,158.000000,159.533333,161.066667,162.600000,164.133333,165.666667,167.200000,168.733333,170.266667,171.800000,173.333333,174.866667,176.400000,177.933333,179.466667,181.000000,
4.030048,2.958727,1.872623,0.772627,-0.339502,-1.462629,-2.596159,-3.740588,-4.899345,-6.076628,-7.276151,-8.499309,-9.746397,-11.016526,-12.306144,-13.610914,-14.926660,-16.250510,-17.580112,-18.913464,-20.249149,-21.586311,-22.925282,-24.269611,-25.624323,-26.995912,-28.394069,-29.826473,-31.291212,-32.757939,-34.196765,
5.022451,4.369499,3.705248,3.034244,2.362381,1.695634,1.039749,0.399663,-0.222016,-0.823488,-1.403168,-1.959353,-2.490363,-2.994692,-3.471373,-3.919828,-4.340162,-4.734271,-5.104697,-5.454228,-5.785796,-6.102249,-6.406014,-6.698267,-6.979663,-7.250449,-7.510099,-7.758069,-7.994538,-8.221995,-8.442883,
136.0,1.500000
136.000000,137.500000,139.000000,140.500000,142.000000,143.500000,145.000000,146.500000,148.000000,149.500000,151.000000,152.500000,154.000000,155.500000,157.000000,158.500000,160.000000,161.500000,163.000000,164.500000,166.000000,167.500000,169.000000,170.500000,172.000000,173.500000,175.000000,176.500000,178.000000,179.500000,181.000000,
3.595878,2.540383,1.470639,0.386304,-0.712562,-1.827355,-2.959938,-4.112160,-5.285369,-6.480472,-7.697507,-8.934221,-10.187649,-11.454862,-12.733780,-14.022640,-15.319811,-16.623776,-17.933078,-19.246351,-20.562436,-21.880542,-23.200802,-24.525889,-25.859634,-27.206957,-28.575028,-29.969544,-31.389365,-32.813452,-34.221042,
4.760002,4.114150,3.459150,2.798908,2.138323,1.481887,0.833898,0.198461,-0.420741,-1.020216,-1.596666,-2.147191,-2.669261,-3.161094,-3.622878,-4.055615,-4.460872,-4.841176,-5.199378,-5.538383,-5.860948,-6.169633,-6.466534,-6.752499,-7.027839,-7.292453,-7.545475,-7.786063,-8.014216,-8.232536,-8.443626,
137.0,1.466667
137.000000,138.466667,139.933333,141.400000,142.866667,144.333333,145.800000,147.266667,148.733333,150.200000,151.666667,153.133333,154.600000,156.066667,157.533333,159.000000,160.466667,161.933333,163.400000,164.866667,166.333333,167.800000,169.266667,170.733333,172.200000,173.666667,175.133333,176.600000,178.066667,179.533333,181.000000,
2.728874,1.687295,0.629491,-0.444118,-1.531924,-2.632267,-3.743629,-4.864980,-5.996648,-7.139583,-8.295284,-9.466320,-10.655410,-11.864651,-13.094094,-14.342810,-15.608911,-16.888539,-18.177326,-19.471313,-20.768309,-22.067122,-23.367877,-24.673742,-25.989134,-27.319281,-28.670642,-30.047700,-31.447631,-32.847111,-34.223507,
4.231902,3.592741,2.947156,2.299597,1.655549,1.020454,0.399540,-0.202582,-0.782985,-1.339515,-1.870724,-2.376545,-2.857429,-3.314020,-3.747061,-4.157363,-4.545864,-4.913820,-5.262651,-5.593980,-5.909879,-6.212461,-6.503513,-6.783790,-7.053594,-7.312873,-7.560942,-7.797155,-8.021639,-8.236837,-8.445161,
138.0,1.433333
138.000000,139.433333,140.866667,142.300000,143.733333,145.166667,146.600000,148.033333,149.466667,150.900000,152.333333,153.766667,155.200000,156.633333,158.066667,159.500000,160.933333,162.366667,163.800000,165.233333,166.666667,168.100000,169.533333,170.966667,172.400000,173.833333,175.266667,176.700000,178.133333,179.566667,181.000000,
2.295827,1.269357,0.227039,-0.830719,-1.902453,-2.987035,-4.083721,-5.192609,-6.315943,-7.456562,-8.616932,-9.797822,-10.999126,-12.219789,-13.456762,-14.706378,-15.965098,-17.230379,-18.500153,-19.772779,-21.047447,-22.323922,-23.602895,-24.887274,-26.180862,-27.487962,-28.813485,-30.160543,-31.526193,-32.890966,-34.236123,
3.966916,3.337314,2.703063,2.068503,1.438810,0.818873,0.213246,-0.374241,-0.941619,-1.487629,-2.011293,-2.511779,-2.988365,-3.440513,-3.868135,-4.271454,-4.651179,-5.009194,-5.347806,-5.669439,-5.976443,-6.270995,-6.554830,-6.828506,-7.092080,-7.345268,-7.587252,-7.817302,-8.035492,-8.244238,-8.445936,
139.0,1.400000
139.000000,140.400000,141.800000,143.200000,144.600000,146.000000,147.400000,148.800000,150.200000,151.600000,153.000000,154.400000,155.800000,157.200000,158.600000,160.000000,161.400000,162.800000,164.200000,165.600000,167.000000,168.400000,169.800000,171.200000,172.600000,174.000000,175.400000,176.800000,178.200000,179.600000,181.000000,
1.430116,0.417771,-0.611531,-1.657663,-2.719180,-3.794432,-4.881793,-5.979907,-7.088206,-8.206441,-9.334533,-10.472584,-11.620864,-12.779967,-13.951287,-15.136322,-16.336101,-17.550133,-18.777241,-20.015716,-21.262959,-22.516462,-23.774876,-25.040224,-26.315833,-27.605544,-28.913437,-30.241553,-31.585623,-32.924615,-34.238569,
3.436687,2.818928,2.199108,1.581478,0.970957,0.372200,-0.210415,-0.773072,-1.313346,-1.829470,-2.320235,-2.785450,-3.225422,-3.640935,-4.033694,-4.405739,-4.759200,-5.096128,-5.418487,-5.728052,-6.026123,-6.313738,-6.591624,-6.859846,-7.118182,-7.366229,-7.603316,-7.828933,-8.043315,-8.248748,-8.447463,
140.0,1.366667
140.000000,141.366667,142.733333,144.100000,145.466667,146.833333,148.200000,149.566667,150.933333,152.300000,153.666667,155.033333,156.400000,157.766667,159.133333,160.500000,161.866667,163.233333,164.600000,165.966667,167.333333,168.700000,170.066667,171.433333,172.800000,174.166667,175.533333,176.900000,178.266667,179.633333,181.000000,
0.564224,-0.423419,-1.415247,-2.412418,-3.415992,-4.427130,-5.447161,-6.477805,-7.521757,-8.582024,-9.661543,-10.762739,-11.887479,-13.036506,-14.207823,-15.398314,-16.604318,-17.821692,-19.046368,-20.274964,-21.506055,-22.739293,-23.975555,-25.218216,-26.471497,-27.739601,-29.025827,-30.331023,-31.649740,-32.960512,-34.243258,
2.908170,2.311435,1.722374,1.143742,0.577990,0.027173,-0.506915,-1.022865,-1.520133,-1.998534,-2.458089,-2.899049,-3.321731,-3.726402,-4.113135,-4.482004,-4.833287,-5.167865,-5.486881,-5.791650,-6.083724,-6.364635,-6.635603,-6.896968,-7.148693,-7.390516,-7.621892,-7.842413,-8.052348,-8.253827,-8.448909,
141.0,1.333333
141.000000,142.333333,143.666667,145.000000,146.333333,147.666667,149.000000,150.333333,151.666667,153.000000,154.333333,155.666667,157.000000,158.333333,159.666667,161.000000,162.333333,163.666667,165.000000,166.333333,167.666667,169.000000,170.333333,171.666667,173.000000,174.333333,175.666667,177.000000,178.333333,179.666667,181.000000,
0.130958,-0.852416,-1.852990,-2.870760,-3.904307,-4.951930,-6.011909,-7.082753,-8.163659,-9.254079,-10.353527,-11.461429,-12.577194,-13.700262,-14.830190,-15.966688,-17.109801,-18.260389,-19.419574,-20.588429,-21.767617,-22.957755,-24.159743,-25.375329,-26.606513,-27.855150,-29.122446,-30.407302,-31.702603,-32.986175,-34.237670,
2.645293,2.055436,1.467201,0.884563,0.311823,-0.247138,-0.788772,-1.310067,-1.809241,-2.285103,-2.736945,-3.164868,-3.569371,-3.951297,-4.312084,-4.653455,-4.977362,-5.286129,-5.582142,-5.867591,-6.144035,-6.412645,-6.674097,-6.928023,-7.173668,-7.410177,-7.636819,-7.853144,-8.059402,-8.257576,-8.449585,
142.0,1.300000
142.000000,143.300000,144.600000,145.900000,147.200000,148.500000,149.800000,151.100000,152.400000,153.700000,155.000000,156.300000,157.600000,158.900000,160.200000,161.500000,162.800000,164.100000,165.400000,166.700000,168.000000,169.300000,170.600000,171.900000,173.200000,174.500000,175.800000,177.100000,178.400000,179.700000,181.000000,
-0.736702,-1.696646,-2.661929,-3.633716,-4.612939,-5.600530,-6.597484,-7.604978,-8.624640,-9.658158,-10.706937,-11.771526,-12.852064,-13.948378,-15.059827,-16.185538,-17.324443,-18.475156,-19.636177,-20.805999,-21.983207,-23.166791,-24.356789,-25.555829,-26.767333,-27.994398,-29.238400,-30.497979,-31.765722,-33.019720,-34.239992,
2.123690,1.557552,1.001315,0.457576,-0.071620,-0.584709,-1.080407,-1.557749,-2.016390,-2.456253,-2.877405,-3.280046,-3.664485,-4.031202,-4.381057,-4.715096,-5.034506,-5.340697,-5.635114,-5.919078,-6.193521,-6.459144,-6.716366,-6.965051,-7.204844,-7.435326,-7.656122,-7.867076,-8.068616,-8.262610,-8.450818,
143.0,1.266667
143.000000,144.266667,145.533333,146.800000,148.066667,149.333333,150.600000,151.866667,153.133333,154.400000,155.666667,156.933333,158.200000,159.466667,160.733333,162.000000,163.266667,164.533333,165.800000,167.066667,168.333333,169.600000,170.866667,172.133333,173.400000,174.666667,175.933333,177.200000,178.466667,179.733333,181.000000,
-1.606488,-2.554286,-3.510763,-4.479217,-5.462222,-6.460920,-7.475685,-8.506197,-9.550934,-10.607946,-11.675269,-12.751333,-13.834760,-14.924309,-16.018933,-17.117670,-18.219606,-19.323873,-20.429734,-21.536781,-22.645385,-23.756527,-24.872114,-25.996039,-27.132832,-28.286811,-29.461075,-30.656268,-31.867380,-33.076000,-34.265039,
1.609350,1.062425,0.525241,-0.000497,-0.513520,-1.012374,-1.495538,-1.961497,-2.408819,-2.836238,-3.242860,-3.628684,-3.994152,-4.340061,-4.667758,-4.978824,-5.274942,-5.557850,-5.829249,-6.090683,-6.343289,-6.587951,-6.825245,-7.055140,-7.277382,-7.491687,-7.697924,-7.896169,-8.086928,-8.271701,-8.451858,
144.0,1.233333
144.000000,145.233333,146.466667,147.700000,148.933333,150.166667,151.400000,152.633333,153.866667,155.100000,156.333333,157.566667,158.800000,160.033333,161.266667,162.500000,163.733333,164.966667,166.200000,167.433333,168.666667,169.900000,171.133333,172.366667,173.600000,174.833333,176.066667,177.300000,178.533333,179.766667,181.000000,
-2.042399,-2.973270,-3.910488,-4.854960,-5.807109,-6.767060,-7.734837,-8.710480,-9.694172,-10.686261,-11.687403,-12.698941,-13.722446,-14.759429,-15.811003,-16.877887,-17.960095,-19.056104,-20.163860,-21.281387,-22.407460,-23.541543,-24.684266,-25.838785,-27.008834,-28.197223,-29.403634,-30.624193,-31.848341,-33.050625,-34.208398,
1.355507,0.825157,0.306109,-0.199176,-0.688946,-1.161918,-1.617076,-2.053662,-2.471378,-2.870208,-3.250451,-3.613009,-3.959052,-4.289898,-4.607005,-4.911838,-5.205749,-5.489766,-5.764740,-6.031362,-6.290052,-6.541074,-6.784531,-7.020233,-7.247906,-7.467324,-7.678484,-7.881610,-8.077321,-8.267108,-8.452298,
145.0,1.200000
145.000000,146.200000,147.400000,148.600000,149.800000,151.000000,152.200000,153.400000,154.600000,155.800000,157.000000,158.200000,159.400000,160.600000,161.800000,163.000000,164.200000,165.400000,166.600000,167.800000,169.000000,170.200000,171.400000,172.600000,173.800000,175.000000,176.200000,177.400000,178.600000,179.800000,181.000000,
-2.916676,-3.834187,-4.760635,-5.698744,-6.650468,-7.616556,-8.597107,-9.591634,-10.598720,-11.616600,-12.643487,-13.677887,-14.718465,-15.764015,-16.813531,-17.866117,-18.920981,-19.977494,-21.035228,-22.094140,-23.155023,-24.219261,-25.288990,-26.367819,-27.459678,-28.567905,-29.693896,-30.836554,-31.989934,-33.137403,-34.263926,
0.855578,0.347312,-0.150015,-0.634691,-1.105654,-1.561888,-2.002415,-2.426304,-2.832722,-3.220983,-3.590693,-3.942117,-4.275860,-4.592799,-4.894208,-5.181527,-5.456247,-5.719842,-5.973713,-6.219091,-6.456817,-6.687494,-6.911461,-7.128594,-7.338603,-7.541221,-7.736410,-7.924344,-8.105568,-8.281397,-8.453003,
146.0,1.166667
146.000000,147.166667,148.333333,149.500000,150.666667,151.833333,153.000000,154.166667,155.333333,156.500000,157.666667,158.833333,160.000000,161.166667,162.333333,163.500000,164.666667,165.833333,167.000000,168.166667,169.333333,170.500000,171.666667,172.833333,174.000000,175.166667,176.333333,177.500000,178.666667,179.833333,181.000000,
-3.794737,-4.696475,-5.604339,-6.519266,-7.441795,-8.372404,-9.311583,-10.259923,-11.218263,-12.187436,-13.167995,-14.159761,-15.162118,-16.174014,-17.193667,-18.219064,-19.248311,-20.280059,-21.313387,-22.347978,-23.384706,-24.425173,-25.471753,-26.528161,-27.598293,-28.685208,-29.789523,-30.909149,-32.037170,-33.156443,-34.251707,
0.367308,-0.116383,-0.587299,-1.043275,-1.483127,-1.906284,-2.312502,-2.701794,-3.074542,-3.431294,-3.772678,-4.099368,-4.412064,-4.711497,-4.998442,-5.273718,-5.538198,-5.792868,-6.038722,-6.276663,-6.507340,-6.731230,-6.948612,-7.159402,-7.363392,-7.560426,-7.750587,-7.934164,-8.111742,-8.284502,-8.453466,
147.0,1.133333
147.000000,148.133333,149.266667,150.400000,151.533333,152.666667,153.800000,154.933333,156.066667,157.200000,158.333333,159.466667,160.600000,161.733333,162.866667,164.000000,165.133333,166.266667,167.400000,168.533333,169.666667,170.800000,171.933333,173.066667,174.200000,175.333333,176.466667,177.600000,178.733333,179.866667,181.000000,
-4.677142,-5.563990,-6.457210,-7.357477,-8.264915,-9.179411,-10.100771,-11.028835,-11.963615,-12.905237,-13.853971,-14.810341,-15.774882,-16.747907,-17.729126,-18.717916,-19.713376,-20.714203,-21.719096,-22.727148,-23.738508,-24.753979,-25.775055,-26.804388,-27.844830,-28.898604,-29.966071,-31.045554,-32.131856,-33.212519,-34.276513,
-0.107905,-0.566774,-1.012702,-1.443603,-1.858415,-2.256657,-2.638158,-3.002980,-3.351491,-3.684242,-4.001966,-4.305681,-4.596528,-4.875673,-5.144234,-5.403277,-5.653770,-5.896487,-6.132078,-6.361057,-6.583716,-6.800199,-7.010494,-7.214312,-7.411294,-7.601152,-7.783879,-7.959696,-8.129158,-8.293471,-8.453688,
148.0,1.100000
148.000000,149.100000,150.200000,151.300000,152.400000,153.500000,154.600000,155.700000,156.800000,157.900000,159.000000,160.100000,161.200000,162.300000,163.400000,164.500000,165.600000,166.700000,167.800000,168.900000,170.000000,171.100000,172.200000,173.300000,174.400000,175.500000,176.600000,177.700000,178.800000,179.900000,181.000000,
-5.564386,-6.435241,-7.312366,-8.196430,-9.087523,-9.985435,-10.889810,-11.800205,-12.716107,-13.636973,-14.562250,-15.491392,-16.423895,-17.359353,-18.297583,-19.238585,-20.182624,-21.130464,-22.083140,-23.041887,-24.008195,-24.983704,-25.970195,-26.969658,-27.983835,-29.013609,-30.057869,-31.113467,-32.173929,-33.226166,-34.258882,
-0.568884,-1.002152,-1.422507,-1.828025,-2.217849,-2.591699,-2.949590,-3.291727,-3.618514,-3.930476,-4.228254,-4.512671,-4.784649,-5.045197,-5.295438,-5.536540,-5.769658,-5.995884,-6.216208,-6.431419,-6.641886,-6.847732,-7.048851,-7.244788,-7.434995,-7.619025,-7.796786,-7.968442,-8.134471,-8.295914,-8.453675,
149.0,1.066667
149.000000,150.066667,151.133333,152.200000,153.266667,154.333333,155.400000,156.466667,157.533333,158.600000,159.666667,160.733333,161.800000,162.866667,163.933333,165.000000,166.066667,167.133333,168.200000,169.266667,170.333333,171.400000,172.466667,173.533333,174.600000,175.666667,176.733333,177.800000,178.866667,179.933333,181.000000,
-6.009959,-6.859901,-7.715243,-8.576761,-9.444830,-10.319726,-11.201705,-12.091067,-12.988250,-13.893669,-14.807544,-15.729619,-16.659345,-17.595887,-18.537980,-19.484245,-20.433446,-21.384820,-22.337992,-23.293098,-24.251213,-25.213946,-26.183346,-27.162058,-28.152579,-29.156446,-30.172862,-31.198876,-32.228337,-33.249028,-34.250456,
-0.793728,-1.208206,-1.610095,-1.997628,-2.370141,-2.727580,-3.070211,-3.398497,-3.713107,-4.014800,-4.304366,-4.582587,-4.850236,-5.108063,-5.356785,-5.597093,-5.829660,-6.055127,-6.274084,-6.487016,-6.694189,-6.895734,-7.091656,-7.281772,-7.465858,-7.643781,-7.815685,-7.981907,-8.143016,-8.299974,-8.453585,
150.0,1.033333
150.000000,151.033333,152.066667,153.100000,154.133333,155.166667,156.200000,157.233333,158.266667,159.300000,160.333333,161.366667,162.400000,163.433333,164.466667,165.500000,166.533333,167.566667,168.600000,169.633333,170.666667,171.700000,172.733333,173.766667,174.800000,175.833333,176.866667,177.900000,178.933333,179.966667,181.000000,
-6.905236,-7.737942,-8.576114,-9.420261,-10.270355,-11.126109,-11.987118,-12.852941,-13.723164,-14.597415,-15.475396,-16.356968,-17.242101,-18.130893,-19.023652,-19.920774,-20.822664,-21.729669,-22.642169,-23.560696,-24.486122,-25.419577,-26.362494,-27.316812,-28.284271,-29.265580,-30.259045,-31.260812,-32.263950,-33.255890,-34.226029,
-1.231633,-1.620311,-1.996861,-2.359596,-2.707914,-3.041776,-3.361438,-3.667326,-3.960013,-4.240161,-4.508519,-4.765958,-5.013418,-5.251877,-5.482357,-5.705858,-5.923284,-6.135321,-6.342498,-6.545157,-6.743333,-6.936904,-7.125651,-7.309275,-7.487500,-7.660181,-7.827489,-7.989796,-8.147661,-8.301921,-8.453255,
151.0,1.000000
151.000000,152.000000,153.000000,154.000000,155.000000,156.000000,157.000000,158.000000,159.000000,160.000000,161.000000,162.000000,163.000000,164.000000,165.000000,166.000000,167.000000,168.000000,169.000000,170.000000,171.000000,172.000000,173.000000,174.000000,175.000000,176.000000,177.000000,178.000000,179.000000,180.000000,181.000000,
-7.806278,-8.620481,-9.439703,-10.264421,-11.094601,-11.929957,-12.770074,-13.614481,-14.462685,-15.314192,-16.168534,-17.025292,-17.884121,-18.744789,-19.607291,-20.471811,-21.338780,-22.209064,-23.083780,-23.964252,-24.852053,-25.748844,-26.656257,-27.575753,-28.508326,-29.453975,-30.410673,-31.374651,-32.339822,-33.296035,-34.234879,
-1.653332,-2.016274,-2.367627,-2.705851,-3.030481,-3.341605,-3.639597,-3.924981,-4.198382,-4.460483,-4.712013,-4.953760,-5.186542,-5.411194,-5.628562,-5.839477,-6.044719,-6.244958,-6.440752,-6.632505,-6.820330,-7.004172,-7.183845,-7.359006,-7.529290,-7.694452,-7.854552,-8.009856,-8.160831,-8.308249,-8.452747,
152.0,0.966667
152.000000,152.966667,153.933333,154.900000,155.866667,156.833333,157.800000,158.766667,159.733333,160.700000,161.666667,162.633333,163.600000,164.566667,165.533333,166.500000,167.466667,168.433333,169.400000,170.366667,171.333333,172.300000,173.266667,174.233333,175.200000,176.166667,177.133333,178.100000,179.066667,180.033333,181.000000,
-8.713326,-9.508176,-10.307507,-11.111759,-11.920910,-12.734706,-13.552778,-14.374698,-15.200012,-16.028255,-16.858956,-17.691639,-18.525848,-19.361172,-20.197294,-21.034020,-21.871357,-22.709691,-23.549725,-24.392563,-25.239985,-26.094121,-26.957296,-27.831965,-28.720166,-29.622785,-30.538276,-31.463140,-32.391490,-33.313501,-34.221047,
-2.058424,-2.396081,-2.722836,-3.037287,-3.339082,-3.628409,-3.905730,-4.171649,-4.426835,-4.671997,-4.907858,-5.135152,-5.354608,-5.566936,-5.772803,-5.972833,-6.167582,-6.357486,-6.542894,-6.724058,-6.901079,-7.073977,-7.242725,-7.407257,-7.567527,-7.723572,-7.875615,-8.023996,-8.169165,-8.311711,-8.452096,
153.0,0.933333
153.000000,153.933333,154.866667,155.800000,156.733333,157.666667,158.600000,159.533333,160.466667,161.400000,162.333333,163.266667,164.200000,165.133333,166.066667,167.000000,167.933333,168.866667,169.800000,170.733333,171.666667,172.600000,173.533333,174.466667,175.400000,176.333333,177.266667,178.200000,179.133333,180.066667,181.000000,
-9.626543,-10.401234,-11.179859,-11.962803,-12.750036,-13.541317,-14.336302,-15.134596,-15.935794,-16.739486,-17.545265,-18.352741,-19.161542,-19.971340,-20.781889,-21.593034,-22.404767,-23.217347,-24.031255,-24.847254,-25.666563,-26.490657,-27.321180,-28.159920,-29.008459,-29.867717,-30.737226,-31.615267,-32.498487,-33.380783,-34.257027,
-2.446720,-2.759796,-3.062784,-3.354409,-3.634403,-3.903012,-4.160750,-4.408256,-4.646221,-4.875354,-5.096366,-5.309948,-5.516773,-5.717476,-5.912629,-6.102749,-6.288271,-6.469505,-6.646665,-6.819866,-6.989076,-7.154185,-7.315046,-7.471494,-7.623401,-7.770752,-7.913766,-8.052808,-8.188358,-8.321040,-8.451338,
154.0,0.900000
154.000000,154.900000,155.800000,156.700000,157.600000,158.500000,159.400000,160.300000,161.200000,162.100000,163.000000,163.900000,164.800000,165.700000,166.600000,167.500000,168.400000,169.300000,170.200000,171.100000,172.000000,172.900000,173.800000,174.700000,175.600000,176.500000,177.400000,178.300000,179.200000,180.100000,181.000000,
-10.085496,-10.836529,-11.591041,-12.349346,-13.111379,-13.876889,-14.645542,-15.416986,-16.190914,-16.967069,-17.745268,-18.525463,-19.307708,-20.092177,-20.879221,-21.669299,-22.462954,-23.260816,-24.063590,-24.872075,-25.687217,-26.510002,-27.341374,-28.182128,-29.032628,-29.892362,-30.759126,-31.629386,-32.498085,-33.357853,-34.202799,
-2.634568,-2.930623,-3.217367,-3.493594,-3.759048,-4.013965,-4.258843,-4.494307,-4.721034,-4.939725,-5.151085,-5.355811,-5.554584,-5.748051,-5.936802,-6.121362,-6.302161,-6.479464,-6.653421,-6.824065,-6.991266,-7.154819,-7.314490,-7.470068,-7.621398,-7.768447,-7.911421,-8.050668,-8.186644,-8.319920,-8.450933,
155.0,0.866667
155.000000,155.866667,156.733333,157.600000,158.466667,159.333333,160.200000,161.066667,161.933333,162.800000,163.666667,164.533333,165.400000,166.266667,167.133333,168.000000,168.866667,169.733333,170.600000,171.466667,172.333333,173.200000,174.066667,174.933333,175.800000,176.666667,177.533333,178.400000,179.266667,180.133333,181.000000,
-11.008111,-11.737521,-12.470006,-13.205859,-13.945020,-14.687246,-15.432196,-16.179486,-16.928724,-17.679527,-18.431542,-19.184475,-19.938109,-20.692332,-21.447227,-22.203054,-22.960300,-23.719816,-24.482712,-25.250335,-26.024347,-26.806472,-27.598256,-28.400777,-29.214465,-30.038695,-30.870974,-31.707447,-32.542897,-33.370220,-34.183864,
-2.997769,-3.270814,-3.535494,-3.790726,-4.036304,-4.272480,-4.499747,-4.718708,-4.929997,-5.134246,-5.332076,-5.524063,-5.710745,-5.892619,-6.070115,-6.243608,-6.413412,-6.579750,-6.742779,-6.902593,-7.059200,-7.212559,-7.362607,-7.509270,-7.652504,-7.792341,-7.928972,-8.062683,-8.193834,-8.322861,-8.450092,
156.0,0.833333
156.000000,156.833333,157.666667,158.500000,159.333333,160.166667,161.000000,161.833333,162.666667,163.500000,164.333333,165.166667,166.000000,166.833333,167.666667,168.500000,169.333333,170.166667,171.000000,171.833333,172.666667,173.500000,174.333333,175.166667,176.000000,176.833333,177.666667,178.500000,179.333333,180.166667,181.000000,
-11.936979,-12.643824,-13.353252,-14.065519,-14.780581,-15.498235,-16.218191,-16.940124,-17.663701,-18.388598,-19.114516,-19.841203,-20.568468,-21.296197,-22.024422,-22.753300,-23.483164,-24.214608,-24.948425,-25.685608,-26.427413,-27.175190,-27.930237,-28.693637,-29.466061,-30.247416,-31.036234,-31.829967,-32.624900,-33.415666,-34.198008,
-3.344586,-3.595724,-3.839455,-4.074813,-4.301627,-4.520146,-4.730847,-4.934305,-5.131116,-5.321871,-5.507136,-5.687420,-5.863183,-6.034833,-6.202697,-6.367040,-6.528062,-6.685869,-6.840509,-6.991974,-7.140200,-7.285099,-7.426593,-7.564648,-7.699289,-7.830631,-7.958942,-8.084575,-8.207920,-8.329382,-8.449247,
157.0,0.800000
157.000000,157.800000,158.600000,159.400000,160.200000,161.000000,161.800000,162.600000,163.400000,164.200000,165.000000,165.800000,166.600000,167.400000,168.200000,169.000000,169.800000,170.600000,171.400000,172.200000,173.000000,173.800000,174.600000,175.400000,176.200000,177.000000,177.800000,178.600000,179.400000,180.200000,181.000000,
-12.872006,-13.555499,-14.241117,-14.929079,-15.619355,-16.311778,-17.006110,-17.702082,-18.399422,-19.097870,-19.797189,-20.497188,-21.197724,-21.898722,-22.600213,-23.302326,-24.005313,-24.709608,-25.415782,-26.124540,-26.836761,-27.553388,-28.275337,-29.003399,-29.738112,-30.479555,-31.226991,-31.979033,-32.733590,-33.487603,-34.238643,
-3.675506,-3.905981,-4.130013,-4.346744,-4.556024,-4.758084,-4.953362,-5.142387,-5.325703,-5.503848,-5.677328,-5.846587,-6.012019,-6.173958,-6.332655,-6.488295,-6.640999,-6.790796,-6.937656,-7.081501,-7.222197,-7.359592,-7.493546,-7.623966,-7.750818,-7.874162,-7.994216,-8.111290,-8.225757,-8.338036,-8.448435,
158.0,0.766667
158.000000,158.766667,159.533333,160.300000,161.066667,161.833333,162.600000,163.366667,164.133333,164.900000,165.666667,166.433333,167.200000,167.966667,168.733333,169.500000,170.266667,171.033333,171.800000,172.566667,173.333333,174.100000,174.866667,175.633333,176.400000,177.166667,177.933333,178.700000,179.466667,180.233333,181.000000,
-13.813030,-14.472477,-15.133641,-15.796714,-16.461683,-17.128422,-17.796745,-18.466440,-19.137292,-19.809095,-20.481661,-21.154837,-21.828507,-22.502599,-23.177115,-23.852123,-24.527770,-25.204321,-25.882133,-26.561656,-27.243461,-27.928180,-28.616461,-29.308932,-30.006120,-30.708344,-31.415548,-32.127349,-32.842996,-33.561213,-34.280954,
-3.991173,-4.202320,-4.407965,-4.607355,-4.800352,-4.987157,-5.168156,-5.343819,-5.514630,-5.681060,-5.843550,-6.002476,-6.158163,-6.310871,-6.460781,-6.608004,-6.752588,-6.894496,-7.033633,-7.169859,-7.302988,-7.432819,-7.559169,-7.681904,-7.800952,-7.916341,-8.028253,-8.136971,-8.242852,-8.346321,-8.447692,
159.0,0.733333
159.000000,159.733333,160.466667,161.200000,161.933333,162.666667,163.400000,164.133333,164.866667,165.600000,166.333333,167.066667,167.800000,168.533333,169.266667,170.000000,170.733333,171.466667,172.200000,172.933333,173.666667,174.400000,175.133333,175.866667,176.600000,177.333333,178.066667,178.800000,179.533333,180.266667,181.000000,
-14.285723,-14.919027,-15.553752,-16.190024,-16.827786,-17.466880,-18.107102,-18.748237,-19.390091,-20.032508,-20.675387,-21.318725,-21.962608,-22.607239,-23.252984,-23.900348,-24.549975,-25.202691,-25.859428,-26.521165,-27.188894,-27.863490,-28.545562,-29.235224,-29.932061,-30.634946,-31.341670,-32.049289,-32.754277,-33.452514,-34.140959,
-4.143526,-4.341316,-4.534310,-4.721805,-4.903644,-5.079971,-5.251103,-5.417436,-5.579381,-5.737342,-5.891701,-6.042783,-6.190873,-6.336205,-6.478953,-6.619243,-6.757157,-6.892727,-7.025953,-7.156813,-7.285269,-7.411285,-7.534840,-7.655953,-7.774683,-7.891146,-8.005542,-8.118113,-8.229119,-8.338810,-8.447355,
160.0,0.700000
160.000000,160.700000,161.400000,162.100000,162.800000,163.500000,164.200000,164.900000,165.600000,166.300000,167.000000,167.700000,168.400000,169.100000,169.800000,170.500000,171.200000,171.900000,172.600000,173.300000,174.000000,174.700000,175.400000,176.100000,176.800000,177.500000,178.200000,178.900000,179.600000,180.300000,181.000000,
-15.235302,-15.843447,-16.452686,-17.063125,-17.674730,-18.287389,-18.900953,-19.515261,-20.130174,-20.745577,-21.361402,-21.977654,-22.594406,-23.211815,-23.830158,-24.449810,-25.071245,-25.695065,-26.321948,-26.952609,-27.587777,-28.228112,-28.874104,-29.525934,-30.183420,-30.845885,-31.511898,-32.179490,-32.846243,-33.509267,-34.166416,
-4.437819,-4.618499,-4.795224,-4.967389,-5.134842,-5.297689,-5.456184,-5.610653,-5.761431,-5.908851,-6.053220,-6.194793,-6.333785,-6.470364,-6.604638,-6.736669,-6.866484,-6.994061,-7.119356,-7.242310,-7.362861,-7.480960,-7.596583,-7.709761,-7.820573,-7.929156,-8.035723,-8.140526,-8.243823,-8.345852,-8.446768,
161.0,0.666667
161.000000,161.666667,162.333333,163.000000,163.666667,164.333333,165.000000,165.666667,166.333333,167.000000,167.666667,168.333333,169.000000,169.666667,170.333333,171.000000,171.666667,172.333333,173.000000,173.666667,174.333333,175.000000,175.666667,176.333333,177.000000,177.666667,178.333333,179.000000,179.666667,180.333333,181.000000,
-16.190205,-16.772681,-17.355971,-17.940167,-18.525255,-19.111166,-19.697800,-20.285050,-20.872825,-21.461054,-22.049700,-22.638778,-23.228356,-23.818557,-24.409589,-25.001723,-25.595298,-26.190730,-26.788485,-27.389048,-27.992911,-28.600518,-29.212209,-29.828132,-30.448220,-31.072109,-31.698998,-32.327773,-32.957064,-33.585239,-34.211094,
-4.719033,-4.883968,-5.045712,-5.203751,-5.357935,-5.508334,-5.655137,-5.798597,-5.938980,-6.076546,-6.211532,-6.344131,-6.474498,-6.602745,-6.728931,-6.853073,-6.975152,-7.095114,-7.212877,-7.328353,-7.441451,-7.552093,-7.660231,-7.765865,-7.869047,-7.969885,-8.068564,-8.165311,-8.260372,-8.353985,-8.446312,
162.0,0.633333
162.000000,162.633333,163.266667,163.900000,164.533333,165.166667,165.800000,166.433333,167.066667,167.700000,168.333333,168.966667,169.600000,170.233333,170.866667,171.500000,172.133333,172.766667,173.400000,174.033333,174.666667,175.300000,175.933333,176.566667,177.200000,177.833333,178.466667,179.100000,179.733333,180.366667,181.000000,
-17.150071,-17.706439,-18.263418,-18.821088,-19.379453,-19.938471,-20.498080,-21.058209,-21.618795,-22.179788,-22.741160,-23.302915,-23.865090,-24.427760,-24.991049,-25.555124,-26.120193,-26.686517,-27.254386,-27.824114,-28.396025,-28.970433,-29.547607,-30.127732,-30.710895,-31.297044,-31.885917,-32.477100,-33.070043,-33.664055,-34.258618,
-4.988198,-5.138712,-5.286717,-5.431780,-5.573758,-5.712680,-5.848676,-5.981926,-6.112625,-6.240960,-6.367101,-6.491180,-6.613294,-6.733504,-6.851822,-6.968229,-7.082671,-7.195063,-7.305302,-7.413279,-7.518887,-7.622032,-7.722653,-7.820736,-7.916316,-8.009485,-8.100408,-8.189297,-8.276382,-8.361896,-8.446001,
163.0,0.600000
163.000000,163.600000,164.200000,164.800000,165.400000,166.000000,166.600000,167.200000,167.800000,168.400000,169.000000,169.600000,170.200000,170.800000,171.400000,172.000000,172.600000,173.200000,173.800000,174.400000,175.000000,175.600000,176.200000,176.800000,177.400000,178.000000,178.600000,179.200000,179.800000,180.400000,181.000000,
-18.114495,-18.644330,-19.174646,-19.705514,-20.236946,-20.768915,-21.301375,-21.834269,-22.367541,-22.901139,-23.435022,-23.969164,-24.503561,-25.038225,-25.573201,-26.108559,-26.644400,-27.180861,-27.718108,-28.256339,-28.795784,-29.336692,-29.879327,-30.423956,-30.970837,-31.520200,-32.072225,-32.627038,-33.184703,-33.745194,-34.308467,
-5.246400,-5.383734,-5.519151,-5.652294,-5.783023,-5.911331,-6.037291,-6.161016,-6.282629,-6.402250,-6.519984,-6.635902,-6.750050,-6.862442,-6.973053,-7.081828,-7.188690,-7.293533,-7.396243,-7.496699,-7.594790,-7.690420,-7.783524,-7.874087,-7.962137,-8.047759,-8.131106,-8.212376,-8.291784,-8.369554,-8.445839,
164.0,0.566667
164.000000,164.566667,165.133333,165.700000,166.266667,166.833333,167.400000,167.966667,168.533333,169.100000,169.666667,170.233333,170.800000,171.366667,171.933333,172.500000,173.066667,173.633333,174.200000,174.766667,175.333333,175.900000,176.466667,177.033333,177.600000,178.166667,178.733333,179.300000,179.866667,180.433333,181.000000,
-19.083036,-19.585913,-20.089203,-20.592967,-21.097213,-21.601913,-22.107018,-22.612463,-23.118176,-23.624087,-24.130122,-24.636218,-25.142318,-25.648377,-26.154371,-26.660292,-27.166163,-27.672039,-28.178014,-28.684222,-29.190857,-29.698163,-30.206442,-30.716063,-31.227450,-31.741073,-32.257443,-32.777080,-33.300472,-33.828030,-34.360015,
-5.494744,-5.620035,-5.743908,-5.866072,-5.986391,-6.104826,-6.221397,-6.336157,-6.449163,-6.560471,-6.670126,-6.778148,-6.884533,-6.989255,-7.092258,-7.193462,-7.292773,-7.390075,-7.485249,-7.578177,-7.668750,-7.756881,-7.842512,-7.925633,-8.006275,-8.084522,-8.160520,-8.234451,-8.306520,-8.376931,-8.445828,
165.0,0.533333
165.000000,165.533333,166.066667,166.600000,167.133333,167.666667,168.200000,168.733333,169.266667,169.800000,170.333333,170.866667,171.400000,171.933333,172.466667,173.000000,173.533333,174.066667,174.600000,175.133333,175.666667,176.200000,176.733333,177.266667,177.800000,178.333333,178.866667,179.400000,179.933333,180.466667,181.000000,
-19.568707,-20.043500,-20.518326,-20.993212,-21.468198,-21.943331,-22.418671,-22.894290,-23.370281,-23.846752,-24.323830,-24.801670,-25.280443,-25.760344,-26.241584,-26.724389,-27.208984,-27.695592,-28.184415,-28.675617,-29.169303,-29.665505,-30.164155,-30.665054,-31.167869,-31.672128,-32.177182,-32.682281,-33.186624,-33.689415,-34.190109,
-5.615562,-5.731760,-5.846800,-5.960420,-6.072479,-6.182915,-6.291717,-6.398904,-6.504506,-6.608558,-6.711092,-6.812129,-6.911679,-7.009744,-7.106310,-7.201355,-7.294853,-7.386774,-7.477088,-7.565774,-7.652826,-7.738249,-7.822073,-7.904353,-7.985169,-8.064622,-8.142837,-8.219950,-8.296092,-8.371377,-8.445876,
166.0,0.500000
166.000000,166.500000,167.000000,167.500000,168.000000,168.500000,169.000000,169.500000,170.000000,170.500000,171.000000,171.500000,172.000000,172.500000,173.000000,173.500000,174.000000,174.500000,175.000000,175.500000,176.000000,176.500000,177.000000,177.500000,178.000000,178.500000,179.000000,179.500000,180.000000,180.500000,181.000000,
-20.542547,-20.989763,-21.437007,-21.884307,-22.331700,-22.779228,-23.226943,-23.674903,-24.123179,-24.571850,-25.021005,-25.470748,-25.921191,-26.372457,-26.824679,-27.277994,-27.732538,-28.188446,-28.645839,-29.104819,-29.565457,-30.027785,-30.491786,-30.957379,-31.424414,-31.892676,-32.361867,-32.831636,-33.301614,-33.771431,-34.240838,
-5.851155,-5.956891,-6.061794,-6.165651,-6.268330,-6.369754,-6.469879,-6.568685,-6.666160,-6.762297,-6.857088,-6.950519,-7.042569,-7.133214,-7.222420,-7.310150,-7.396366,-7.481029,-7.564107,-7.645575,-7.725424,-7.803658,-7.880304,-7.955410,-8.029050,-8.101314,-8.172318,-8.242184,-8.311034,-8.378974,-8.446071,
167.0,0.466667
167.000000,167.466667,167.933333,168.400000,168.866667,169.333333,169.800000,170.266667,170.733333,171.200000,171.666667,172.133333,172.600000,173.066667,173.533333,174.000000,174.466667,174.933333,175.400000,175.866667,176.333333,176.800000,177.266667,177.733333,178.200000,178.666667,179.133333,179.600000,180.066667,180.533333,181.000000,
-21.519315,-21.938598,-22.357926,-22.777322,-23.196811,-23.616419,-24.036173,-24.456108,-24.876258,-25.296666,-25.717379,-26.138451,-26.559941,-26.981914,-27.404444,-27.827607,-28.251483,-28.676158,-29.101711,-29.528225,-29.955769,-30.384408,-30.814190,-31.245142,-31.677272,-32.110563,-32.544969,-32.980425,-33.416850,-33.854155,-34.292275,
-6.079521,-6.175614,-6.271111,-6.365837,-6.459669,-6.552519,-6.644320,-6.735023,-6.824584,-6.912965,-7.000127,-7.086032,-7.170635,-7.253894,-7.335762,-7.416194,-7.495145,-7.572575,-7.648453,-7.722756,-7.795477,-7.866623,-7.936221,-8.004319,-8.070984,-8.136303,-8.200380,-8.263325,-8.325250,-8.386249,-8.446384,
168.0,0.433333
168.000000,168.433333,168.866667,169.300000,169.733333,170.166667,170.600000,171.033333,171.466667,171.900000,172.333333,172.766667,173.200000,173.633333,174.066667,174.500000,174.933333,175.366667,175.800000,176.233333,176.666667,177.100000,177.533333,177.966667,178.400000,178.833333,179.266667,179.700000,180.133333,180.566667,181.000000,
-22.498523,-22.889506,-23.280537,-23.671628,-24.062785,-24.454010,-24.845306,-25.236675,-25.628119,-26.019645,-26.411263,-26.802987,-27.194839,-27.586844,-27.979039,-28.371468,-28.764184,-29.157250,-29.550741,-29.944740,-30.339342,-30.734651,-31.130781,-31.527850,-31.925985,-32.325308,-32.725944,-33.128006,-33.531594,-33.936782,-34.343616,
-6.301560,-6.388688,-6.475376,-6.561477,-6.646874,-6.731472,-6.815193,-6.897966,-6.979730,-7.060424,-7.139993,-7.218380,-7.295531,-7.371392,-7.445913,-7.519043,-7.590741,-7.660969,-7.729701,-7.796919,-7.862621,-7.926820,-7.989546,-8.050845,-8.110783,-8.169440,-8.226909,-8.283291,-8.338681,-8.393164,-8.446794,
169.0,0.400000
169.000000,169.400000,169.800000,170.200000,170.600000,171.000000,171.400000,171.800000,172.200000,172.600000,173.000000,173.400000,173.800000,174.200000,174.600000,175.000000,175.400000,175.800000,176.200000,176.600000,177.000000,177.400000,177.800000,178.200000,178.600000,179.000000,179.400000,179.800000,180.200000,180.600000,181.000000,
-23.479699,-23.842023,-24.204357,-24.566692,-24.929012,-25.291296,-25.653522,-26.015668,-26.377712,-26.739638,-27.101432,-27.463087,-27.824604,-28.185992,-28.547273,-28.908482,-29.269669,-29.630898,-29.992255,-30.353843,-30.715787,-31.078230,-31.441340,-31.805300,-32.170314,-32.536592,-32.904354,-33.273813,-33.645164,-34.018564,-34.394110,
-6.518023,-6.596729,-6.675081,-6.752949,-6.830220,-6.906798,-6.982597,-7.057540,-7.131555,-7.204574,-7.276533,-7.347372,-7.417034,-7.485463,-7.552611,-7.618435,-7.682895,-7.745963,-7.807620,-7.867856,-7.926677,-7.984100,-8.040157,-8.094896,-8.148379,-8.200677,-8.251874,-8.302057,-8.351309,-8.399699,-8.447273,
170.0,0.366667
170.000000,170.366667,170.733333,171.100000,171.466667,171.833333,172.200000,172.566667,172.933333,173.300000,173.666667,174.033333,174.400000,174.766667,175.133333,175.500000,175.866667,176.233333,176.600000,176.966667,177.333333,177.700000,178.066667,178.433333,178.800000,179.166667,179.533333,179.900000,180.266667,180.633333,181.000000,
-24.462392,-24.795723,-25.128973,-25.462101,-25.795063,-26.127821,-26.460336,-26.792573,-27.124502,-27.456098,-27.787344,-28.118232,-28.448763,-28.778951,-29.108825,-29.438429,-29.767826,-30.097100,-30.426354,-30.755717,-31.085340,-31.415402,-31.746100,-32.077660,-32.410320,-32.744335,-33.079964,-33.417459,-33.757047,-34.098914,-34.443172,
-6.729467,-6.800168,-6.870547,-6.940479,-7.009857,-7.078583,-7.146572,-7.213748,-7.280038,-7.345376,-7.409703,-7.472961,-7.535100,-7.596072,-7.655838,-7.714363,-7.771620,-7.827589,-7.882262,-7.935639,-7.987731,-8.038561,-8.088164,-8.136585,-8.183880,-8.230115,-8.275361,-8.319690,-8.363170,-8.405860,-8.447793,
171.0,0.333333
171.000000,171.333333,171.666667,172.000000,172.333333,172.666667,173.000000,173.333333,173.666667,174.000000,174.333333,174.666667,175.000000,175.333333,175.666667,176.000000,176.333333,176.666667,177.000000,177.333333,177.666667,178.000000,178.333333,178.666667,179.000000,179.333333,179.666667,180.000000,180.333333,180.666667,181.000000,
-24.954177,-25.258265,-25.562490,-25.866913,-26.171592,-26.476581,-26.781932,-27.087692,-27.393906,-27.700614,-28.007854,-28.315655,-28.624045,-28.933043,-29.242660,-29.552902,-29.863764,-30.175228,-30.487270,-30.799849,-31.112916,-31.426403,-31.740236,-32.054324,-32.368565,-32.682852,-32.997071,-33.311109,-33.624864,-33.938249,-34.251214,
-6.833417,-6.897124,-6.960510,-7.023460,-7.085883,-7.147704,-7.208864,-7.269316,-7.329021,-7.387949,-7.446075,-7.503382,-7.559858,-7.615494,-7.670287,-7.724241,-7.777361,-7.829659,-7.881153,-7.931864,-7.981819,-8.031050,-8.079592,-8.127484,-8.174771,-8.221494,-8.267698,-8.313424,-8.358710,-8.403583,-8.448059,
172.0,0.300000
172.000000,172.300000,172.600000,172.900000,173.200000,173.500000,173.800000,174.100000,174.400000,174.700000,175.000000,175.300000,175.600000,175.900000,176.200000,176.500000,176.800000,177.100000,177.400000,177.700000,178.000000,178.300000,178.600000,178.900000,179.200000,179.500000,179.800000,180.100000,180.400000,180.700000,181.000000,
-25.938391,-26.213021,-26.487757,-26.762642,-27.037715,-27.313006,-27.588547,-27.864360,-28.140470,-28.416894,-28.693650,-28.970751,-29.248208,-29.526028,-29.804217,-30.082774,-30.361697,-30.640980,-30.920612,-31.200578,-31.480858,-31.761428,-32.042261,-32.323324,-32.604582,-32.885996,-33.167528,-33.449140,-33.730797,-34.012471,-34.294145,
-7.037834,-7.094022,-7.149904,-7.205369,-7.260330,-7.314716,-7.368471,-7.421552,-7.473924,-7.525562,-7.576447,-7.626567,-7.675915,-7.724488,-7.772291,-7.819330,-7.865615,-7.911163,-7.955992,-8.000125,-8.043588,-8.086411,-8.128626,-8.170267,-8.211371,-8.251974,-8.292111,-8.331815,-8.371115,-8.410033,-8.448582,
173.0,0.266667
173.000000,173.266667,173.533333,173.800000,174.066667,174.333333,174.600000,174.866667,175.133333,175.400000,175.666667,175.933333,176.200000,176.466667,176.733333,177.000000,177.266667,177.533333,177.800000,178.066667,178.333333,178.600000,178.866667,179.133333,179.400000,179.666667,179.933333,180.200000,180.466667,180.733333,181.000000,
-26.923198,-27.168087,-27.413015,-27.657998,-27.903052,-28.148192,-28.393432,-28.638784,-28.884263,-29.129879,-29.375646,-29.621572,-29.867671,-30.113951,-30.360424,-30.607097,-30.853981,-31.101083,-31.348411,-31.595973,-31.843774,-32.091822,-32.340119,-32.588671,-32.837481,-33.086550,-33.335882,-33.585475,-33.835332,-34.085451,-34.335832,
-7.237459,-7.286300,-7.334849,-7.383002,-7.430674,-7.477799,-7.524324,-7.570210,-7.615427,-7.659954,-7.703777,-7.746889,-7.789288,-7.830978,-7.871965,-7.912261,-7.951881,-7.990843,-8.029166,-8.066876,-8.103996,-8.140556,-8.176583,-8.212107,-8.247160,-8.281770,-8.315966,-8.349775,-8.383217,-8.416311,-8.449065,
174.0,0.233333
174.000000,174.233333,174.466667,174.700000,174.933333,175.166667,175.400000,175.633333,175.866667,176.100000,176.333333,176.566667,176.800000,177.033333,177.266667,177.500000,177.733333,177.966667,178.200000,178.433333,178.666667,178.900000,179.133333,179.366667,179.600000,179.833333,180.066667,180.300000,180.533333,180.766667,181.000000,
-27.908348,-28.123255,-28.338126,-28.552952,-28.767730,-28.982459,-29.197144,-29.411792,-29.626414,-29.841021,-30.055629,-30.270253,-30.484912,-30.699625,-30.914412,-31.129296,-31.344299,-31.559443,-31.774755,-31.990257,-32.205975,-32.421934,-32.638158,-32.854672,-33.071499,-33.288661,-33.506180,-33.724072,-33.942353,-34.161034,-34.380121,
-7.431778,-7.473389,-7.514734,-7.555715,-7.596255,-7.636291,-7.675775,-7.714669,-7.752947,-7.790591,-7.827590,-7.863938,-7.899636,-7.934691,-7.969110,-8.002907,-8.036097,-8.068699,-8.100733,-8.132221,-8.163188,-8.193657,-8.223655,-8.253207,-8.282337,-8.311071,-8.339431,-8.367437,-8.395106,-8.422451,-8.449478,
175.0,0.200000
175.000000,175.200000,175.400000,175.600000,175.800000,176.000000,176.200000,176.400000,176.600000,176.800000,177.000000,177.200000,177.400000,177.600000,177.800000,178.000000,178.200000,178.400000,178.600000,178.800000,179.000000,179.200000,179.400000,179.600000,179.800000,180.000000,180.200000,180.400000,180.600000,180.800000,181.000000,
-28.893683,-29.078411,-29.263053,-29.447582,-29.631981,-29.816241,-30.000360,-30.184341,-30.368193,-30.551929,-30.735568,-30.919131,-31.102640,-31.286122,-31.469607,-31.653123,-31.836704,-32.020382,-32.204190,-32.388164,-32.572338,-32.756745,-32.941420,-33.126396,-33.311704,-33.497372,-33.683428,-33.869895,-34.056792,-34.244132,-34.431923,
-7.619851,-7.654332,-7.688584,-7.722523,-7.756078,-7.789193,-7.821824,-7.853936,-7.885504,-7.916511,-7.946945,-7.976802,-8.006081,-8.034787,-8.062928,-8.090514,-8.117559,-8.144079,-8.170091,-8.195615,-8.220671,-8.245279,-8.269460,-8.293235,-8.316625,-8.339647,-8.362321,-8.384661,-8.406681,-8.428389,-8.449790,
