1.0,1.533333
1.000000,2.533333,4.066667,5.600000,7.133333,8.666667,10.200000,11.733333,13.266667,14.800000,16.333333,17.866667,19.400000,20.933333,22.466667,24.000000,25.533333,27.066667,28.600000,30.133333,31.666667,33.200000,34.733333,36.266667,37.800000,39.333333,40.866667,42.400000,43.933333,45.466667,47.000000,
42.349243,41.494049,40.598653,39.659617,38.676774,37.653259,36.593500,35.502717,34.387357,33.254052,32.108800,30.955396,29.796677,28.634640,27.469580,26.301294,25.129701,23.955609,22.780206,21.605000,20.432139,19.263651,18.100544,16.940714,15.780733,14.616100,13.440218,12.249260,11.050294,9.882214,8.782221,
7.973886,8.014129,8.082459,8.183103,8.317868,8.485132,8.681816,8.903627,9.143892,9.395137,9.649721,9.900287,10.139689,10.361185,10.559088,10.728159,10.863518,10.960972,11.016681,11.027232,10.990203,10.903539,10.765348,10.573889,10.327357,10.023604,9.659438,9.232592,8.744760,8.209309,7.639197,
2.0,1.500000
2.000000,3.500000,5.000000,6.500000,8.000000,9.500000,11.000000,12.500000,14.000000,15.500000,17.000000,18.500000,20.000000,21.500000,23.000000,24.500000,26.000000,27.500000,29.000000,30.500000,32.000000,33.500000,35.000000,36.500000,38.000000,39.500000,41.000000,42.500000,44.000000,45.500000,47.000000,
41.851467,41.004762,40.123034,39.207426,38.261564,37.289080,36.293348,35.276947,34.240223,33.182905,32.105023,31.008180,29.894618,28.767018,27.628785,26.483433,25.334092,24.182577,23.030035,21.876827,20.721540,19.561984,18.395306,17.217372,16.023954,14.811803,13.580843,12.336153,11.095763,9.913019,8.836895,
7.990426,8.046424,8.128828,8.240164,8.380678,8.548101,8.739164,8.949999,9.175855,9.411595,9.651754,9.890227,10.120717,10.336978,10.533100,10.703404,10.842598,10.946364,11.010783,11.032198,11.007388,10.933262,10.806701,10.624368,10.382900,10.079061,9.710041,9.274472,8.775062,8.225813,7.640074,
3.0,1.466667
3.000000,4.466667,5.933333,7.400000,8.866667,10.333333,11.800000,13.266667,14.733333,16.200000,17.666667,19.133333,20.600000,22.066667,23.533333,25.000000,26.466667,27.933333,29.400000,30.866667,32.333333,33.800000,35.266667,36.733333,38.200000,39.666667,41.133333,42.600000,44.066667,45.533333,47.000000,
41.357164,40.519364,39.645754,38.733274,37.781696,36.793095,35.770390,34.716789,33.635549,32.530111,31.404432,30.263870,29.114134,27.960604,26.807298,25.657445,24.513208,23.374259,22.239519,21.108097,19.980433,18.857171,17.738269,16.621363,15.503187,14.380032,13.247716,12.104908,10.959501,9.844911,8.792620,
8.016375,8.086853,8.183088,8.307985,8.462136,8.643401,8.848460,9.073106,9.311572,9.557473,9.804079,10.044228,10.270740,10.476826,10.656906,10.805982,10.919646,10.994705,11.028482,11.018660,10.963518,10.861542,10.711260,10.511117,10.259475,9.954519,9.593972,9.176532,8.704344,8.189194,7.642340,
4.0,1.433333
4.000000,5.433333,6.866667,8.300000,9.733333,11.166667,12.600000,14.033333,15.466667,16.900000,18.333333,19.766667,21.200000,22.633333,24.066667,25.500000,26.933333,28.366667,29.800000,31.233333,32.666667,34.100000,35.533333,36.966667,38.400000,39.833333,41.266667,42.700000,44.133333,45.566667,47.000000,
40.376734,39.547847,38.687854,37.797348,36.879195,35.936271,34.971249,33.986169,32.981374,31.956738,30.912427,29.849956,28.771415,27.679303,26.576767,25.467105,24.353427,23.238114,22.123224,21.010556,19.901462,18.796742,17.695975,16.595602,15.490996,14.377448,13.251059,12.111790,10.970458,9.866910,8.838302,
8.094812,8.192494,8.313027,8.457513,8.624949,8.812481,9.016511,9.233032,9.457551,9.685337,9.911433,10.130433,10.336802,10.525071,10.690094,10.826965,10.931172,10.999161,11.027839,11.014546,10.957470,10.855083,10.705853,10.507968,10.259430,9.957960,9.600616,9.185440,8.714130,8.198453,7.649752,
5.0,1.400000
5.000000,6.400000,7.800000,9.200000,10.600000,12.000000,13.400000,14.800000,16.200000,17.600000,19.000000,20.400000,21.800000,23.200000,24.600000,26.000000,27.400000,28.800000,30.200000,31.600000,33.000000,34.400000,35.800000,37.200000,38.600000,40.000000,41.400000,42.800000,44.200000,45.600000,47.000000,
39.889600,39.067572,38.216084,37.335510,36.428418,35.497418,34.544945,33.572875,32.581589,31.571060,30.541538,29.494508,28.432001,27.356447,26.270908,25.178603,24.082577,22.985202,21.888519,20.794254,19.703532,18.616894,17.533736,16.450642,15.363322,14.267712,13.161278,12.045291,10.930822,9.854334,8.849510,
8.146405,8.255799,8.386543,8.539344,8.712881,8.904211,9.109728,9.325470,9.547086,9.770030,9.989561,10.200560,10.397806,10.576154,10.730786,10.857123,10.950967,11.009026,11.028446,11.006778,10.942336,10.833693,10.679414,10.477794,10.226985,9.924979,9.569439,9.159043,8.695818,8.190755,7.654336,
6.0,1.366667
6.000000,7.366667,8.733333,10.100000,11.466667,12.833333,14.200000,15.566667,16.933333,18.300000,19.666667,21.033333,22.400000,23.766667,25.133333,26.500000,27.866667,29.233333,30.600000,31.966667,33.333333,34.700000,36.066667,37.433333,38.800000,40.166667,41.533333,42.900000,44.266667,45.633333,47.000000,
39.403922,38.587727,37.743622,36.871768,35.974447,35.054023,34.112721,33.152273,32.173107,31.175295,30.159174,29.126209,28.078379,27.018049,25.948189,24.871922,23.792204,22.711352,21.631348,20.553832,19.479771,18.409574,17.342676,16.276220,15.206721,14.131136,13.048363,11.960727,10.878671,9.833032,8.851992,
8.205618,8.325792,8.465787,8.625961,8.804727,8.999077,9.205408,9.419811,9.638067,9.855796,10.068456,10.271194,10.459078,10.627263,10.771235,10.886715,10.969795,11.017409,11.026907,10.996020,10.923170,10.807029,10.646298,10.439521,10.185192,9.881821,9.528003,9.123359,8.670418,8.179226,7.659184,
7.0,1.333333
7.000000,8.333333,9.666667,11.000000,12.333333,13.666667,15.000000,16.333333,17.666667,19.000000,20.333333,21.666667,23.000000,24.333333,25.666667,27.000000,28.333333,29.666667,31.000000,32.333333,33.666667,35.000000,36.333333,37.666667,39.000000,40.333333,41.666667,43.000000,44.333333,45.666667,47.000000,
38.919306,38.108188,37.270618,36.406551,35.518000,34.607103,33.675897,32.725994,31.757872,30.771706,29.767923,28.747973,27.713790,26.667671,25.612484,24.551236,23.486771,22.421320,21.356783,20.294719,19.236029,18.181133,17.129699,16.079723,15.028816,13.975152,12.918918,11.863118,10.816898,9.804311,8.847059,
8.271960,8.401960,8.550226,8.716808,8.899905,9.096460,9.302889,9.515341,9.729722,9.941807,10.147241,10.341416,10.519674,10.677450,10.810508,10.914852,10.986834,11.023587,11.022639,10.981875,10.899823,10.775270,10.607100,10.394228,10.135649,9.830563,9.478678,9.080705,8.639746,8.164807,7.664092,
8.0,1.300000
8.000000,9.300000,10.600000,11.900000,13.200000,14.500000,15.800000,17.100000,18.400000,19.700000,21.000000,22.300000,23.600000,24.900000,26.200000,27.500000,28.800000,30.100000,31.400000,32.700000,34.000000,35.300000,36.600000,37.900000,39.200000,40.500000,41.800000,43.100000,44.400000,45.700000,47.000000,
38.435394,37.628677,36.796424,35.938477,35.056846,34.154047,33.232717,32.295335,31.343797,30.379645,29.403990,28.417070,27.418847,26.409368,25.389190,24.359256,23.321073,22.277391,21.231281,20.185500,19.141583,18.100297,17.061443,16.022845,14.981933,13.936994,12.889143,11.842783,10.808831,9.813460,8.880005,
8.344923,8.483796,8.639415,8.811536,8.998128,9.196009,9.401505,9.610700,9.819483,10.023685,10.219182,10.402023,10.568346,10.714366,10.836435,10.931021,10.994801,11.024918,11.018798,10.974195,10.889523,10.763462,10.594788,10.382279,10.124794,9.821407,9.471733,9.076410,8.638457,8.166626,7.668889,
9.0,1.266667
9.000000,10.266667,11.533333,12.800000,14.066667,15.333333,16.600000,17.866667,19.133333,20.400000,21.666667,22.933333,24.200000,25.466667,26.733333,28.000000,29.266667,30.533333,31.800000,33.066667,34.333333,35.600000,36.866667,38.133333,39.400000,40.666667,41.933333,43.200000,44.466667,45.733333,47.000000,
37.468448,36.666268,35.836342,34.976885,34.088925,33.175764,32.241605,31.290921,30.328024,29.356923,28.380920,27.401663,26.420094,25.436844,24.452375,23.467135,22.481702,21.497032,20.514172,19.534027,18.557035,17.583205,16.611826,15.640585,14.666799,13.688346,12.705042,11.719338,10.739129,9.784927,8.875166,
8.508634,8.663099,8.832234,9.015569,9.210851,9.414472,9.622254,9.829781,10.032545,10.226084,10.406174,10.569204,10.711870,10.831139,10.924403,10.989296,11.023686,11.025860,10.994330,10.927801,10.825313,10.686006,10.508973,10.293077,10.037142,9.740123,9.401381,9.021209,8.602114,8.151870,7.677594,
10.0,1.233333
10.000000,11.233333,12.466667,13.700000,14.933333,16.166667,17.400000,18.633333,19.866667,21.100000,22.333333,23.566667,24.800000,26.033333,27.266667,28.500000,29.733333,30.966667,32.200000,33.433333,34.666667,35.900000,37.133333,38.366667,39.600000,40.833333,42.066667,43.300000,44.533333,45.766667,47.000000,
36.984882,36.189363,35.370524,34.527745,33.662465,32.776739,31.872854,30.953144,30.019815,29.075014,28.120842,27.159339,26.192457,25.221966,24.249223,23.275412,22.301643,21.329007,20.358495,19.390850,18.426233,17.464363,16.504343,15.543994,14.580971,13.613752,12.643241,11.673051,10.711840,9.779485,8.893563,
8.598316,8.757960,8.929893,9.113218,9.305552,9.503671,9.703986,9.902750,10.096127,10.280285,10.451474,10.606181,10.741061,10.852999,10.939349,10.997729,11.026022,11.022576,10.985976,10.915002,10.808727,10.666324,10.486928,10.269488,10.012958,9.716490,9.379781,9.003462,8.590184,8.147259,7.681290,
11.0,1.200000
11.000000,12.200000,13.400000,14.600000,15.800000,17.000000,18.200000,19.400000,20.600000,21.800000,23.000000,24.200000,25.400000,26.600000,27.800000,29.000000,30.200000,31.400000,32.600000,33.800000,35.000000,36.200000,37.400000,38.600000,39.800000,41.000000,42.200000,43.400000,44.600000,45.800000,47.000000,
36.500955,35.710475,34.897758,34.062953,33.208385,32.337042,31.451985,30.555800,29.649708,28.734342,27.810093,26.877285,25.936346,24.988064,24.034083,23.076376,22.116938,21.157508,20.199573,19.244202,18.291578,17.341342,16.392553,15.443231,14.491392,13.536087,12.579187,11.625303,10.683699,9.773530,8.911464,
8.692491,8.856640,9.031424,9.215641,9.406700,9.601297,9.795860,9.986803,10.170767,10.344510,10.504887,10.648894,10.773619,10.876267,10.954254,11.005164,11.026817,11.017511,10.975794,10.900418,10.790446,10.645049,10.463396,10.244531,9.987549,9.691807,9.357313,8.984998,8.577632,8.142076,7.684447,
12.0,1.166667
12.000000,13.166667,14.333333,15.500000,16.666667,17.833333,19.000000,20.166667,21.333333,22.500000,23.666667,24.833333,26.000000,27.166667,28.333333,29.500000,30.666667,31.833333,33.000000,34.166667,35.333333,36.500000,37.666667,38.833333,40.000000,41.166667,42.333333,43.500000,44.666667,45.833333,47.000000,
35.531305,34.756537,33.970293,33.170756,32.357043,31.528914,30.686523,29.830448,28.962009,28.082870,27.194882,26.300052,25.400346,24.497467,23.592451,22.685946,21.778222,20.868924,19.957432,19.043048,18.125117,17.203007,16.276099,15.343787,14.405907,13.463464,12.520155,11.582191,10.659824,9.771622,8.933373,
8.892124,9.061081,9.235627,9.414786,9.596719,9.779068,9.959226,10.134438,10.301800,10.458370,10.601255,10.727734,10.835210,10.921257,10.983778,11.020853,11.030701,11.011744,10.962511,10.881618,10.767798,10.619856,10.436658,10.217169,9.960528,9.666235,9.334587,8.966803,8.565772,8.137938,7.688962,
13.0,1.133333
13.000000,14.133333,15.266667,16.400000,17.533333,18.666667,19.800000,20.933333,22.066667,23.200000,24.333333,25.466667,26.600000,27.733333,28.866667,30.000000,31.133333,32.266667,33.400000,34.533333,35.666667,36.800000,37.933333,39.066667,40.200000,41.333333,42.466667,43.600000,44.733333,45.866667,47.000000,
35.045296,34.268831,33.471547,32.653366,31.816419,30.963745,30.098663,29.224340,28.343246,27.457434,26.568554,25.677609,24.785311,23.892269,22.999096,22.106410,21.214838,20.325029,19.437538,18.552649,17.670026,16.788942,15.908248,15.026081,14.140690,13.251341,12.359869,11.470514,10.591294,9.737812,8.923470,
8.996474,9.168600,9.347075,9.530280,9.715543,9.899701,10.079419,10.251393,10.412571,10.560075,10.691230,10.803722,10.895446,10.964489,11.009234,11.028240,11.020240,10.984242,10.919391,10.824923,10.700163,10.544449,10.357047,10.137027,9.883486,9.595774,9.273894,8.918698,8.532620,8.121442,7.690276,
14.0,1.100000
14.000000,15.100000,16.200000,17.300000,18.400000,19.500000,20.600000,21.700000,22.800000,23.900000,25.000000,26.100000,27.200000,28.300000,29.400000,30.500000,31.600000,32.700000,33.800000,34.900000,36.000000,37.100000,38.200000,39.300000,40.400000,41.500000,42.600000,43.700000,44.800000,45.900000,47.000000,
34.558350,33.792181,33.008956,32.208998,31.394275,30.566846,29.728711,28.881628,28.026780,27.165125,26.297615,25.425404,24.549729,23.671827,22.792867,21.913941,21.036022,20.159838,19.285891,18.414327,17.544603,16.675790,15.806638,14.935453,14.060846,13.182656,12.303632,11.429008,10.567605,9.735086,8.944666,
9.103107,9.274745,9.450710,9.629289,9.807961,9.983959,10.154440,10.316599,10.467820,10.605600,10.727548,10.831451,10.915229,10.976964,11.015040,11.028021,11.014655,10.973970,10.905139,10.807413,10.680115,10.522572,10.334051,10.113657,9.860544,9.574154,9.254633,8.902964,8.521601,8.116007,7.690959,
15.0,1.066667
15.000000,16.066667,17.133333,18.200000,19.266667,20.333333,21.400000,22.466667,23.533333,24.600000,25.666667,26.733333,27.800000,28.866667,29.933333,31.000000,32.066667,33.133333,34.200000,35.266667,36.333333,37.400000,38.466667,39.533333,40.600000,41.666667,42.733333,43.800000,44.866667,45.933333,47.000000,
33.581353,32.829941,32.067636,31.293569,30.508034,29.712063,28.907031,28.094458,27.275905,26.452893,25.626827,24.798827,23.969860,23.140772,22.312253,21.484849,20.658879,19.834230,19.010440,18.186564,17.360789,16.530953,15.694872,14.850661,13.997264,13.135464,12.269933,11.408274,10.561729,9.747958,8.981470,
9.321007,9.490396,9.660488,9.829747,9.996184,10.157567,10.311572,10.455883,10.588294,10.706693,10.809105,10.893811,10.959251,11.004018,11.026940,11.026973,11.003166,10.954678,10.880692,10.780338,10.652585,10.496302,10.310259,10.093063,9.843416,9.560416,9.244081,8.895372,8.516748,8.113569,7.690505,
16.0,1.033333
16.000000,17.033333,18.066667,19.100000,20.133333,21.166667,22.200000,23.233333,24.266667,25.300000,26.333333,27.366667,28.400000,29.433333,30.466667,31.500000,32.533333,33.566667,34.600000,35.633333,36.666667,37.700000,38.733333,39.766667,40.800000,41.833333,42.866667,43.900000,44.933333,45.966667,47.000000,
33.091208,32.350628,31.599597,30.837279,30.063976,29.280684,28.488732,27.689593,26.884775,26.075754,25.263893,24.450304,23.635943,22.821634,22.008012,21.195543,20.384459,19.574559,18.765310,17.955773,17.144307,16.329034,15.508179,14.680456,13.845464,13.004542,12.162559,11.326942,10.508060,9.721186,8.978658,
9.431175,9.597481,9.763410,9.927380,10.087464,10.241557,10.387494,10.523124,10.646408,10.755401,10.848285,10.923481,10.979554,11.015214,11.029382,11.021097,10.989478,10.933735,10.853098,10.746754,10.613764,10.453119,10.263765,10.044598,9.794659,9.513413,9.201246,8.859402,8.490385,8.099022,7.689432,
17.0,1.000000
17.000000,18.000000,19.000000,20.000000,21.000000,22.000000,23.000000,24.000000,25.000000,26.000000,27.000000,28.000000,29.000000,30.000000,31.000000,32.000000,33.000000,34.000000,35.000000,36.000000,37.000000,38.000000,39.000000,40.000000,41.000000,42.000000,43.000000,44.000000,45.000000,46.000000,47.000000,
32.107541,31.380187,30.645113,29.902449,29.153180,28.398480,27.639518,26.877266,26.112211,25.344564,24.574338,23.801313,23.025235,22.245977,21.463781,20.679090,19.892493,19.104734,18.316516,17.528280,16.739856,15.950755,15.160309,14.367709,13.572529,12.775440,11.979468,11.189517,10.412833,9.660645,8.942106,
9.651239,9.811039,9.968102,10.120664,10.266906,10.405034,10.533302,10.650030,10.753679,10.842794,10.915995,10.972011,11.009641,11.027756,11.025332,11.001425,10.955183,10.885903,10.792958,10.675748,10.533684,10.366168,10.172574,9.952221,9.704532,9.429249,9.126809,8.798349,8.446057,8.074051,7.685827,
18.0,0.966667
18.000000,18.966667,19.933333,20.900000,21.866667,22.833333,23.800000,24.766667,25.733333,26.700000,27.666667,28.633333,29.600000,30.566667,31.533333,32.500000,33.466667,34.433333,35.400000,36.366667,37.333333,38.300000,39.266667,40.233333,41.200000,42.166667,43.133333,44.100000,45.066667,46.033333,47.000000,
31.614038,30.900439,30.179560,29.451438,28.716938,27.977136,27.233133,26.485871,25.735879,24.983452,24.228699,23.471526,22.711791,21.949439,21.184680,20.417868,19.649439,18.879906,18.109711,17.339067,16.567675,15.795004,15.020464,14.243545,13.464245,12.683730,11.905555,11.135088,10.379801,9.650536,8.955976,
9.760070,9.914127,10.064670,10.209941,10.348215,10.477833,10.597194,10.704768,10.799147,10.879001,10.943072,10.990205,11.019312,11.029377,11.019484,10.988794,10.936543,10.862089,10.764844,10.644238,10.499688,10.330600,10.136363,9.916344,9.670033,9.397252,9.098518,8.775017,8.428886,8.063947,7.683405,
19.0,0.933333
19.000000,19.933333,20.866667,21.800000,22.733333,23.666667,24.600000,25.533333,26.466667,27.400000,28.333333,29.266667,30.200000,31.133333,32.066667,33.000000,33.933333,34.866667,35.800000,36.733333,37.666667,38.600000,39.533333,40.466667,41.400000,42.333333,43.266667,44.200000,45.133333,46.066667,47.000000,
30.623860,29.924484,29.217912,28.504102,27.783880,27.058371,26.328803,25.596350,24.861954,24.126419,23.390441,22.654597,21.919393,21.185278,20.452637,19.721778,18.992890,18.265940,17.540715,16.816786,16.093368,15.369534,14.644367,13.917110,13.187469,12.456118,11.725622,11.000008,10.284984,9.588870,8.918327,
9.972739,10.116314,10.254902,10.386639,10.509858,10.623038,10.724760,10.813697,10.888658,10.948542,10.992343,11.019196,11.028327,11.019055,10.990829,10.943174,10.875669,10.787951,10.679674,10.550467,10.399891,10.227465,10.032680,9.814994,9.573980,9.309512,9.022088,8.712795,8.383530,8.037570,7.677640,
20.0,0.900000
20.000000,20.900000,21.800000,22.700000,23.600000,24.500000,25.400000,26.300000,27.200000,28.100000,29.000000,29.900000,30.800000,31.700000,32.600000,33.500000,34.400000,35.300000,36.200000,37.100000,38.000000,38.900000,39.800000,40.700000,41.600000,42.500000,43.400000,44.300000,45.200000,46.100000,47.000000,
30.127293,29.444355,28.754691,28.058214,27.355665,26.648102,25.936700,25.222606,24.506771,23.790021,23.073075,22.356514,21.640827,20.926412,20.213542,19.502371,18.792894,18.084834,17.377719,16.670873,15.963322,15.254033,14.542115,13.827087,13.109124,12.389574,11.671947,10.961265,10.264037,9.588820,8.942262,
10.075570,10.211317,10.341569,10.464487,10.578506,10.682243,10.774433,10.853908,10.919622,10.970614,11.006011,11.025059,11.027087,11.011501,10.977806,10.925566,10.854373,10.763840,10.653570,10.523125,10.371974,10.199546,10.005255,9.788527,9.548938,9.286415,9.001573,8.695616,8.370475,8.029240,7.674430,
21.0,0.866667
21.000000,21.866667,22.733333,23.600000,24.466667,25.333333,26.200000,27.066667,27.933333,28.800000,29.666667,30.533333,31.400000,32.266667,33.133333,34.000000,34.866667,35.733333,36.600000,37.466667,38.333333,39.200000,40.066667,40.933333,41.800000,42.666667,43.533333,44.400000,45.266667,46.133333,47.000000,
29.131563,28.468992,27.805094,27.139745,26.472978,25.804913,25.135718,24.465581,23.794693,23.123235,22.451357,21.779149,21.106645,20.433805,19.760476,19.086432,18.411398,17.735051,17.057034,16.376968,15.694446,15.009128,14.320856,13.629846,12.936856,12.243571,11.553327,10.870654,10.201263,9.552482,8.929947,
10.271798,10.393281,10.507688,10.613293,10.708882,10.793512,10.866392,10.926807,10.974086,11.007588,11.026693,11.030813,11.019379,10.991846,10.947698,10.886438,10.807579,10.710652,10.595187,10.460708,10.306721,10.132732,9.938277,9.722950,9.486502,9.228996,8.951074,8.653884,8.339193,8.009729,7.667700,
22.0,0.833333
22.000000,22.833333,23.666667,24.500000,25.333333,26.166667,27.000000,27.833333,28.666667,29.500000,30.333333,31.166667,32.000000,32.833333,33.666667,34.500000,35.333333,36.166667,37.000000,37.833333,38.666667,39.500000,40.333333,41.166667,42.000000,42.833333,43.666667,44.500000,45.333333,46.166667,47.000000,
28.632573,27.988688,27.343708,26.697341,26.049364,25.399596,24.747882,24.094100,23.438169,22.780065,22.119856,21.457770,20.794125,20.129303,19.463739,18.797843,18.131918,17.466040,16.800125,16.133940,15.467064,14.799070,14.129707,13.459145,12.788107,12.118205,11.452572,10.795409,10.151892,9.528428,8.929874,
10.364265,10.476685,10.581989,10.678456,10.764895,10.840402,10.904229,10.955708,10.994206,11.019114,11.029846,11.025842,11.006573,10.971543,10.920317,10.852491,10.767689,10.665551,10.545723,10.407837,10.251491,10.076283,9.881844,9.667882,9.434263,9.181151,8.909243,8.619686,8.314143,7.995042,7.664315,
23.0,0.800000
23.000000,23.800000,24.600000,25.400000,26.200000,27.000000,27.800000,28.600000,29.400000,30.200000,31.000000,31.800000,32.600000,33.400000,34.200000,35.000000,35.800000,36.600000,37.400000,38.200000,39.000000,39.800000,40.600000,41.400000,42.200000,43.000000,43.800000,44.600000,45.400000,46.200000,47.000000,
27.632843,27.007265,26.380428,25.752255,25.122842,24.492387,23.861151,23.229430,22.597549,21.965839,21.334627,20.704214,20.074867,19.446786,18.820060,18.194678,17.570498,16.947188,16.324294,15.701261,15.077442,14.452230,13.825214,13.196401,12.566315,11.936269,11.308884,10.687708,10.077122,9.482521,8.907982,
10.535690,10.632099,10.720809,10.800056,10.868711,10.925992,10.971321,11.004231,11.024316,11.031207,11.024569,11.004094,10.969498,10.920512,10.856890,10.778391,10.684764,10.575733,10.450996,10.310213,10.152987,9.978906,9.787579,9.578689,9.352065,9.107811,8.846523,8.569202,8.277308,7.972959,7.657831,
24.0,0.766667
24.000000,24.766667,25.533333,26.300000,27.066667,27.833333,28.600000,29.366667,30.133333,30.900000,31.666667,32.433333,33.200000,33.966667,34.733333,35.500000,36.266667,37.033333,37.800000,38.566667,39.333333,40.100000,40.866667,41.633333,42.400000,43.166667,43.933333,44.700000,45.466667,46.233333,47.000000,
27.132322,26.527565,25.921756,25.314868,24.707030,24.098459,23.489417,22.880180,22.271018,21.662177,21.053857,20.446179,19.839184,19.232812,18.626849,18.020963,17.414714,16.807518,16.198748,15.587813,14.974247,14.357801,13.738597,13.117384,12.495536,11.875221,11.259813,10.653463,10.060904,9.487417,8.936851,
10.613810,10.700361,10.779370,10.849127,10.908567,10.956990,10.993902,11.018928,11.031743,11.032057,11.019589,10.994065,10.955207,10.902728,10.836324,10.755675,10.660434,10.550213,10.424601,10.283172,10.125491,9.951151,9.759819,9.551309,9.325621,9.083035,8.824292,8.550492,8.263100,7.964055,7.654853,
25.0,0.733333
25.000000,25.733333,26.466667,27.200000,27.933333,28.666667,29.400000,30.133333,30.866667,31.600000,32.333333,33.066667,33.800000,34.533333,35.266667,36.000000,36.733333,37.466667,38.200000,38.933333,39.666667,40.400000,41.133333,41.866667,42.600000,43.333333,44.066667,44.800000,45.533333,46.266667,47.000000,
26.130554,25.546712,24.961994,24.376389,23.790020,23.203093,22.615857,22.028584,21.441548,20.855019,20.269248,19.684448,19.100792,18.518405,17.937329,17.357544,16.778961,16.201401,15.624641,15.048444,14.472582,13.896910,13.321453,12.746537,12.172819,11.601398,11.034051,10.473002,9.920818,9.380389,8.853820,
10.752902,10.822226,10.883855,10.936064,10.977812,11.008455,11.027582,11.034912,11.030228,11.013350,10.984117,10.942378,10.887982,10.820784,10.740638,10.647396,10.540906,10.421010,10.287547,10.140362,9.979308,9.804277,9.615224,9.412227,9.195504,8.965480,8.722907,8.468773,8.204282,7.930893,7.649693,
26.0,0.700000
26.000000,26.700000,27.400000,28.100000,28.800000,29.500000,30.200000,30.900000,31.600000,32.300000,33.000000,33.700000,34.400000,35.100000,35.800000,36.500000,37.200000,37.900000,38.600000,39.300000,40.000000,40.700000,41.400000,42.100000,42.800000,43.500000,44.200000,44.900000,45.600000,46.300000,47.000000,
25.629553,25.068667,24.507158,23.945059,23.382512,22.819723,22.256923,21.694348,21.132216,20.570713,20.009981,19.450088,18.891032,18.332729,17.774980,17.217506,16.659950,16.101875,15.542827,14.982398,14.420301,13.856444,13.291066,12.724939,12.159351,11.596208,11.038292,10.488915,9.951701,9.430450,8.927842,
10.813143,10.872529,10.924588,10.967675,11.000814,11.023426,11.035169,11.035836,11.025280,11.003386,10.970049,10.925153,10.868567,10.800138,10.719682,10.626984,10.521800,10.403843,10.272801,10.128351,9.970166,9.797951,9.611494,9.410724,9.195745,8.966897,8.724885,8.470682,8.205492,7.930770,7.647605,
27.0,0.666667
27.000000,27.666667,28.333333,29.000000,29.666667,30.333333,31.000000,31.666667,32.333333,33.000000,33.666667,34.333333,35.000000,35.666667,36.333333,37.000000,37.666667,38.333333,39.000000,39.666667,40.333333,41.000000,41.666667,42.333333,43.000000,43.666667,44.333333,45.000000,45.666667,46.333333,47.000000,
24.627951,24.090158,23.551870,23.013151,22.474174,21.935177,21.396431,20.858225,20.320847,19.784570,19.249646,18.716278,18.184622,17.654772,17.126723,16.600392,16.075607,15.552077,15.029456,14.507375,13.985484,13.463528,12.941449,12.419523,11.898379,11.379090,10.863364,10.353326,9.851382,9.360157,8.881526,
10.913329,10.955203,10.989860,11.015682,11.031733,11.037494,11.032704,11.017247,10.991087,10.954226,10.906688,10.848489,10.779638,10.700124,10.609909,10.508926,10.397077,10.274216,10.140167,9.994732,9.837697,9.668860,9.488075,9.295297,9.090616,8.874305,8.646927,8.409255,8.162252,7.907079,7.644602,
28.0,0.633333
28.000000,28.633333,29.266667,29.900000,30.533333,31.166667,31.800000,32.433333,33.066667,33.700000,34.333333,34.966667,35.600000,36.233333,36.866667,37.500000,38.133333,38.766667,39.400000,40.033333,40.666667,41.300000,41.933333,42.566667,43.200000,43.833333,44.466667,45.100000,45.733333,46.366667,47.000000,
23.627736,23.115735,22.605660,22.097784,21.592147,21.088661,20.587166,20.087473,19.589399,19.092767,18.597408,18.103165,17.609882,17.117399,16.625535,16.134102,15.642897,15.151712,14.660349,14.168657,13.676558,13.184089,12.691455,12.199117,11.707790,11.218494,10.732657,10.251963,9.778241,9.313385,8.858720,
10.984443,11.009118,11.027113,11.036930,11.037721,11.029040,11.010690,10.982614,10.944824,10.897364,10.840284,10.773616,10.697370,10.611531,10.516048,10.410845,10.295819,10.170842,10.035775,9.890479,9.734833,9.568748,9.392202,9.205277,9.008174,8.801244,8.585053,8.360321,8.127879,7.888661,7.643343,
29.0,0.600000
29.000000,29.600000,30.200000,30.800000,31.400000,32.000000,32.600000,33.200000,33.800000,34.400000,35.000000,35.600000,36.200000,36.800000,37.400000,38.000000,38.600000,39.200000,39.800000,40.400000,41.000000,41.600000,42.200000,42.800000,43.400000,44.000000,44.600000,45.200000,45.800000,46.400000,47.000000,
23.128467,22.640609,22.152803,21.665166,21.177847,20.691009,20.204817,19.719433,19.234998,18.751636,18.269438,17.788454,17.308697,16.830133,16.352671,15.876178,15.400485,14.925387,14.450679,13.976190,13.501830,13.027627,12.553789,12.080803,11.609423,11.140713,10.676140,10.217413,9.766360,9.324835,8.894115,
11.008422,11.024257,11.033861,11.035782,11.029176,11.013584,10.988798,10.954756,10.911473,10.859010,10.797439,10.726820,10.647199,10.558594,10.460990,10.354339,10.238564,10.113554,9.979177,9.835295,9.681778,9.518520,9.345479,9.162706,8.970365,8.768762,8.558403,8.339930,8.114091,7.881718,7.643410,
30.0,0.566667
30.000000,30.566667,31.133333,31.700000,32.266667,32.833333,33.400000,33.966667,34.533333,35.100000,35.666667,36.233333,36.800000,37.366667,37.933333,38.500000,39.066667,39.633333,40.200000,40.766667,41.333333,41.900000,42.466667,43.033333,43.600000,44.166667,44.733333,45.300000,45.866667,46.433333,47.000000,
22.132234,21.671377,21.212305,20.755325,20.300524,19.847853,19.397177,18.948312,18.501054,18.055188,17.610494,17.166756,16.723761,16.281303,15.839179,15.397202,14.955202,14.513043,14.070633,13.627948,13.185063,12.742167,12.299593,11.857874,11.417728,10.980072,10.546066,10.117005,9.694225,9.279016,8.872248,
11.032059,11.032057,11.026589,11.014339,10.994529,10.966730,10.930738,10.886487,10.833984,10.773277,10.704428,10.627489,10.542496,10.449465,10.348384,10.239219,10.121920,9.996418,9.862644,9.720535,9.570055,9.411201,9.244030,9.068685,8.885398,8.694508,8.496492,8.291918,8.081407,7.865606,7.644965,
31.0,0.533333
31.000000,31.533333,32.066667,32.600000,33.133333,33.666667,34.200000,34.733333,35.266667,35.800000,36.333333,36.866667,37.400000,37.933333,38.466667,39.000000,39.533333,40.066667,40.600000,41.133333,41.666667,42.200000,42.733333,43.266667,43.800000,44.333333,44.866667,45.400000,45.933333,46.466667,47.000000,
21.635511,21.200337,20.765645,20.331560,19.898158,19.465476,19.033524,18.602288,18.171730,17.741793,17.312404,16.883471,16.454892,16.026556,15.598354,15.170185,14.741971,14.313675,13.885317,13.456993,13.028909,12.601395,12.174924,11.750158,11.327931,10.909244,10.495295,10.087371,9.686758,9.294647,8.911817,
11.031316,11.023983,11.011698,10.993213,10.967759,10.934889,10.894368,10.846095,10.790049,10.726251,10.654745,10.575567,10.488749,10.394306,10.292233,10.182508,10.065096,9.939954,9.807041,9.666327,9.517809,9.361522,9.197553,9.026070,8.847318,8.661633,8.469462,8.271323,8.067766,7.859347,7.646444,
32.0,0.500000
32.000000,32.500000,33.000000,33.500000,34.000000,34.500000,35.000000,35.500000,36.000000,36.500000,37.000000,37.500000,38.000000,38.500000,39.000000,39.500000,40.000000,40.500000,41.000000,41.500000,42.000000,42.500000,43.000000,43.500000,44.000000,44.500000,45.000000,45.500000,46.000000,46.500000,47.000000,
20.645431,20.238151,19.832435,19.428575,19.026663,18.626659,18.228433,17.831797,17.436533,17.042402,16.649160,16.256566,15.864389,15.472415,15.080453,14.688344,14.295969,13.903264,13.510228,13.116939,12.723575,12.330424,11.937892,11.546540,11.157061,10.770278,10.387156,10.008720,9.635985,9.269873,8.910984,
11.003874,10.982826,10.957644,10.927241,10.890925,10.848278,10.799065,10.743171,10.680555,10.611220,10.535191,10.452494,10.363152,10.267179,10.164574,10.055322,9.939404,9.816791,9.687462,9.551405,9.408634,9.259196,9.103185,8.940757,8.772136,8.597612,8.417564,8.232422,8.042633,7.848638,7.650734,
33.0,0.466667
33.000000,33.466667,33.933333,34.400000,34.866667,35.333333,35.800000,36.266667,36.733333,37.200000,37.666667,38.133333,38.600000,39.066667,39.533333,40.000000,40.466667,40.933333,41.400000,41.866667,42.333333,42.800000,43.266667,43.733333,44.200000,44.666667,45.133333,45.600000,46.066667,46.533333,47.000000,
19.660559,19.281353,18.904046,18.529031,18.156469,17.786358,17.418582,17.052948,16.689218,16.327123,15.966384,15.606724,15.247875,14.889589,14.531645,14.173856,13.816072,13.458198,13.100192,12.742076,12.383955,12.026008,11.668507,11.311826,10.956429,10.602867,10.251776,9.903832,9.559694,9.219956,8.885000,
10.940972,10.907638,10.870898,10.829816,10.783781,10.732405,10.675459,10.612821,10.544435,10.470293,10.390410,10.304808,10.213516,10.116560,10.013960,9.905731,9.791886,9.672441,9.547416,9.416845,9.280784,9.139316,8.992559,8.840678,8.683882,8.522430,8.356633,8.186831,8.013367,7.836566,7.656642,
34.0,0.433333
34.000000,34.433333,34.866667,35.300000,35.733333,36.166667,36.600000,37.033333,37.466667,37.900000,38.333333,38.766667,39.200000,39.633333,40.066667,40.500000,40.933333,41.366667,41.800000,42.233333,42.666667,43.100000,43.533333,43.966667,44.400000,44.833333,45.266667,45.700000,46.133333,46.566667,47.000000,
19.170325,18.818138,18.466741,18.116310,17.766926,17.418600,17.071288,16.724911,16.379361,16.034511,15.690225,15.346364,15.002794,14.659391,14.316056,13.972715,13.629334,13.285927,12.942564,12.599380,12.256590,11.914486,11.573448,11.233953,10.896559,10.561897,10.230668,9.903588,9.581339,9.264513,8.953483,
10.895989,10.858573,10.818179,10.773949,10.725296,10.671831,10.613305,10.549566,10.480530,10.406157,10.326431,10.241353,10.150929,10.055168,9.954077,9.847665,9.735939,9.618913,9.496608,9.369060,9.236328,9.098495,8.955677,8.808035,8.655765,8.499107,8.338343,8.173778,8.005715,7.834436,7.660123,
35.0,0.400000
35.000000,35.400000,35.800000,36.200000,36.600000,37.000000,37.400000,37.800000,38.200000,38.600000,39.000000,39.400000,39.800000,40.200000,40.600000,41.000000,41.400000,41.800000,42.200000,42.600000,43.000000,43.400000,43.800000,44.200000,44.600000,45.000000,45.400000,45.800000,46.200000,46.600000,47.000000,
18.194710,17.871452,17.549424,17.228899,16.909997,16.592725,16.277012,15.962729,15.649710,15.337772,15.026719,14.716360,14.406514,14.097020,13.787743,13.478578,13.169459,12.860366,12.551326,12.242421,11.933790,11.625635,11.318217,11.011863,10.706955,10.403919,10.103222,9.805338,9.510713,9.219726,8.932616,
10.778687,10.732191,10.683418,10.631670,10.576449,10.517402,10.454284,10.386932,10.315239,10.239138,10.158591,10.073579,9.984096,9.890147,9.791742,9.688899,9.581642,9.470008,9.354039,9.233798,9.109363,8.980832,8.848330,8.712010,8.572048,8.428648,8.282037,8.132451,7.980117,7.825237,7.667941,
36.0,0.366667
36.000000,36.366667,36.733333,37.100000,37.466667,37.833333,38.200000,38.566667,38.933333,39.300000,39.666667,40.033333,40.400000,40.766667,41.133333,41.500000,41.866667,42.233333,42.600000,42.966667,43.333333,43.700000,44.066667,44.433333,44.800000,45.166667,45.533333,45.900000,46.266667,46.633333,47.000000,
17.226083,16.931650,16.638350,16.346477,16.056191,15.767560,15.480577,15.195182,14.911279,14.628745,14.347445,14.067233,13.787970,13.509518,13.231756,12.954577,12.677895,12.401651,12.125809,11.850366,11.575352,11.300826,11.026884,10.753653,10.481291,10.209979,9.939918,9.671315,9.404366,9.139240,8.876039,
10.624836,10.571168,10.515698,10.457858,10.397232,10.333526,10.266534,10.196118,10.122193,10.044711,9.963652,9.879018,9.790828,9.699111,9.603907,9.505267,9.403247,9.297914,9.189343,9.077619,8.962842,8.845120,8.724576,8.601347,8.475583,8.347442,8.217090,8.084693,7.950402,7.814345,7.676602,
37.0,0.333333
37.000000,37.333333,37.666667,38.000000,38.333333,38.666667,39.000000,39.333333,39.666667,40.000000,40.333333,40.666667,41.000000,41.333333,41.666667,42.000000,42.333333,42.666667,43.000000,43.333333,43.666667,44.000000,44.333333,44.666667,45.000000,45.333333,45.666667,46.000000,46.333333,46.666667,47.000000,
16.744559,16.477608,16.211011,15.944851,15.679168,15.413972,15.149248,14.884966,14.621089,14.357573,14.094377,13.831467,13.568816,13.306411,13.044255,12.782369,12.520796,12.259604,11.998886,11.738763,11.479385,11.220930,10.963606,10.707645,10.453303,10.200849,9.950562,9.702712,9.457543,9.215257,8.975971,
10.534248,10.480504,10.425237,10.367939,10.308222,10.245794,10.180437,10.111993,10.040350,9.965432,9.887192,9.805602,9.720657,9.632364,9.540742,9.445824,9.347650,9.246275,9.141762,9.034184,8.923630,8.810199,8.694002,8.575165,8.453823,8.330119,8.204205,8.076227,7.946320,7.814597,7.681127,
38.0,0.300000
38.000000,38.300000,38.600000,38.900000,39.200000,39.500000,39.800000,40.100000,40.400000,40.700000,41.000000,41.300000,41.600000,41.900000,42.200000,42.500000,42.800000,43.100000,43.400000,43.700000,44.000000,44.300000,44.600000,44.900000,45.200000,45.500000,45.800000,46.100000,46.400000,46.700000,47.000000,
15.787355,15.549380,15.311927,15.075143,14.839121,14.603909,14.369521,14.135945,13.903151,13.671097,13.439729,13.208995,12.978840,12.749214,12.520073,12.291385,12.063130,11.835301,11.607911,11.380988,11.154582,10.928759,10.703607,10.479232,10.255754,10.033306,9.812029,9.592060,9.373527,9.156536,8.941149,
10.326026,10.268903,10.210707,10.151062,10.089676,10.026323,9.960826,9.893055,9.822912,9.750329,9.675257,9.597671,9.517556,9.434913,9.349756,9.262107,9.171997,9.079469,8.984574,8.887371,8.787929,8.686325,8.582647,8.476987,8.369447,8.260129,8.149141,8.036583,7.922548,7.807109,7.690313,
39.0,0.266667
39.000000,39.266667,39.533333,39.800000,40.066667,40.333333,40.600000,40.866667,41.133333,41.400000,41.666667,41.933333,42.200000,42.466667,42.733333,43.000000,43.266667,43.533333,43.800000,44.066667,44.333333,44.600000,44.866667,45.133333,45.400000,45.666667,45.933333,46.200000,46.466667,46.733333,47.000000,
14.838214,14.628857,14.419898,14.211470,14.003669,13.796563,13.590197,13.384599,13.179779,12.975739,12.772470,12.569957,12.368180,12.167116,11.966742,11.767031,11.567958,11.369502,11.171638,10.974348,10.777615,10.581425,10.385766,10.190631,9.996014,9.801913,9.608329,9.415262,9.222717,9.030696,8.839203,
10.082356,10.023987,9.964788,9.904475,9.842827,9.779679,9.714910,9.648437,9.580208,9.510196,9.438393,9.364811,9.289474,9.212418,9.133688,9.053337,8.971425,8.888015,8.803176,8.716978,8.629494,8.540798,8.450964,8.360066,8.268175,8.175359,8.081683,7.987202,7.891964,7.796005,7.699345,
40.0,0.233333
40.000000,40.233333,40.466667,40.700000,40.933333,41.166667,41.400000,41.633333,41.866667,42.100000,42.333333,42.566667,42.800000,43.033333,43.266667,43.500000,43.733333,43.966667,44.200000,44.433333,44.666667,44.900000,45.133333,45.366667,45.600000,45.833333,46.066667,46.300000,46.533333,46.766667,47.000000,
14.366736,14.184515,14.002283,13.820041,13.637794,13.455552,13.273328,13.091139,12.909008,12.726957,12.545018,12.363221,12.181606,12.000214,11.819092,11.638292,11.457869,11.277884,11.098405,10.919501,10.741247,10.563720,10.387002,10.211175,10.036320,9.862519,9.689847,9.518376,9.348164,9.179256,9.011678,
9.947535,9.893284,9.838343,9.782460,9.725429,9.667086,9.607301,9.545974,9.483031,9.418419,9.352104,9.284066,9.214302,9.142817,9.069628,8.994761,8.918250,8.840135,8.760461,8.679281,8.596649,8.512625,8.427270,8.340647,8.252820,8.163849,8.073795,7.982711,7.890643,7.797626,7.703680,
41.0,0.200000
41.000000,41.200000,41.400000,41.600000,41.800000,42.000000,42.200000,42.400000,42.600000,42.800000,43.000000,43.200000,43.400000,43.600000,43.800000,44.000000,44.200000,44.400000,44.600000,44.800000,45.000000,45.200000,45.400000,45.600000,45.800000,46.000000,46.200000,46.400000,46.600000,46.800000,47.000000,
13.430035,13.275809,13.121655,12.967602,12.813678,12.659909,12.506318,12.352929,12.199763,12.046839,11.894177,11.741797,11.589716,11.437953,11.286527,11.135455,10.984755,10.834447,10.684548,10.535077,10.386053,10.237492,10.089415,9.941838,9.794778,9.648252,9.502274,9.356857,9.212011,9.067746,8.924065,
9.652703,9.600967,9.548790,9.496009,9.442490,9.388125,9.332831,9.276544,9.219217,9.160819,9.101330,9.040744,8.979061,8.916291,8.852450,8.787562,8.721654,8.654756,8.586904,8.518133,8.448483,8.377992,8.306701,8.234648,8.161872,8.088408,8.014290,7.939546,7.864200,7.788270,7.711766,
48.0,1.700000
48.000000,49.700000,51.400000,53.100000,54.800000,56.500000,58.200000,59.900000,61.600000,63.300000,65.000000,66.700000,68.400000,70.100000,71.800000,73.500000,75.200000,76.900000,78.600000,80.300000,82.000000,83.700000,85.400000,87.100000,88.800000,90.500000,92.200000,93.900000,95.600000,97.300000,99.000000,
8.421135,7.201567,5.971162,4.726784,3.466137,2.188807,0.895009,-0.414778,-1.739788,-3.079259,-4.432739,-5.800837,-7.184391,-8.583964,-9.998950,-11.428619,-12.872989,-14.334776,-15.817572,-17.325284,-18.862039,-20.431214,-22.033406,-23.660361,-25.301117,-26.944232,-28.579318,-30.201349,-31.822717,-33.510459,-35.328820,
7.505690,6.849100,6.158069,5.432991,4.677649,3.900416,3.111080,2.319731,1.536070,0.769396,0.028030,-0.682696,-1.358582,-1.996354,-2.594777,-3.153508,-3.673227,-4.157250,-4.609785,-5.035475,-5.439568,-5.827196,-6.202482,-6.566200,-6.917616,-7.254170,-7.568502,-7.852795,-8.102448,-8.324400,-8.526624,
49.0,1.666667
49.000000,50.666667,52.333333,54.000000,55.666667,57.333333,59.000000,60.666667,62.333333,64.000000,65.666667,67.333333,69.000000,70.666667,72.333333,74.000000,75.666667,77.333333,79.000000,80.666667,82.333333,84.000000,85.666667,87.333333,89.000000,90.666667,92.333333,94.000000,95.666667,97.333333,99.000000,
7.533326,6.350275,5.154932,3.943980,2.715048,1.467748,0.202377,-1.080436,-2.379624,-3.694074,-5.022946,-6.366382,-7.724758,-9.098257,-10.486179,-11.887788,-13.303093,-14.734685,-16.185988,-17.660670,-19.162399,-20.694118,-22.256309,-23.841849,-25.441440,-27.046033,-28.649584,-30.250823,-31.861664,-33.533917,-35.316675,
7.038019,6.376081,5.684787,4.964985,4.220559,3.459343,2.690410,1.923062,1.166155,0.428128,-0.283538,-0.964197,-1.610303,-2.219205,-2.790183,-3.323365,-3.819816,-4.282926,-4.716875,-5.126190,-5.515787,-5.890397,-6.253740,-6.606295,-6.947109,-7.273628,-7.579286,-7.857203,-8.103428,-8.324255,-8.526878,
50.0,1.633333
50.000000,51.633333,53.266667,54.900000,56.533333,58.166667,59.800000,61.433333,63.066667,64.700000,66.333333,67.966667,69.600000,71.233333,72.866667,74.500000,76.133333,77.766667,79.400000,81.033333,82.666667,84.300000,85.933333,87.566667,89.200000,90.833333,92.466667,94.100000,95.733333,97.366667,99.000000,
6.651084,5.502208,4.339582,3.159763,1.960377,0.741142,-0.497469,-1.754551,-3.028523,-4.317712,-5.620828,-6.937941,-8.269716,-9.617449,-10.983938,-12.372246,-13.784815,-15.221766,-16.682426,-18.165813,-19.670706,-21.195465,-22.737315,-24.290094,-25.846590,-27.399461,-28.941991,-30.472881,-32.008266,-33.616984,-35.364151,
6.553050,5.889752,5.201758,4.490309,3.759343,3.016193,2.269266,1.527147,0.797946,0.089340,-0.591973,-1.242112,-1.858357,-2.439046,-2.984882,-3.497394,-3.978510,-4.430653,-4.856483,-5.258937,-5.641655,-6.008290,-6.361827,-6.703028,-7.031483,-7.345118,-7.637470,-7.901642,-8.133677,-8.339856,-8.527371,
51.0,1.600000
51.000000,52.600000,54.200000,55.800000,57.400000,59.000000,60.600000,62.200000,63.800000,65.400000,67.000000,68.600000,70.200000,71.800000,73.400000,75.000000,76.600000,78.200000,79.800000,81.400000,83.000000,84.600000,86.200000,87.800000,89.400000,91.000000,92.600000,94.200000,95.800000,97.400000,99.000000,
6.211818,5.091241,3.956510,2.804291,1.632366,0.440537,-0.770642,-2.000176,-3.246371,-4.507426,-5.781881,-7.069505,-8.370675,-9.686532,-11.020113,-12.375057,-13.755061,-15.163427,-16.602814,-18.074157,-19.573389,-21.094695,-22.631533,-24.176719,-25.723674,-27.268448,-28.815105,-30.371895,-31.952794,-33.586368,-35.297915,
6.304953,5.649601,4.972135,4.273910,3.558773,2.833580,2.106153,1.384466,0.676042,-0.012019,-0.673527,-1.304884,-1.903590,-2.468179,-2.999464,-3.499109,-3.969299,-4.413066,-4.833669,-5.234260,-5.617414,-5.985345,-6.339657,-6.680312,-7.006480,-7.316370,-7.605829,-7.870667,-8.108921,-8.325981,-8.527697,
52.0,1.566667
52.000000,53.566667,55.133333,56.700000,58.266667,59.833333,61.400000,62.966667,64.533333,66.100000,67.666667,69.233333,70.800000,72.366667,73.933333,75.500000,77.066667,78.633333,80.200000,81.766667,83.333333,84.900000,86.466667,88.033333,89.600000,91.166667,92.733333,94.300000,95.866667,97.433333,99.000000,
5.336506,4.245874,3.139799,2.014935,0.869161,-0.297592,-1.484608,-2.690700,-3.913939,-5.152272,-6.403982,-7.668571,-8.946154,-10.237626,-11.545766,-12.873959,-14.225653,-15.603895,-17.011103,-18.448053,-19.910863,-21.394036,-22.891539,-24.397207,-25.905696,-27.414435,-28.928990,-30.458623,-32.016409,-33.624003,-35.299970,
5.799298,5.147671,4.477925,3.791731,3.092951,2.387986,1.684053,0.988459,0.307996,-0.350986,-0.983024,-1.585104,-2.155267,-2.692535,-3.198019,-3.673628,-4.121729,-4.545394,-4.947864,-5.332215,-5.700830,-6.055682,-6.398108,-6.727810,-7.043731,-7.344001,-7.624890,-7.882728,-8.115903,-8.329374,-8.528484,
53.0,1.533333
53.000000,54.533333,56.066667,57.600000,59.133333,60.666667,62.200000,63.733333,65.266667,66.800000,68.333333,69.866667,71.400000,72.933333,74.466667,76.000000,77.533333,79.066667,80.600000,82.133333,83.666667,85.200000,86.733333,88.266667,89.800000,91.333333,92.866667,94.400000,95.933333,97.466667,99.000000,
4.900256,3.834930,2.753865,1.653966,0.533437,-0.607501,-1.767893,-2.946480,-4.141762,-5.352447,-6.578129,-7.821018,-9.084031,-10.369711,-11.678718,-13.010966,-14.365898,-15.742204,-17.138267,-18.552256,-19.981969,-21.425179,-22.879961,-24.345359,-25.821601,-27.311689,-28.826256,-30.376673,-31.969017,-33.591825,-35.232174,
5.542447,4.900745,4.243066,3.571195,2.888934,2.202327,1.518125,0.843091,0.183313,-0.455652,-1.069257,-1.655636,-2.213912,-2.743680,-3.245034,-3.718364,-4.164491,-4.585314,-4.983149,-5.360546,-5.720390,-6.065475,-6.397972,-6.718152,-7.025496,-7.318847,-7.595841,-7.854204,-8.093179,-8.316713,-8.528935,
54.0,1.500000
54.000000,55.500000,57.000000,58.500000,60.000000,61.500000,63.000000,64.500000,66.000000,67.500000,69.000000,70.500000,72.000000,73.500000,75.000000,76.500000,78.000000,79.500000,81.000000,82.500000,84.000000,85.500000,87.000000,88.500000,90.000000,91.500000,93.000000,94.500000,96.000000,97.500000,99.000000,
4.030048,2.990436,1.934024,0.857781,-0.239931,-1.358753,-2.497588,-3.655026,-4.829414,-6.019285,-7.224009,-8.445361,-9.685794,-10.947460,-12.230900,-13.536000,-14.862209,-16.208268,-17.572630,-18.953557,-20.348996,-21.756923,-23.175707,-24.604932,-26.045393,-27.500482,-28.980472,-30.496176,-32.053205,-33.640376,-35.245150,
5.022451,4.388632,3.742253,3.085350,2.421696,1.756913,1.097200,0.448705,-0.183144,-0.793463,-1.378327,-1.936280,-2.466801,-2.969832,-3.445823,-3.895502,-4.319975,-4.721229,-5.101584,-5.463510,-5.809622,-6.142378,-6.463608,-6.773330,-7.070812,-7.354785,-7.623049,-7.873566,-8.105728,-8.323231,-8.529921,
55.0,1.466667
55.000000,56.466667,57.933333,59.400000,60.866667,62.333333,63.800000,65.266667,66.733333,68.200000,69.666667,71.133333,72.600000,74.066667,75.533333,77.000000,78.466667,79.933333,81.400000,82.866667,84.333333,85.800000,87.266667,88.733333,90.200000,91.666667,93.133333,94.600000,96.066667,97.533333,99.000000,
3.162189,2.145990,1.112093,0.057452,-1.019515,-2.118451,-3.238217,-4.377197,-5.533095,-6.703510,-7.886386,-9.080842,-10.286618,-11.504181,-12.735626,-13.983565,-15.250587,-16.538689,-17.849315,-19.182811,-20.536695,-21.907869,-23.294174,-24.696945,-26.119097,-27.564896,-29.041193,-30.553756,-32.102436,-33.669983,-35.239182,
4.496373,3.872974,3.240132,2.600053,1.956411,1.314373,0.679578,0.057618,-0.546535,-1.128367,-1.684153,-2.212145,-2.711498,-3.182174,-3.625709,-4.044256,-4.440287,-4.816638,-5.176192,-5.521599,-5.854757,-6.177152,-6.489762,-6.792413,-7.084367,-7.364320,-7.629781,-7.878346,-8.109067,-8.325387,-8.530981,
56.0,1.433333
56.000000,57.433333,58.866667,60.300000,61.733333,63.166667,64.600000,66.033333,67.466667,68.900000,70.333333,71.766667,73.200000,74.633333,76.066667,77.500000,78.933333,80.366667,81.800000,83.233333,84.666667,86.100000,87.533333,88.966667,90.400000,91.833333,93.266667,94.700000,96.133333,97.566667,99.000000,
2.728874,1.733875,0.721183,-0.311953,-1.366784,-2.442741,-3.538557,-4.652678,-5.783372,-6.929081,-8.088957,-9.264126,-10.456286,-11.666911,-12.896205,-14.143876,-15.409382,-16.691931,-17.990802,-19.305741,-20.637828,-21.988652,-23.360001,-24.753759,-26.172020,-27.617416,-29.094000,-30.604155,-32.143793,-33.690900,-35.224477,
4.231902,3.620964,3.002184,2.377821,1.751452,1.127929,0.512481,-0.089781,-0.674486,-1.237790,-1.776694,-2.290239,-2.778280,-3.241096,-3.679435,-4.094307,-4.487037,-4.859647,-5.214441,-5.553876,-5.880595,-6.197064,-6.505026,-6.804222,-7.093534,-7.371271,-7.634852,-7.881882,-8.111430,-8.326798,-8.531523,
57.0,1.400000
57.000000,58.400000,59.800000,61.200000,62.600000,64.000000,65.400000,66.800000,68.200000,69.600000,71.000000,72.400000,73.800000,75.200000,76.600000,78.000000,79.400000,80.800000,82.200000,83.600000,85.000000,86.400000,87.800000,89.200000,90.600000,92.000000,93.400000,94.800000,96.200000,97.600000,99.000000,
1.862942,0.887820,-0.105633,-1.120035,-2.156428,-3.214094,-4.291633,-5.387365,-6.499458,-7.626252,-8.766751,-9.921763,-11.092649,-12.280603,-13.485779,-14.707911,-15.946537,-17.201014,-18.470784,-19.755712,-21.056845,-22.375670,-23.713807,-25.072832,-26.454456,-27.860843,-29.295364,-30.760119,-32.252216,-33.755149,-35.253145,
3.701739,3.104324,2.501726,1.896344,1.291652,0.692106,0.102439,-0.472780,-1.029749,-1.565188,-2.076615,-2.563402,-3.025675,-3.463970,-3.879274,-4.272816,-4.646091,-5.001143,-5.340231,-5.665687,-5.979857,-6.284853,-6.582066,-6.870978,-7.150262,-7.418089,-7.671933,-7.909519,-8.130004,-8.336569,-8.532605,
58.0,1.366667
58.000000,59.366667,60.733333,62.100000,63.466667,64.833333,66.200000,67.566667,68.933333,70.300000,71.666667,73.033333,74.400000,75.766667,77.133333,78.500000,79.866667,81.233333,82.600000,83.966667,85.333333,86.700000,88.066667,89.433333,90.800000,92.166667,93.533333,94.900000,96.266667,97.633333,99.000000,
1.430116,0.474147,-0.500025,-1.494826,-2.511080,-3.547934,-4.603875,-5.677119,-6.765752,-7.868076,-8.983165,-10.112133,-11.256899,-12.419693,-13.602869,-14.808587,-16.038325,-17.291749,-18.567682,-19.864296,-21.178688,-22.507914,-23.849982,-25.205740,-26.577404,-27.968364,-29.384091,-30.828529,-32.299061,-33.775347,-35.237715,
3.436687,2.852808,2.265053,1.675808,1.088402,0.506985,-0.064069,-0.620561,-1.159018,-1.676486,-2.170787,-2.641523,-3.089068,-3.514282,-3.918688,-4.304060,-4.672253,-5.025105,-5.364389,-5.691707,-6.008229,-6.314810,-6.611827,-6.898559,-7.173843,-7.436307,-7.684413,-7.916962,-8.133915,-8.338294,-8.533134,
59.0,1.333333
59.000000,60.333333,61.666667,63.000000,64.333333,65.666667,67.000000,68.333333,69.666667,71.000000,72.333333,73.666667,75.000000,76.333333,77.666667,79.000000,80.333333,81.666667,83.000000,84.333333,85.666667,87.000000,88.333333,89.666667,91.000000,92.333333,93.666667,95.000000,96.333333,97.666667,99.000000,
0.564224,-0.374674,-1.332134,-2.310423,-3.310143,-4.330301,-5.369264,-6.425153,-7.496011,-8.580108,-9.676446,-10.785919,-11.910181,-13.051214,-14.211159,-15.392005,-16.595126,-17.820278,-19.066443,-20.331989,-21.614274,-22.910575,-24.218933,-25.539682,-26.874327,-28.225471,-29.597709,-30.994687,-32.415316,-33.845785,-35.272560,
2.908170,2.340448,1.771104,1.202598,0.638107,0.081404,-0.463607,-0.993230,-1.504505,-1.994979,-2.462933,-2.908245,-3.331509,-3.733770,-4.116670,-4.482073,-4.831894,-5.167966,-5.492019,-5.805562,-6.109570,-6.404663,-6.690963,-6.967508,-7.232906,-7.485603,-7.724001,-7.946894,-8.154247,-8.349010,-8.534143,
60.0,1.300000
60.000000,61.300000,62.600000,63.900000,65.200000,66.500000,67.800000,69.100000,70.400000,71.700000,73.000000,74.300000,75.600000,76.900000,78.200000,79.500000,80.800000,82.100000,83.400000,84.700000,86.000000,87.300000,88.600000,89.900000,91.200000,92.500000,93.800000,95.100000,96.400000,97.700000,99.000000,
-0.302652,-1.225832,-2.167731,-3.130441,-4.114349,-5.118342,-6.140710,-7.179537,-8.232922,-9.299212,-10.377437,-11.468326,-12.573267,-13.693812,-14.831327,-15.986844,-17.160626,-18.351090,-19.556063,-20.773547,-22.002629,-23.243167,-24.496135,-25.764907,-27.053707,-28.366783,-29.707596,-31.077379,-32.471811,-33.872998,-35.264170,
2.383711,1.833800,1.284291,0.737677,0.196954,-0.334490,-0.853215,-1.356022,-1.840447,-2.304523,-2.746959,-3.167887,-3.568075,-3.948673,-4.311278,-4.657639,-4.989478,-5.308297,-5.615485,-5.912322,-6.199903,-6.479106,-6.750376,-7.013141,-7.266394,-7.508890,-7.739158,-7.956006,-8.159273,-8.351447,-8.535056,
61.0,1.266667
61.000000,62.266667,63.533333,64.800000,66.066667,67.333333,68.600000,69.866667,71.133333,72.400000,73.666667,74.933333,76.200000,77.466667,78.733333,80.000000,81.266667,82.533333,83.800000,85.066667,86.333333,87.600000,88.866667,90.133333,91.400000,92.666667,93.933333,95.200000,96.466667,97.733333,99.000000,
-0.736702,-1.642358,-2.565786,-3.508928,-4.472212,-5.455018,-6.456394,-7.475502,-8.512153,-9.566475,-10.638842,-11.729990,-12.840596,-13.970804,-15.119332,-16.284343,-17.463884,-18.656223,-19.859812,-21.073404,-22.296404,-23.528691,-24.770819,-26.024760,-27.293148,-28.579054,-29.886114,-31.216595,-32.568355,-33.928277,-35.283809,
2.123690,1.589030,1.055850,0.526549,0.003863,-0.509299,-1.010080,-1.495938,-1.965174,-2.416544,-2.849253,-3.263301,-3.659032,-4.036981,-4.397847,-4.742464,-5.071867,-5.387529,-5.691044,-5.983928,-6.267342,-6.542138,-6.808653,-7.066097,-7.313239,-7.548727,-7.771333,-7.980221,-8.175539,-8.359797,-8.535469,
62.0,1.233333
62.000000,63.233333,64.466667,65.700000,66.933333,68.166667,69.400000,70.633333,71.866667,73.100000,74.333333,75.566667,76.800000,78.033333,79.266667,80.500000,81.733333,82.966667,84.200000,85.433333,86.666667,87.900000,89.133333,90.366667,91.600000,92.833333,94.066667,95.300000,96.533333,97.766667,99.000000,
-1.606488,-2.497851,-3.406970,-4.335746,-5.284515,-6.252565,-7.238788,-8.242048,-9.261510,-10.296486,-11.346373,-12.410672,-13.488944,-14.580820,-15.686064,-16.804527,-17.936178,-19.081218,-20.239851,-21.412055,-22.597191,-23.794610,-25.004266,-26.227777,-27.467479,-28.726033,-30.006267,-31.309420,-32.632174,-33.960221,-35.280135,
1.609350,1.094537,0.582804,0.076494,-0.421894,-0.909807,-1.384776,-1.844613,-2.287835,-2.713351,-3.120454,-3.509105,-3.879625,-4.232657,-4.569381,-4.891230,-5.199799,-5.496887,-5.784262,-6.063419,-6.335117,-6.599675,-6.856931,-7.105843,-7.345043,-7.573163,-7.789144,-7.992366,-8.183096,-8.363630,-8.536190,
63.0,1.200000
63.000000,64.200000,65.400000,66.600000,67.800000,69.000000,70.200000,71.400000,72.600000,73.800000,75.000000,76.200000,77.400000,78.600000,79.800000,81.000000,82.200000,83.400000,84.600000,85.800000,87.000000,88.200000,89.400000,90.600000,91.800000,93.000000,94.200000,95.400000,96.600000,97.800000,99.000000,
-2.042399,-2.916637,-3.807910,-4.718723,-5.650217,-6.602645,-7.575793,-8.569058,-9.581251,-10.611011,-11.657106,-12.718817,-13.795688,-14.887462,-15.994162,-17.115751,-18.251744,-19.400502,-20.559975,-21.728150,-22.903519,-24.085177,-25.273345,-26.470702,-27.680887,-28.907676,-30.154271,-31.422061,-32.708078,-33.999321,-35.283585,
1.355507,0.856669,0.361574,-0.127812,-0.609515,-1.081572,-1.542063,-1.989165,-2.421286,-2.837056,-3.235492,-3.616423,-3.980121,-4.327237,-4.659014,-4.976920,-5.282441,-5.576889,-5.861431,-6.137009,-6.404107,-6.662915,-6.913295,-7.154504,-7.385576,-7.605560,-7.813755,-8.009836,-8.194241,-8.369118,-8.536493,
64.0,1.166667
64.000000,65.166667,66.333333,67.500000,68.666667,69.833333,71.000000,72.166667,73.333333,74.500000,75.666667,76.833333,78.000000,79.166667,80.333333,81.500000,82.666667,83.833333,85.000000,86.166667,87.333333,88.500000,89.666667,90.833333,92.000000,93.166667,94.333333,95.500000,96.666667,97.833333,99.000000,
-2.916676,-3.777817,-4.655630,-5.551674,-6.465990,-7.397763,-8.345896,-9.309402,-10.287854,-11.281152,-12.289500,-13.313595,-14.354219,-15.411895,-16.486364,-17.576890,-18.682246,-19.800361,-20.928931,-22.065866,-23.209880,-24.360409,-25.517995,-26.685450,-27.866398,-29.064394,-30.281977,-31.519720,-32.773923,-34.031421,-35.280050,
0.855578,0.378033,-0.094480,-0.559765,-1.015737,-1.460438,-1.892073,-2.309148,-2.710823,-3.096634,-3.466490,-3.820908,-4.160691,-4.486791,-4.800285,-5.102277,-5.393836,-5.675891,-5.949253,-6.214550,-6.472033,-6.721715,-6.963334,-7.196142,-7.419229,-7.631744,-7.833156,-8.023305,-8.202708,-8.373326,-8.536980,
65.0,1.133333
65.000000,66.133333,67.266667,68.400000,69.533333,70.666667,71.800000,72.933333,74.066667,75.200000,76.333333,77.466667,78.600000,79.733333,80.866667,82.000000,83.133333,84.266667,85.400000,86.533333,87.666667,88.800000,89.933333,91.066667,92.200000,93.333333,94.466667,95.600000,96.733333,97.866667,99.000000,
-3.794737,-4.640868,-5.500461,-6.374375,-7.262451,-8.164605,-9.080872,-10.011527,-10.957363,-11.919328,-12.898269,-13.894603,-14.908456,-15.939606,-16.987210,-18.050069,-19.126660,-20.214957,-21.312864,-22.418586,-23.531205,-24.650516,-25.777329,-26.914406,-28.065166,-29.232794,-30.419208,-31.624353,-32.844220,-34.066334,-35.279319,
0.367308,-0.087182,-0.534496,-0.972371,-1.399022,-1.813245,-2.214176,-2.601260,-2.974421,-3.333823,-3.679783,-4.012788,-4.333419,-4.642345,-4.940370,-5.228341,-5.507090,-5.777358,-6.039791,-6.294861,-6.542689,-6.783168,-7.015954,-7.240294,-7.455317,-7.660245,-7.854667,-8.038539,-8.212426,-8.378131,-8.537300,
66.0,1.100000
66.000000,67.100000,68.200000,69.300000,70.400000,71.500000,72.600000,73.700000,74.800000,75.900000,77.000000,78.100000,79.200000,80.300000,81.400000,82.500000,83.600000,84.700000,85.800000,86.900000,88.000000,89.100000,90.200000,91.300000,92.400000,93.500000,94.600000,95.700000,96.800000,97.900000,99.000000,
-4.235364,-5.065843,-5.911321,-6.774012,-7.654921,-8.554468,-9.472787,-10.409851,-11.365502,-12.339465,-13.331281,-14.340138,-15.364963,-16.404353,-17.456311,-18.518598,-19.588940,-20.665217,-21.745592,-22.828829,-23.914960,-25.004819,-26.100063,-27.203688,-28.319078,-29.449292,-30.596151,-31.759793,-32.937219,-34.118927,-35.296249,
0.127991,-0.310553,-0.742721,-1.166803,-1.581473,-1.985667,-2.378485,-2.759190,-3.127305,-3.482521,-3.824708,-4.154024,-4.470793,-4.775463,-5.068659,-5.351087,-5.623488,-5.886626,-6.141217,-6.387851,-6.626816,-6.858190,-7.081796,-7.297009,-7.503059,-7.699257,-7.885256,-8.061062,-8.227246,-8.385510,-8.537397,
67.0,1.066667
67.000000,68.066667,69.133333,70.200000,71.266667,72.333333,73.400000,74.466667,75.533333,76.600000,77.666667,78.733333,79.800000,80.866667,81.933333,83.000000,84.066667,85.133333,86.200000,87.266667,88.333333,89.400000,90.466667,91.533333,92.600000,93.666667,94.733333,95.800000,96.866667,97.933333,99.000000,
-5.120131,-5.937408,-6.769224,-7.617673,-8.483611,-9.367251,-10.268459,-11.186871,-12.121865,-13.072642,-14.038214,-15.017277,-16.008408,-17.010199,-18.021401,-19.040870,-20.067582,-21.100715,-22.139631,-23.183971,-24.233902,-25.290033,-26.353583,-27.426898,-28.512627,-29.613058,-30.729268,-31.860770,-33.004274,-34.150858,-35.292522,
-0.340238,-0.755859,-1.164531,-1.564642,-1.955049,-2.334906,-2.703533,-3.060396,-3.405163,-3.737635,-4.057761,-4.365732,-4.661897,-4.946778,-5.221171,-5.485986,-5.742152,-5.990529,-6.231865,-6.466692,-6.695095,-6.916896,-7.131677,-7.338683,-7.537074,-7.726140,-7.905586,-8.075482,-8.236415,-8.389945,-8.537468,
68.0,1.033333
68.000000,69.033333,70.066667,71.100000,72.133333,73.166667,74.200000,75.233333,76.266667,77.300000,78.333333,79.366667,80.400000,81.433333,82.466667,83.500000,84.533333,85.566667,86.600000,87.633333,88.666667,89.700000,90.733333,91.766667,92.800000,93.833333,94.866667,95.900000,96.933333,97.966667,99.000000,
-6.009959,-6.813939,-7.631995,-8.465879,-9.316023,-10.182132,-11.063541,-11.959363,-12.868528,-13.789939,-14.722599,-15.665808,-16.619033,-17.581865,-18.554050,-19.535347,-20.525388,-21.523485,-22.528885,-23.541010,-24.559773,-25.585503,-26.619099,-27.662471,-28.717790,-29.786876,-30.870387,-31.967572,-33.075267,-34.185601,-35.291599,
-0.793728,-1.186166,-1.571329,-1.947651,-2.314088,-2.669906,-3.014546,-3.347599,-3.668846,-3.978225,-4.275868,-4.562252,-4.838045,-5.104054,-5.361250,-5.610632,-5.853112,-6.089351,-6.319819,-6.544753,-6.763990,-6.977137,-7.183622,-7.382647,-7.573386,-7.755180,-7.927810,-8.091419,-8.246618,-8.394850,-8.537382,
69.0,1.000000
69.000000,70.000000,71.000000,72.000000,73.000000,74.000000,75.000000,76.000000,77.000000,78.000000,79.000000,80.000000,81.000000,82.000000,83.000000,84.000000,85.000000,86.000000,87.000000,88.000000,89.000000,90.000000,91.000000,92.000000,93.000000,94.000000,95.000000,96.000000,97.000000,98.000000,99.000000,
-6.456895,-7.243314,-8.042769,-8.857094,-9.686934,-10.532312,-11.392913,-12.268212,-13.157491,-14.059911,-14.974531,-15.900270,-16.836042,-17.780888,-18.734173,-19.695495,-20.664712,-21.642094,-22.628138,-23.623478,-24.628887,-25.645212,-26.673371,-27.714364,-28.768912,-29.836944,-30.916699,-32.004866,-33.095955,-34.180573,-35.250896,
-1.014673,-1.390577,-1.759210,-2.119143,-2.469521,-2.809825,-3.139719,-3.459008,-3.767645,-4.065692,-4.353319,-4.630865,-4.898788,-5.157659,-5.408232,-5.651325,-5.887748,-6.118216,-6.343317,-6.563407,-6.778398,-6.987938,-7.191456,-7.388102,-7.576981,-7.757362,-7.928975,-8.091918,-8.246750,-8.394812,-8.537285,
70.0,0.966667
70.000000,70.966667,71.933333,72.900000,73.866667,74.833333,75.800000,76.766667,77.733333,78.700000,79.666667,80.633333,81.600000,82.566667,83.533333,84.500000,85.466667,86.433333,87.400000,88.366667,89.333333,90.300000,91.266667,92.233333,93.200000,94.166667,95.133333,96.100000,97.066667,98.033333,99.000000,
-7.355019,-8.126737,-8.910438,-9.707880,-10.519733,-11.346119,-12.186875,-13.041677,-13.910102,-14.791635,-15.685643,-16.591299,-17.507634,-18.433538,-19.367689,-20.308727,-21.255419,-22.206875,-23.162563,-24.122472,-25.087541,-26.059247,-27.039452,-28.030429,-29.034248,-30.052063,-31.082978,-32.124383,-33.171499,-34.215903,-35.250552,
-1.444539,-1.797237,-2.142552,-2.479172,-2.806424,-3.124000,-3.431797,-3.729851,-4.018338,-4.297521,-4.567737,-4.829422,-5.083055,-5.329137,-5.568162,-5.800601,-6.026870,-6.247275,-6.462024,-6.671204,-6.874691,-7.072231,-7.263466,-7.447905,-7.625056,-7.794558,-7.956378,-8.110750,-8.258247,-8.400005,-8.536993,
71.0,0.933333
71.000000,71.933333,72.866667,73.800000,74.733333,75.666667,76.600000,77.533333,78.466667,79.400000,80.333333,81.266667,82.200000,83.133333,84.066667,85.000000,85.933333,86.866667,87.800000,88.733333,89.666667,90.600000,91.533333,92.466667,93.400000,94.333333,95.266667,96.200000,97.133333,98.066667,99.000000,
-8.259039,-9.015597,-9.783251,-10.563649,-11.357402,-12.164595,-12.985035,-13.818374,-14.664173,-15.521916,-16.390987,-17.270614,-18.159913,-19.057883,-19.963355,-20.875131,-21.792117,-22.713487,-23.638702,-24.567643,-25.500929,-26.439622,-27.385118,-28.339187,-29.303519,-30.279219,-31.266067,-32.262602,-33.265672,-34.269248,-35.268217,
-1.857971,-2.187765,-2.510296,-2.824362,-3.129431,-3.425340,-3.712136,-3.989996,-4.259210,-4.520131,-4.773165,-5.018772,-5.257431,-5.489613,-5.715750,-5.936224,-6.151344,-6.361283,-6.566105,-6.765753,-6.959968,-7.148382,-7.330551,-7.505956,-7.674119,-7.834730,-7.987847,-8.133804,-8.273227,-8.407192,-8.536590,
72.0,0.900000
72.000000,72.900000,73.800000,74.700000,75.600000,76.500000,77.400000,78.300000,79.200000,80.100000,81.000000,81.900000,82.800000,83.700000,84.600000,85.500000,86.400000,87.300000,88.200000,89.100000,90.000000,90.900000,91.800000,92.700000,93.600000,94.500000,95.400000,96.300000,97.200000,98.100000,99.000000,
-9.169156,-9.910250,-10.661835,-11.425235,-12.200690,-12.987855,-13.786081,-14.594562,-15.412435,-16.238843,-17.073014,-17.914363,-18.762435,-19.616897,-20.477578,-21.344396,-22.217323,-23.096372,-23.981647,-24.873432,-25.772359,-26.679270,-27.595174,-28.521269,-29.458558,-30.407391,-31.366745,-32.334378,-33.306497,-34.276796,-35.240083,
-2.254675,-2.562137,-2.862676,-3.155149,-3.439064,-3.714284,-3.980873,-4.239016,-4.488996,-4.731162,-4.965933,-5.193822,-5.415389,-5.631205,-5.841825,-6.047751,-6.249378,-6.446893,-6.640332,-6.829572,-7.014268,-7.193954,-7.368114,-7.536214,-7.697792,-7.852566,-8.000619,-8.142288,-8.278164,-8.409180,-8.536099,
73.0,0.866667
73.000000,73.866667,74.733333,75.600000,76.466667,77.333333,78.200000,79.066667,79.933333,80.800000,81.666667,82.533333,83.400000,84.266667,85.133333,86.000000,86.866667,87.733333,88.600000,89.466667,90.333333,91.200000,92.066667,92.933333,93.800000,94.666667,95.533333,96.400000,97.266667,98.133333,99.000000,
-9.626543,-10.348392,-11.079664,-11.821782,-12.575235,-13.340021,-14.115868,-14.902365,-15.699033,-16.505350,-17.320769,-18.144711,-18.976599,-19.815880,-20.662064,-21.514766,-22.373786,-23.239263,-24.111574,-24.991329,-25.879448,-26.776940,-27.684721,-28.603389,-29.533023,-30.472786,-31.420183,-32.371445,-33.321432,-34.263027,-35.190634,
-2.446720,-2.738929,-3.024547,-3.302549,-3.572560,-3.834571,-4.088772,-4.335470,-4.575043,-4.807906,-5.034496,-5.255259,-5.470631,-5.681025,-5.886792,-6.088230,-6.285559,-6.478874,-6.668171,-6.853328,-7.034056,-7.209969,-7.380636,-7.545599,-7.704461,-7.856989,-8.003279,-8.143659,-8.278679,-8.409177,-8.535830,
74.0,0.833333
74.000000,74.833333,75.666667,76.500000,77.333333,78.166667,79.000000,79.833333,80.666667,81.500000,82.333333,83.166667,84.000000,84.833333,85.666667,86.500000,87.333333,88.166667,89.000000,89.833333,90.666667,91.500000,92.333333,93.166667,94.000000,94.833333,95.666667,96.500000,97.333333,98.166667,99.000000,
-10.546019,-11.251106,-11.964757,-12.688301,-13.422205,-14.166465,-14.920815,-15.684849,-16.458084,-17.239992,-18.030014,-18.827556,-19.632020,-20.442832,-21.259472,-22.081522,-22.908745,-23.741228,-24.579314,-25.423614,-26.275118,-27.134943,-28.004109,-28.883301,-29.772687,-30.671561,-31.577679,-32.487681,-33.397111,-34.300071,-35.191993,
-2.818240,-3.089376,-3.354393,-3.612371,-3.863019,-4.106396,-4.342759,-4.572463,-4.795917,-5.013548,-5.225785,-5.433032,-5.635663,-5.834007,-6.028310,-6.218755,-6.405444,-6.588365,-6.767422,-6.942438,-7.113130,-7.279165,-7.440185,-7.595841,-7.745849,-7.890067,-8.028623,-8.161840,-8.290220,-8.414499,-8.535259,
75.0,0.800000
75.000000,75.800000,76.600000,77.400000,78.200000,79.000000,79.800000,80.600000,81.400000,82.200000,83.000000,83.800000,84.600000,85.400000,86.200000,87.000000,87.800000,88.600000,89.400000,90.200000,91.000000,91.800000,92.600000,93.400000,94.200000,95.000000,95.800000,96.600000,97.400000,98.200000,99.000000,
-11.471767,-12.159412,-12.854757,-13.559042,-14.272716,-14.995791,-15.728029,-16.469056,-17.218423,-17.975642,-18.740190,-19.511520,-20.289076,-21.072319,-21.860745,-22.653927,-23.451577,-24.253648,-25.060296,-25.871900,-26.689158,-27.512901,-28.343954,-29.182996,-30.030364,-30.885750,-31.747698,-32.613852,-33.480923,-34.344358,-35.200595,
-3.173199,-3.424191,-3.669623,-3.908672,-4.141115,-4.367056,-4.586784,-4.800682,-5.009167,-5.212662,-5.411575,-5.606269,-5.797060,-5.984205,-6.167863,-6.348117,-6.524967,-6.698301,-6.867926,-7.033586,-7.194952,-7.351670,-7.503401,-7.649869,-7.790889,-7.926428,-8.056703,-8.182103,-8.303148,-8.420501,-8.534671,
76.0,0.766667
76.000000,76.766667,77.533333,78.300000,79.066667,79.833333,80.600000,81.366667,82.133333,82.900000,83.666667,84.433333,85.200000,85.966667,86.733333,87.500000,88.266667,89.033333,89.800000,90.566667,91.333333,92.100000,92.866667,93.633333,94.400000,95.166667,95.933333,96.700000,97.466667,98.233333,99.000000,
-12.403731,-13.073334,-13.749849,-14.434256,-15.126766,-15.827159,-16.534975,-17.249644,-17.970580,-18.697217,-19.429064,-20.165772,-20.907106,-21.652954,-22.403362,-23.158489,-23.918584,-24.683997,-25.455151,-26.232534,-27.016709,-27.808229,-28.607539,-29.414856,-30.230051,-31.052427,-31.880336,-32.711411,-33.542597,-34.369965,-35.190518,
-3.511997,-3.743900,-3.970867,-4.192138,-4.407485,-4.616982,-4.820874,-5.019493,-5.213206,-5.402390,-5.587420,-5.768644,-5.946381,-6.120902,-6.292397,-6.460986,-6.626700,-6.789440,-6.949020,-7.105179,-7.257577,-7.405843,-7.549628,-7.688656,-7.822744,-7.951850,-8.076172,-8.196059,-8.311977,-8.424508,-8.534091,
77.0,0.733333
77.000000,77.733333,78.466667,79.200000,79.933333,80.666667,81.400000,82.133333,82.866667,83.600000,84.333333,85.066667,85.800000,86.533333,87.266667,88.000000,88.733333,89.466667,90.200000,90.933333,91.666667,92.400000,93.133333,93.866667,94.600000,95.333333,96.066667,96.800000,97.533333,98.266667,99.000000,
-13.341781,-13.992499,-14.649513,-15.313826,-15.985745,-16.665162,-17.351726,-18.044941,-18.744230,-19.448974,-20.158543,-20.872325,-21.589755,-22.310355,-23.033802,-23.759923,-24.488730,-25.220503,-25.955713,-26.694999,-27.439180,-28.189122,-28.945621,-29.709256,-30.480282,-31.258431,-32.042571,-32.830912,-33.621038,-34.409759,-35.194629,
-3.835200,-4.049100,-4.258761,-4.463540,-4.663266,-4.858033,-5.048085,-5.233736,-5.415306,-5.593110,-5.767431,-5.938489,-6.106458,-6.271451,-6.433508,-6.592611,-6.748686,-6.901588,-7.051130,-7.197090,-7.339221,-7.477276,-7.611044,-7.740389,-7.865258,-7.985716,-8.102010,-8.214498,-8.323611,-8.429842,-8.533547,
78.0,0.700000
78.000000,78.700000,79.400000,80.100000,80.800000,81.500000,82.200000,82.900000,83.600000,84.300000,85.000000,85.700000,86.400000,87.100000,87.800000,88.500000,89.200000,89.900000,90.600000,91.300000,92.000000,92.700000,93.400000,94.100000,94.800000,95.500000,96.200000,96.900000,97.600000,98.300000,99.000000,
-14.285723,-14.915661,-15.549653,-16.188375,-16.832074,-17.480775,-18.134381,-18.792741,-19.455708,-20.123141,-20.794906,-21.470882,-22.150964,-22.835076,-23.523184,-24.215313,-24.911564,-25.612161,-26.317421,-27.027742,-27.743611,-28.465515,-29.193844,-29.928768,-30.670167,-31.417477,-32.169432,-32.924256,-33.679714,-34.433063,-35.182253,
-4.143526,-4.340300,-4.533145,-4.721457,-4.905083,-5.084142,-5.258906,-5.429721,-5.596957,-5.760973,-5.922095,-6.080579,-6.236620,-6.390339,-6.541761,-6.690840,-6.837460,-6.981431,-7.122514,-7.260446,-7.394951,-7.525765,-7.652670,-7.775531,-7.894303,-8.009052,-8.120003,-8.227487,-8.331891,-8.433646,-8.533060,
79.0,0.666667
79.000000,79.666667,80.333333,81.000000,81.666667,82.333333,83.000000,83.666667,84.333333,85.000000,85.666667,86.333333,87.000000,87.666667,88.333333,89.000000,89.666667,90.333333,91.000000,91.666667,92.333333,93.000000,93.666667,94.333333,95.000000,95.666667,96.333333,97.000000,97.666667,98.333333,99.000000,
-14.759826,-15.368526,-15.981868,-16.600717,-17.225441,-17.856105,-18.492600,-19.134715,-19.782206,-20.434813,-21.092290,-21.754427,-22.421054,-23.092050,-23.767370,-24.447033,-25.131131,-25.819848,-26.513419,-27.212104,-27.916157,-28.625752,-29.340891,-30.061269,-30.786243,-31.514722,-32.244963,-32.974782,-33.701678,-34.422879,-35.136391,
-4.292369,-4.477860,-4.660221,-4.838949,-5.013902,-5.185149,-5.352881,-5.517347,-5.678805,-5.837505,-5.993665,-6.147447,-6.298962,-6.448261,-6.595324,-6.740069,-6.882365,-7.022024,-7.158825,-7.292533,-7.422913,-7.549749,-7.672873,-7.792196,-7.907713,-8.019514,-8.127826,-8.232961,-8.335276,-8.435147,-8.532844,
80.0,0.633333
80.000000,80.633333,81.266667,81.900000,82.533333,83.166667,83.800000,84.433333,85.066667,85.700000,86.333333,86.966667,87.600000,88.233333,88.866667,89.500000,90.133333,90.766667,91.400000,92.033333,92.666667,93.300000,93.933333,94.566667,95.200000,95.833333,96.466667,97.100000,97.733333,98.366667,99.000000,
-15.712110,-16.299343,-16.890614,-17.486656,-18.087749,-18.693891,-19.304915,-19.920560,-20.540531,-21.164530,-21.792285,-22.423580,-23.058267,-23.696279,-24.337667,-24.982579,-25.631255,-26.284042,-26.941336,-27.603533,-28.270978,-28.943898,-29.622308,-30.305873,-30.993907,-31.685294,-32.378332,-33.070948,-33.760838,-34.445560,-35.123394,
-4.579998,-4.750383,-4.918276,-5.083242,-5.245128,-5.403952,-5.559828,-5.712920,-5.863396,-6.011420,-6.157126,-6.300608,-6.441918,-6.581068,-6.718017,-6.852688,-6.984969,-7.114719,-7.241777,-7.365981,-7.487174,-7.605222,-7.720030,-7.831566,-7.939863,-8.045024,-8.147259,-8.246831,-8.344038,-8.439184,-8.532478,
81.0,0.600000
81.000000,81.600000,82.200000,82.800000,83.400000,84.000000,84.600000,85.200000,85.800000,86.400000,87.000000,87.600000,88.200000,88.800000,89.400000,90.000000,90.600000,91.200000,91.800000,92.400000,93.000000,93.600000,94.200000,94.800000,95.400000,96.000000,96.600000,97.200000,97.800000,98.400000,99.000000,
-16.669542,-17.234039,-17.801822,-18.373508,-18.949338,-19.529325,-20.113343,-20.701194,-21.292659,-21.887531,-22.485631,-23.086852,-23.691144,-24.298523,-24.909088,-25.522997,-26.140457,-26.761715,-27.387029,-28.016633,-28.650695,-29.289281,-29.932290,-30.579364,-31.229886,-31.882926,-32.537136,-33.190905,-33.842466,-34.489970,-35.132129,
-4.855054,-5.011357,-5.165709,-5.317739,-5.467292,-5.614347,-5.758962,-5.901234,-6.041269,-6.179168,-6.315015,-6.448861,-6.580727,-6.710598,-6.838420,-6.964105,-7.087539,-7.208581,-7.327078,-7.442878,-7.555843,-7.665863,-7.772866,-7.876847,-7.977859,-8.076021,-8.171536,-8.264655,-8.355646,-8.444771,-8.532208,
82.0,0.566667
82.000000,82.566667,83.133333,83.700000,84.266667,84.833333,85.400000,85.966667,86.533333,87.100000,87.666667,88.233333,88.800000,89.366667,89.933333,90.500000,91.066667,91.633333,92.200000,92.766667,93.333333,93.900000,94.466667,95.033333,95.600000,96.166667,96.733333,97.300000,97.866667,98.433333,99.000000,
-17.631740,-18.172456,-18.715892,-19.262560,-19.812656,-20.366176,-20.922993,-21.482915,-22.045735,-22.611254,-23.179305,-23.749788,-24.322666,-24.897973,-25.475832,-26.056434,-26.640021,-27.226883,-27.817317,-28.411592,-29.009904,-29.612340,-30.218821,-30.829024,-31.442379,-32.058037,-32.674785,-33.291190,-33.905701,-34.516743,-35.123228,
-5.118600,-5.261851,-5.403648,-5.543680,-5.681786,-5.817902,-5.952021,-6.084167,-6.214371,-6.342660,-6.469052,-6.593545,-6.716114,-6.836717,-6.955290,-7.071748,-7.186000,-7.297941,-7.407471,-7.514495,-7.618941,-7.720760,-7.819940,-7.916520,-8.010586,-8.102268,-8.191756,-8.279267,-8.365025,-8.449238,-8.532042,
83.0,0.533333
83.000000,83.533333,84.066667,84.600000,85.133333,85.666667,86.200000,86.733333,87.266667,87.800000,88.333333,88.866667,89.400000,89.933333,90.466667,91.000000,91.533333,92.066667,92.600000,93.133333,93.666667,94.200000,94.733333,95.266667,95.800000,96.333333,96.866667,97.400000,97.933333,98.466667,99.000000,
-18.598279,-19.113749,-19.630996,-20.150381,-20.672061,-21.196073,-21.722382,-22.250924,-22.781646,-23.314513,-23.849533,-24.386771,-24.926343,-25.468415,-26.013205,-26.560960,-27.111936,-27.666385,-28.224523,-28.786502,-29.352373,-29.922063,-30.495345,-31.071776,-31.650716,-32.231307,-32.812433,-33.392829,-33.971179,-34.546194,-35.117006,
-5.371735,-5.502805,-5.632744,-5.761275,-5.888237,-6.013540,-6.137142,-6.259026,-6.379186,-6.497623,-6.614329,-6.729290,-6.842478,-6.953855,-7.063366,-7.170948,-7.276527,-7.380027,-7.481371,-7.580493,-7.677343,-7.771893,-7.864145,-7.954147,-8.041979,-8.127762,-8.211660,-8.293858,-8.374541,-8.453879,-8.531982,
84.0,0.500000
84.000000,84.500000,85.000000,85.500000,86.000000,86.500000,87.000000,87.500000,88.000000,88.500000,89.000000,89.500000,90.000000,90.500000,91.000000,91.500000,92.000000,92.500000,93.000000,93.500000,94.000000,94.500000,95.000000,95.500000,96.000000,96.500000,97.000000,97.500000,98.000000,98.500000,99.000000,
-19.568707,-20.058062,-20.548837,-21.041344,-21.535742,-22.032092,-22.530395,-23.030624,-23.532751,-24.036760,-24.542657,-25.050489,-25.560338,-26.072318,-26.586580,-27.103296,-27.622647,-28.144808,-28.669929,-29.198114,-29.729385,-30.263670,-30.800775,-31.340337,-31.881842,-32.424608,-32.967761,-33.510321,-34.051275,-34.589647,-35.124789,
-5.615562,-5.735363,-5.854362,-5.972336,-6.089128,-6.204631,-6.318766,-6.431472,-6.542698,-6.652396,-6.760517,-6.867008,-6.971812,-7.074867,-7.176107,-7.275464,-7.372873,-7.468274,-7.561613,-7.652855,-7.741984,-7.829005,-7.913951,-7.996892,-8.077924,-8.157172,-8.234786,-8.310933,-8.385771,-8.459439,-8.532025,
85.0,0.466667
85.000000,85.466667,85.933333,86.400000,86.866667,87.333333,87.800000,88.266667,88.733333,89.200000,89.666667,90.133333,90.600000,91.066667,91.533333,92.000000,92.466667,92.933333,93.400000,93.866667,94.333333,94.800000,95.266667,95.733333,96.200000,96.666667,97.133333,97.600000,98.066667,98.533333,99.000000,
-20.542547,-21.004245,-21.466520,-21.929561,-22.393519,-22.858525,-23.324702,-23.792176,-24.261081,-24.731567,-25.203797,-25.677951,-26.154223,-26.632810,-27.113911,-27.597714,-28.084381,-28.574037,-29.066753,-29.562532,-30.061281,-30.562812,-31.066818,-31.572852,-32.080339,-32.588583,-33.096752,-33.603951,-34.109295,-34.611967,-35.111438,
-5.851155,-5.960354,-6.068872,-6.176506,-6.283108,-6.388567,-6.492803,-6.595751,-6.697357,-6.797574,-6.896355,-6.993657,-7.089433,-7.183637,-7.276220,-7.367137,-7.456344,-7.543805,-7.629489,-7.713382,-7.795483,-7.875811,-7.954407,-8.031335,-8.106683,-8.180558,-8.253084,-8.324393,-8.394611,-8.463845,-8.532161,
86.0,0.433333
86.000000,86.433333,86.866667,87.300000,87.733333,88.166667,88.600000,89.033333,89.466667,89.900000,90.333333,90.766667,91.200000,91.633333,92.066667,92.500000,92.933333,93.366667,93.800000,94.233333,94.666667,95.100000,95.533333,95.966667,96.400000,96.833333,97.266667,97.700000,98.133333,98.566667,99.000000,
-21.519315,-21.952500,-22.385970,-22.819877,-23.254378,-23.689636,-24.125814,-24.563082,-25.001611,-25.441575,-25.883148,-26.326506,-26.771821,-27.219257,-27.668966,-28.121079,-28.575699,-29.032889,-29.492664,-29.954979,-30.419711,-30.886656,-31.355519,-31.825895,-32.297281,-32.769087,-33.240625,-33.711174,-34.180029,-34.646559,-35.110361,
-6.079521,-6.178814,-6.277554,-6.375564,-6.472707,-6.568874,-6.663980,-6.757953,-6.850727,-6.942247,-7.032460,-7.121313,-7.208760,-7.294754,-7.379253,-7.462222,-7.543629,-7.623454,-7.701687,-7.778329,-7.853399,-7.926931,-7.998977,-8.069607,-8.138904,-8.206967,-8.273903,-8.339821,-8.404824,-8.468993,-8.532381,
87.0,0.400000
87.000000,87.400000,87.800000,88.200000,88.600000,89.000000,89.400000,89.800000,90.200000,90.600000,91.000000,91.400000,91.800000,92.200000,92.600000,93.000000,93.400000,93.800000,94.200000,94.600000,95.000000,95.400000,95.800000,96.200000,96.600000,97.000000,97.400000,97.800000,98.200000,98.600000,99.000000,
-22.498523,-22.902177,-23.305952,-23.709974,-24.114394,-24.519383,-24.925124,-25.331809,-25.739631,-26.148784,-26.559454,-26.971815,-27.386027,-27.802231,-28.220542,-28.641042,-29.063779,-29.488756,-29.915926,-30.345187,-30.776373,-31.209248,-31.643508,-32.078772,-32.514590,-32.950454,-33.385805,-33.820069,-34.252702,-34.683232,-35.111363,
-6.301560,-6.391490,-6.480935,-6.569731,-6.657749,-6.744886,-6.831060,-6.916200,-7.000246,-7.083148,-7.164858,-7.245334,-7.324539,-7.402438,-7.479003,-7.554210,-7.628043,-7.700494,-7.771565,-7.841267,-7.909626,-7.976680,-8.042478,-8.107084,-8.170573,-8.233026,-8.294532,-8.355178,-8.415044,-8.474194,-8.532667,
88.0,0.366667
88.000000,88.366667,88.733333,89.100000,89.466667,89.833333,90.200000,90.566667,90.933333,91.300000,91.666667,92.033333,92.400000,92.766667,93.133333,93.500000,93.866667,94.233333,94.600000,94.966667,95.333333,95.700000,96.066667,96.433333,96.800000,97.166667,97.533333,97.900000,98.266667,98.633333,99.000000,
-23.479699,-23.853040,-24.226717,-24.600889,-24.975710,-25.351330,-25.727890,-26.105527,-26.484369,-26.864532,-27.246125,-27.629238,-28.013950,-28.400319,-28.788381,-29.178147,-29.569600,-29.962689,-30.357326,-30.753386,-31.150695,-31.549038,-31.948152,-32.347729,-32.747417,-33.146836,-33.545579,-33.943240,-34.339444,-34.733873,-35.126333,
-6.518023,-6.599061,-6.679694,-6.759774,-6.839184,-6.917822,-6.995606,-7.072463,-7.148333,-7.223162,-7.296902,-7.369514,-7.440962,-7.511217,-7.580257,-7.648067,-7.714637,-7.779970,-7.844074,-7.906968,-7.968681,-8.029253,-8.088733,-8.147178,-8.204654,-8.261230,-8.316981,-8.371978,-8.426283,-8.479948,-8.533002,
89.0,0.333333
89.000000,89.333333,89.666667,90.000000,90.333333,90.666667,91.000000,91.333333,91.666667,92.000000,92.333333,92.666667,93.000000,93.333333,93.666667,94.000000,94.333333,94.666667,95.000000,95.333333,95.666667,96.000000,96.333333,96.666667,97.000000,97.333333,97.666667,98.000000,98.333333,98.666667,99.000000,
-24.462392,-24.804395,-25.146744,-25.489595,-25.833091,-26.177367,-26.522548,-26.868749,-27.216075,-27.564620,-27.914465,-28.265677,-28.618307,-28.972385,-29.327921,-29.684901,-30.043285,-30.402999,-30.763942,-31.125975,-31.488923,-31.852577,-32.216689,-32.580980,-32.945138,-33.308837,-33.671732,-34.033491,-34.393809,-34.752438,-35.109226,
-6.729467,-6.801913,-6.873952,-6.945442,-7.016268,-7.086336,-7.155573,-7.223919,-7.291329,-7.357763,-7.423195,-7.487602,-7.550971,-7.613294,-7.674568,-7.734799,-7.793996,-7.852176,-7.909364,-7.965587,-8.020881,-8.075288,-8.128855,-8.181631,-8.233672,-8.285032,-8.335767,-8.385929,-8.435561,-8.484700,-8.533365,
90.0,0.300000
90.000000,90.300000,90.600000,90.900000,91.200000,91.500000,91.800000,92.100000,92.400000,92.700000,93.000000,93.300000,93.600000,93.900000,94.200000,94.500000,94.800000,95.100000,95.400000,95.700000,96.000000,96.300000,96.600000,96.900000,97.200000,97.500000,97.800000,98.100000,98.400000,98.700000,99.000000,
-25.938391,-26.248047,-26.557422,-26.866462,-27.175154,-27.483518,-27.791601,-28.099468,-28.407200,-28.714889,-29.022633,-29.330533,-29.638691,-29.947208,-30.256180,-30.565696,-30.875840,-31.186685,-31.498291,-31.810710,-32.123978,-32.438119,-32.753142,-33.069043,-33.385803,-33.703394,-34.021776,-34.340904,-34.660732,-34.981218,-35.302336,
-7.037834,-7.101165,-7.164020,-7.226231,-7.287669,-7.348229,-7.407833,-7.466419,-7.523945,-7.580378,-7.635698,-7.689894,-7.742962,-7.794906,-7.845737,-7.895469,-7.944126,-7.991732,-8.038319,-8.083925,-8.128588,-8.172354,-8.215270,-8.257386,-8.298754,-8.339426,-8.379452,-8.418879,-8.457746,-8.496086,-8.533915,
91.0,0.266667
91.000000,91.266667,91.533333,91.800000,92.066667,92.333333,92.600000,92.866667,93.133333,93.400000,93.666667,93.933333,94.200000,94.466667,94.733333,95.000000,95.266667,95.533333,95.800000,96.066667,96.333333,96.600000,96.866667,97.133333,97.400000,97.666667,97.933333,98.200000,98.466667,98.733333,99.000000,
-26.923198,-27.200087,-27.476848,-27.753460,-28.029925,-28.306259,-28.582495,-28.858675,-29.134848,-29.411070,-29.687402,-29.963904,-30.240636,-30.517660,-30.795032,-31.072805,-31.351026,-31.629738,-31.908974,-32.188761,-32.469119,-32.750055,-33.031573,-33.313664,-33.596312,-33.879496,-34.163188,-34.447358,-34.731975,-35.017013,-35.302455,
-7.237459,-7.292644,-7.347392,-7.401550,-7.454994,-7.507632,-7.559390,-7.610216,-7.660073,-7.708935,-7.756792,-7.803638,-7.849478,-7.894323,-7.938192,-7.981105,-8.023089,-8.064177,-8.104400,-8.143798,-8.182408,-8.220273,-8.257435,-8.293937,-8.329822,-8.365133,-8.399907,-8.434180,-8.467982,-8.501335,-8.534252,
92.0,0.233333
92.000000,92.233333,92.466667,92.700000,92.933333,93.166667,93.400000,93.633333,93.866667,94.100000,94.333333,94.566667,94.800000,95.033333,95.266667,95.500000,95.733333,95.966667,96.200000,96.433333,96.666667,96.900000,97.133333,97.366667,97.600000,97.833333,98.066667,98.300000,98.533333,98.766667,99.000000,
-27.908348,-28.151877,-28.395415,-28.638975,-28.882574,-29.126235,-29.369979,-29.613834,-29.857826,-30.101981,-30.346327,-30.590890,-30.835694,-31.080762,-31.326114,-31.571767,-31.817736,-32.064032,-32.310659,-32.557622,-32.804916,-33.052536,-33.300471,-33.548706,-33.797222,-34.045999,-34.295014,-34.544244,-34.793668,-35.043268,-35.293033,
-7.431778,-7.478887,-7.525622,-7.571846,-7.617453,-7.662359,-7.706498,-7.749824,-7.792302,-7.833914,-7.874647,-7.914500,-7.953478,-7.991594,-8.028866,-8.065314,-8.100965,-8.135847,-8.169992,-8.203434,-8.236206,-8.268345,-8.299887,-8.330866,-8.361318,-8.391274,-8.420766,-8.449820,-8.478457,-8.506694,-8.534539,
93.0,0.200000
93.000000,93.200000,93.400000,93.600000,93.800000,94.000000,94.200000,94.400000,94.600000,94.800000,95.000000,95.200000,95.400000,95.600000,95.800000,96.000000,96.200000,96.400000,96.600000,96.800000,97.000000,97.200000,97.400000,97.600000,97.800000,98.000000,98.200000,98.400000,98.600000,98.800000,99.000000,
-28.893683,-29.103366,-29.313145,-29.523059,-29.733137,-29.943406,-30.153886,-30.364594,-30.575542,-30.786738,-30.998188,-31.209894,-31.421856,-31.634069,-31.846528,-32.059223,-32.272144,-32.485278,-32.698608,-32.912117,-33.125786,-33.339594,-33.553518,-33.767535,-33.981623,-34.195757,-34.409915,-34.624077,-34.838226,-35.052348,-35.266435,
-7.619851,-7.658951,-7.697754,-7.736150,-7.774049,-7.811380,-7.848087,-7.884128,-7.919473,-7.954102,-7.988002,-8.021171,-8.053610,-8.085328,-8.116337,-8.146654,-8.176298,-8.205293,-8.233662,-8.261432,-8.288630,-8.315283,-8.341418,-8.367063,-8.392244,-8.416986,-8.441309,-8.465235,-8.488777,-8.511949,-8.534756,
