225.0,1.766667
225.000000,226.766667,228.533333,230.300000,232.066667,233.833333,235.600000,237.366667,239.133333,240.900000,242.666667,244.433333,246.200000,247.966667,249.733333,251.500000,253.266667,255.033333,256.800000,258.566667,260.333333,262.100000,263.866667,265.633333,267.400000,269.166667,270.933333,272.700000,274.466667,276.233333,278.000000,
-10.625932,-9.810684,-8.995321,-8.179845,-7.364321,-6.549018,-5.734254,-4.920327,-4.107409,-3.295331,-2.482834,-1.665117,-0.836599,0.007545,0.868670,1.746779,2.640547,3.545259,4.455471,5.366523,6.277283,7.187602,8.097319,9.005228,9.909873,10.809955,11.704982,12.596303,13.491020,14.414877,15.392062,
-14.030516,-14.013268,-13.997982,-13.985379,-13.976122,-13.970764,-13.969812,-13.973702,-13.982680,-13.996934,-14.016624,-14.041883,-14.072804,-14.109371,-14.151211,-14.197791,-14.248361,-14.301552,-14.355806,-14.409495,-14.460943,-14.508430,-14.550126,-14.583858,-14.607350,-14.618306,-14.614464,-14.593948,-14.556239,-14.505249,-14.445002,
226.0,1.733333
226.000000,227.733333,229.466667,231.200000,232.933333,234.666667,236.400000,238.133333,239.866667,241.600000,243.333333,245.066667,246.800000,248.533333,250.266667,252.000000,253.733333,255.466667,257.200000,258.933333,260.666667,262.400000,264.133333,265.866667,267.600000,269.333333,271.066667,272.800000,274.533333,276.266667,278.000000,
-10.124369,-9.327756,-8.531024,-7.734192,-6.937340,-6.140744,-5.344722,-4.549555,-3.755344,-2.961844,-2.167780,-1.368612,-0.559073,0.265388,1.106088,1.963054,2.835025,3.717533,4.605383,5.494056,6.382126,7.269121,8.154822,9.038940,9.921418,10.803079,11.687597,12.579793,13.485661,14.414154,15.372894,
-14.019699,-14.003967,-13.990456,-13.979860,-13.972785,-13.969709,-13.971052,-13.977169,-13.988240,-14.004389,-14.025719,-14.052314,-14.084221,-14.121384,-14.163406,-14.209737,-14.259625,-14.311766,-14.364679,-14.416831,-14.466657,-14.512560,-14.552827,-14.585399,-14.608095,-14.618661,-14.614703,-14.594184,-14.556450,-14.505342,-14.444846,
227.0,1.700000
227.000000,228.700000,230.400000,232.100000,233.800000,235.500000,237.200000,238.900000,240.600000,242.300000,244.000000,245.700000,247.400000,249.100000,250.800000,252.500000,254.200000,255.900000,257.600000,259.300000,261.000000,262.700000,264.400000,266.100000,267.800000,269.500000,271.200000,272.900000,274.600000,276.300000,278.000000,
-9.623183,-8.844993,-8.066927,-7.289368,-6.512647,-5.736794,-4.961472,-4.185371,-3.404200,-2.613004,-1.807519,-0.986537,-0.150092,0.700547,1.561097,2.426613,3.292852,4.158685,5.023980,5.888935,6.753898,7.619109,8.484296,9.347537,10.206513,11.059211,11.905046,12.745856,13.590378,14.468719,15.409016,
-14.009511,-13.995497,-13.983913,-13.975402,-13.970500,-13.969616,-13.973115,-13.981342,-13.994621,-14.013247,-14.037444,-14.067223,-14.102476,-14.142911,-14.187715,-14.235898,-14.286382,-14.337961,-14.389379,-14.439323,-14.486347,-14.528932,-14.565448,-14.593956,-14.612438,-14.618923,-14.611670,-14.589344,-14.551778,-14.502412,-14.444726,
228.0,1.666667
228.000000,229.666667,231.333333,233.000000,234.666667,236.333333,238.000000,239.666667,241.333333,243.000000,244.666667,246.333333,248.000000,249.666667,251.333333,253.000000,254.666667,256.333333,258.000000,259.666667,261.333333,263.000000,264.666667,266.333333,268.000000,269.666667,271.333333,273.000000,274.666667,276.333333,278.000000,
-9.122386,-8.364005,-7.606806,-6.850160,-6.092506,-5.329735,-4.557191,-3.770895,-2.969718,-2.153722,-1.324149,-0.485063,0.358829,1.203446,2.047486,2.890584,3.732787,4.574593,5.416617,6.259437,7.103372,7.948412,8.793697,9.635806,10.470564,11.293812,12.102184,12.895908,13.686605,14.520894,15.442749,
-14.000124,-13.987957,-13.978353,-13.971937,-13.969240,-13.970738,-13.976884,-13.988089,-14.004664,-14.026847,-14.054728,-14.087969,-14.126072,-14.168432,-14.214229,-14.262558,-14.312447,-14.362772,-14.412347,-14.459921,-14.504094,-14.543394,-14.576255,-14.600872,-14.615410,-14.618185,-14.608034,-14.584236,-14.547033,-14.499498,-14.444644,
229.0,1.633333
229.000000,230.633333,232.266667,233.900000,235.533333,237.166667,238.800000,240.433333,242.066667,243.700000,245.333333,246.966667,248.600000,250.233333,251.866667,253.500000,255.133333,256.766667,258.400000,260.033333,261.666667,263.300000,264.933333,266.566667,268.200000,269.833333,271.466667,273.100000,274.733333,276.366667,278.000000,
-8.621987,-7.882193,-7.143557,-6.405377,-5.666070,-4.921765,-4.168098,-3.401354,-2.620464,-1.825490,-1.017617,-0.200635,0.621054,1.443630,2.265812,3.087199,3.907773,4.727929,5.548158,6.368874,7.190120,8.011676,8.832811,9.651352,10.464881,11.271624,12.072174,12.869810,13.674380,14.514968,15.418382,
-13.991704,-13.981565,-13.974118,-13.969955,-13.969557,-13.973343,-13.981702,-13.994981,-14.013415,-14.037167,-14.066258,-14.100317,-14.138826,-14.181167,-14.226544,-14.274087,-14.322868,-14.371834,-14.419880,-14.465844,-14.508438,-14.546304,-14.577989,-14.601778,-14.615902,-14.618675,-14.608731,-14.585105,-14.547849,-14.500004,-14.444600,
230.0,1.600000
230.000000,231.600000,233.200000,234.800000,236.400000,238.000000,239.600000,241.200000,242.800000,244.400000,246.000000,247.600000,249.200000,250.800000,252.400000,254.000000,255.600000,257.200000,258.800000,260.400000,262.000000,263.600000,265.200000,266.800000,268.400000,270.000000,271.600000,273.200000,274.800000,276.400000,278.000000,
-8.121984,-7.381301,-6.620127,-5.841660,-5.050696,-4.251866,-3.449497,-2.647071,-1.845610,-1.045300,-0.246029,0.552440,1.350375,2.148017,2.945491,3.742910,4.540465,5.338615,6.137878,6.938708,7.741269,8.545220,9.348826,10.146304,10.930657,11.694959,12.433726,13.147071,13.852027,14.615518,15.500493,
-13.984410,-13.976387,-13.971332,-13.970077,-13.973285,-13.981329,-13.994462,-14.012827,-14.036325,-14.064760,-14.097844,-14.135094,-14.175948,-14.219772,-14.265772,-14.313090,-14.360813,-14.407908,-14.453285,-14.495797,-14.534149,-14.566989,-14.592912,-14.610411,-14.618034,-14.614620,-14.599905,-14.574091,-14.538010,-14.494098,-14.444594,
231.0,1.566667
231.000000,232.566667,234.133333,235.700000,237.266667,238.833333,240.400000,241.966667,243.533333,245.100000,246.666667,248.233333,249.800000,251.366667,252.933333,254.500000,256.066667,257.633333,259.200000,260.766667,262.333333,263.900000,265.466667,267.033333,268.600000,270.166667,271.733333,273.300000,274.866667,276.433333,278.000000,
-8.121984,-7.400819,-6.660036,-5.902661,-5.133283,-4.356324,-3.575902,-2.795333,-2.015642,-1.237048,-0.459466,0.317364,1.093747,1.869948,2.646060,3.422108,4.198061,4.973780,5.749120,6.524026,7.298740,8.073770,8.850176,9.630542,10.417775,11.214293,12.020618,12.837036,13.664964,14.509711,15.376249,
-13.984410,-13.976545,-13.971484,-13.970000,-13.972707,-13.979963,-13.992016,-14.009014,-14.030892,-14.057491,-14.088570,-14.123714,-14.162433,-14.204167,-14.248216,-14.293817,-14.340164,-14.386358,-14.431457,-14.474473,-14.514310,-14.549795,-14.579626,-14.602149,-14.615608,-14.618261,-14.608524,-14.585194,-14.548133,-14.500278,-14.444594,
232.0,1.533333
232.000000,233.533333,235.066667,236.600000,238.133333,239.666667,241.200000,242.733333,244.266667,245.800000,247.333333,248.866667,250.400000,251.933333,253.466667,255.000000,256.533333,258.066667,259.600000,261.133333,262.666667,264.200000,265.733333,267.266667,268.800000,270.333333,271.866667,273.400000,274.933333,276.466667,278.000000,
-7.622368,-6.920677,-6.200238,-5.463899,-4.716031,-3.960830,-3.202198,-2.443291,-1.685179,-0.928193,-0.172411,0.582155,1.335549,2.087917,2.839679,3.591569,4.345058,5.103631,5.871218,6.651151,7.444418,8.250665,9.067635,9.888359,10.704509,11.508153,12.293968,13.060711,13.817471,14.602076,15.450175,
-13.978393,-13.972772,-13.970063,-13.970972,-13.976027,-13.985507,-13.999582,-14.018329,-14.041636,-14.069303,-14.101061,-14.136484,-14.175087,-14.216333,-14.259593,-14.304200,-14.349465,-14.394663,-14.439010,-14.481577,-14.521038,-14.555898,-14.584536,-14.605093,-14.615731,-14.614920,-14.602087,-14.577194,-14.540963,-14.495972,-14.444626,
233.0,1.500000
233.000000,234.500000,236.000000,237.500000,239.000000,240.500000,242.000000,243.500000,245.000000,246.500000,248.000000,249.500000,251.000000,252.500000,254.000000,255.500000,257.000000,258.500000,260.000000,261.500000,263.000000,264.500000,266.000000,267.500000,269.000000,270.500000,272.000000,273.500000,275.000000,276.500000,278.000000,
-7.123127,-6.440884,-5.740712,-5.025283,-4.298778,-3.565249,-2.828493,-2.091626,-1.355891,-0.621800,0.110562,0.841703,1.572519,2.304538,3.040863,3.784960,4.539855,5.306835,6.086304,6.877642,7.677909,8.483215,9.289028,10.089744,10.879603,11.653431,12.408027,13.144135,13.872845,14.633635,15.463296,
-13.973790,-13.970463,-13.970115,-13.973386,-13.980720,-13.992319,-14.008279,-14.028607,-14.053146,-14.081666,-14.113882,-14.149410,-14.187830,-14.228701,-14.271568,-14.315937,-14.361207,-14.406495,-14.450775,-14.492883,-14.531342,-14.564569,-14.590953,-14.608905,-14.616944,-14.613906,-14.599510,-14.573961,-14.538105,-14.494298,-14.444695,
234.0,1.466667
234.000000,235.466667,236.933333,238.400000,239.866667,241.333333,242.800000,244.266667,245.733333,247.200000,248.666667,250.133333,251.600000,253.066667,254.533333,256.000000,257.466667,258.933333,260.400000,261.866667,263.333333,264.800000,266.266667,267.733333,269.200000,270.666667,272.133333,273.600000,275.066667,276.533333,278.000000,
-6.624240,-5.961249,-5.281157,-4.586587,-3.881659,-3.170394,-2.456510,-1.742912,-1.030286,-0.318310,0.394218,1.110200,1.832946,2.565311,3.308356,4.062298,4.826560,5.598964,6.376861,7.157749,7.940051,8.722261,9.502154,10.275234,11.036447,11.781304,12.507605,13.217216,13.922228,14.662099,15.473323,
-13.970730,-13.969715,-13.971709,-13.977277,-13.986776,-14.000332,-14.017972,-14.039658,-14.065236,-14.094511,-14.127269,-14.163275,-14.202262,-14.243878,-14.287545,-14.332573,-14.378144,-14.423177,-14.466483,-14.506818,-14.542869,-14.573300,-14.596762,-14.611898,-14.617446,-14.612452,-14.596799,-14.570829,-14.535438,-14.492782,-14.444797,
235.0,1.433333
235.000000,236.433333,237.866667,239.300000,240.733333,242.166667,243.600000,245.033333,246.466667,247.900000,249.333333,250.766667,252.200000,253.633333,255.066667,256.500000,257.933333,259.366667,260.800000,262.233333,263.666667,265.100000,266.533333,267.966667,269.400000,270.833333,272.266667,273.700000,275.133333,276.566667,278.000000,
-6.125683,-5.481708,-4.821470,-4.147430,-3.463502,-2.773498,-2.080935,-1.388545,-0.696977,-0.005915,0.685788,1.380839,2.082318,2.792884,3.513537,4.244474,4.985109,5.733294,6.486414,7.241987,7.998420,8.754329,9.508093,10.257154,10.998881,11.731368,12.454972,13.172657,13.893028,14.639145,15.431934,
-13.969325,-13.970606,-13.974891,-13.982680,-13.994257,-14.009689,-14.028952,-14.051962,-14.078544,-14.108489,-14.141572,-14.177553,-14.216163,-14.257056,-14.299682,-14.343389,-14.387413,-14.430761,-14.472344,-14.511028,-14.545617,-14.574890,-14.597593,-14.612414,-14.618092,-14.613594,-14.598516,-14.572869,-14.537306,-14.493992,-14.444930,
236.0,1.400000
236.000000,237.400000,238.800000,240.200000,241.600000,243.000000,244.400000,245.800000,247.200000,248.600000,250.000000,251.400000,252.800000,254.200000,255.600000,257.000000,258.400000,259.800000,261.200000,262.600000,264.000000,265.400000,266.800000,268.200000,269.600000,271.000000,272.400000,273.800000,275.200000,276.600000,278.000000,
-5.627427,-5.002172,-4.361481,-3.707649,-3.044384,-2.375290,-1.703686,-1.032137,-0.361255,0.309265,0.980516,1.655013,2.335612,3.024772,3.723417,4.431704,5.149025,5.873265,6.601858,7.332395,8.063383,8.793701,9.522411,10.248748,10.972249,11.693163,12.413569,13.136786,13.867995,14.616683,15.391037,
-13.969676,-13.973215,-13.979722,-13.989637,-14.003174,-14.020350,-14.041095,-14.065287,-14.092735,-14.123220,-14.156508,-14.192358,-14.230502,-14.270601,-14.312136,-14.354491,-14.396957,-14.438623,-14.478498,-14.515545,-14.548675,-14.576763,-14.598636,-14.613016,-14.618642,-14.614419,-14.599720,-14.574312,-14.538657,-14.494906,-14.445091,
237.0,1.366667
237.000000,238.366667,239.733333,241.100000,242.466667,243.833333,245.200000,246.566667,247.933333,249.300000,250.666667,252.033333,253.400000,254.766667,256.133333,257.500000,258.866667,260.233333,261.600000,262.966667,264.333333,265.700000,267.066667,268.433333,269.800000,271.166667,272.533333,273.900000,275.266667,276.633333,278.000000,
-5.129440,-4.522309,-3.897798,-3.254828,-2.594071,-1.917892,-1.229298,-0.531492,0.172403,0.879474,1.587339,2.294973,3.001928,3.708093,4.413755,5.119358,5.825386,6.532296,7.240415,7.949718,8.659277,9.367546,10.072072,10.768351,11.451636,12.118522,12.769774,13.410617,14.055189,14.739317,15.495235,
-13.971866,-13.977563,-13.986236,-13.998431,-14.014472,-14.034463,-14.058395,-14.086157,-14.117446,-14.151872,-14.188991,-14.228276,-14.269159,-14.311039,-14.353254,-14.395108,-14.435870,-14.474734,-14.510856,-14.543342,-14.571202,-14.593414,-14.608965,-14.616901,-14.616387,-14.606881,-14.588581,-14.562063,-14.528274,-14.488873,-14.445277,
238.0,1.333333
238.000000,239.333333,240.666667,242.000000,243.333333,244.666667,246.000000,247.333333,248.666667,250.000000,251.333333,252.666667,254.000000,255.333333,256.666667,258.000000,259.333333,260.666667,262.000000,263.333333,264.666667,266.000000,267.333333,268.666667,270.000000,271.333333,272.666667,274.000000,275.333333,276.666667,278.000000,
-4.631687,-4.042190,-3.436123,-2.812513,-2.172069,-1.517035,-0.850245,-0.174709,0.506654,1.191126,1.876485,2.561741,3.246438,3.930435,4.613960,5.297373,5.981052,6.665280,7.350214,8.035729,8.721023,9.404883,10.085608,10.760476,11.426844,12.083309,12.731975,13.378049,14.032191,14.717717,15.455201,
-13.975964,-13.983794,-13.994528,-14.008653,-14.026428,-14.047903,-14.073019,-14.101624,-14.133399,-14.167951,-14.204838,-14.243554,-14.283561,-14.324292,-14.365134,-14.405444,-14.444553,-14.481728,-14.516203,-14.547168,-14.573721,-14.594927,-14.609841,-14.617523,-14.617120,-14.608009,-14.590156,-14.563879,-14.529934,-14.489980,-14.445483,
239.0,1.300000
239.000000,240.300000,241.600000,242.900000,244.200000,245.500000,246.800000,248.100000,249.400000,250.700000,252.000000,253.300000,254.600000,255.900000,257.200000,258.500000,259.800000,261.100000,262.400000,263.700000,265.000000,266.300000,267.600000,268.900000,270.200000,271.500000,272.800000,274.100000,275.400000,276.700000,278.000000,
-4.134130,-3.561660,-2.973419,-2.368525,-1.747715,-1.113115,-0.467393,0.186630,0.846227,1.508869,2.172486,2.836118,3.499300,4.161854,4.823937,5.485822,6.147780,6.809959,7.472393,8.134922,8.796936,9.457612,10.115965,10.770757,11.421038,12.066915,12.711223,13.358747,14.017093,14.699940,15.418990,
-13.982021,-13.991891,-14.004572,-14.020495,-14.039862,-14.062671,-14.088823,-14.118131,-14.150264,-14.184830,-14.221393,-14.259468,-14.298546,-14.338096,-14.377548,-14.416311,-14.453772,-14.489264,-14.522091,-14.551515,-14.576710,-14.596811,-14.610929,-14.618145,-14.617596,-14.608607,-14.590986,-14.564877,-14.530899,-14.490685,-14.445706,
240.0,1.266667
240.000000,241.266667,242.533333,243.800000,245.066667,246.333333,247.600000,248.866667,250.133333,251.400000,252.666667,253.933333,255.200000,256.466667,257.733333,259.000000,260.266667,261.533333,262.800000,264.066667,265.333333,266.600000,267.866667,269.133333,270.400000,271.666667,272.933333,274.200000,275.466667,276.733333,278.000000,
-4.134130,-3.577993,-3.006866,-2.419946,-1.817984,-1.202978,-0.577426,0.056040,0.694895,1.336797,1.979812,2.622960,3.265676,3.907615,4.548616,5.188591,5.827469,6.465152,7.101655,7.737356,8.373508,9.011999,9.655602,10.308942,10.976963,11.663652,12.369986,13.094002,13.828505,14.554576,15.255189,
-13.982021,-13.991558,-14.003752,-14.019005,-14.037502,-14.059246,-14.084150,-14.112046,-14.142644,-14.175595,-14.210515,-14.246973,-14.284519,-14.322684,-14.360977,-14.398889,-14.435897,-14.471446,-14.504950,-14.535769,-14.563144,-14.586232,-14.604079,-14.615496,-14.619240,-14.614142,-14.599301,-14.574172,-14.538944,-14.495508,-14.445706,
241.0,1.233333
241.000000,242.233333,243.466667,244.700000,245.933333,247.166667,248.400000,249.633333,250.866667,252.100000,253.333333,254.566667,255.800000,257.033333,258.266667,259.500000,260.733333,261.966667,263.200000,264.433333,265.666667,266.900000,268.133333,269.366667,270.600000,271.833333,273.066667,274.300000,275.533333,276.766667,278.000000,
-3.636728,-3.096290,-2.541637,-1.972031,-1.388228,-0.792110,-0.186019,0.427583,1.046343,1.668081,2.290985,2.914078,3.536761,4.158630,4.779451,5.399063,6.017349,6.634236,7.249825,7.864662,8.480343,9.099190,9.724468,10.361334,11.015186,11.690218,12.387034,13.102767,13.828532,14.542325,15.224503,
-13.990071,-14.001493,-14.015469,-14.032354,-14.052283,-14.075221,-14.101043,-14.129556,-14.160460,-14.193407,-14.228018,-14.263884,-14.300577,-14.337659,-14.374678,-14.411167,-14.446648,-14.480612,-14.512522,-14.541781,-14.567674,-14.589395,-14.606025,-14.616412,-14.619346,-14.613686,-14.598543,-14.573376,-14.538362,-14.495300,-14.445940,
242.0,1.200000
242.000000,243.200000,244.400000,245.600000,246.800000,248.000000,249.200000,250.400000,251.600000,252.800000,254.000000,255.200000,256.400000,257.600000,258.800000,260.000000,261.200000,262.400000,263.600000,264.800000,266.000000,267.200000,268.400000,269.600000,270.800000,272.000000,273.200000,274.400000,275.600000,276.800000,278.000000,
-3.139440,-2.614924,-2.077466,-1.525457,-0.958398,-0.376522,0.219519,0.828650,1.449086,2.078745,2.715466,3.357161,4.001898,4.648104,5.295019,5.942259,6.589636,7.237130,7.884693,8.532039,9.178249,9.822040,10.461758,11.095114,11.719987,12.335344,12.942953,13.547025,14.155621,14.784830,15.448574,
-14.000132,-14.013265,-14.028798,-14.047098,-14.068335,-14.092538,-14.119655,-14.149556,-14.181974,-14.216569,-14.252939,-14.290581,-14.328948,-14.367467,-14.405541,-14.442557,-14.477878,-14.510827,-14.540700,-14.566762,-14.588224,-14.604287,-14.614190,-14.617273,-14.613007,-14.601104,-14.581816,-14.555696,-14.523569,-14.486712,-14.446180,
243.0,1.166667
243.000000,244.166667,245.333333,246.500000,247.666667,248.833333,250.000000,251.166667,252.333333,253.500000,254.666667,255.833333,257.000000,258.166667,259.333333,260.500000,261.666667,262.833333,264.000000,265.166667,266.333333,267.500000,268.666667,269.833333,271.000000,272.166667,273.333333,274.500000,275.666667,276.833333,278.000000,
-2.642225,-2.132000,-1.609508,-1.073227,-0.522715,0.041773,0.619582,1.209673,1.810384,2.419791,3.035899,3.656776,4.280630,4.905982,5.532054,6.158395,6.784736,7.410967,8.036978,8.662503,9.286858,9.909131,10.528230,11.142794,11.751687,12.354643,12.953498,13.551785,14.155474,14.775378,15.420687,
-14.012202,-14.026985,-14.044046,-14.063707,-14.086097,-14.111208,-14.138954,-14.169178,-14.201602,-14.235887,-14.271636,-14.308371,-14.345576,-14.382714,-14.419230,-14.454557,-14.488106,-14.519255,-14.547358,-14.571737,-14.591667,-14.606410,-14.615256,-14.617576,-14.612852,-14.600781,-14.581534,-14.555561,-14.523602,-14.486882,-14.446424,
244.0,1.133333
244.000000,245.133333,246.266667,247.400000,248.533333,249.666667,250.800000,251.933333,253.066667,254.200000,255.333333,256.466667,257.600000,258.733333,259.866667,261.000000,262.133333,263.266667,264.400000,265.533333,266.666667,267.800000,268.933333,270.066667,271.200000,272.333333,273.466667,274.600000,275.733333,276.866667,278.000000,
-2.145038,-1.648438,-1.140227,-0.618969,-0.084275,0.463584,1.023953,1.595828,2.177663,2.767683,3.364046,3.964966,4.568782,5.174105,5.780149,6.386415,6.992578,7.598467,8.203939,8.808765,9.412456,10.014402,10.613933,11.210337,11.803145,12.392569,12.980380,13.569509,14.164385,14.772250,15.399125,
-14.026261,-14.042563,-14.061010,-14.081884,-14.105274,-14.131139,-14.159367,-14.189776,-14.222083,-14.255949,-14.290988,-14.326746,-14.362736,-14.398456,-14.433390,-14.467010,-14.498772,-14.528100,-14.554397,-14.577037,-14.595348,-14.608649,-14.616282,-14.617656,-14.612284,-14.599873,-14.580553,-14.554722,-14.523056,-14.486713,-14.446665,
245.0,1.100000
245.000000,246.100000,247.200000,248.300000,249.400000,250.500000,251.600000,252.700000,253.800000,254.900000,256.000000,257.100000,258.200000,259.300000,260.400000,261.500000,262.600000,263.700000,264.800000,265.900000,267.000000,268.100000,269.200000,270.300000,271.400000,272.500000,273.600000,274.700000,275.800000,276.900000,278.000000,
-1.647839,-1.164219,-0.669632,-0.162720,0.356859,0.888819,1.432511,1.986965,2.550744,3.122211,3.699667,4.281464,4.866065,5.452171,6.039000,6.626025,7.212882,7.799363,8.385306,8.970514,9.554640,10.137290,10.718080,11.296709,11.873117,12.447787,13.022376,13.599350,14.182108,14.775670,15.384110,
-14.042271,-14.059954,-14.079639,-14.101571,-14.125804,-14.152270,-14.180830,-14.211286,-14.243353,-14.276693,-14.310932,-14.345640,-14.380360,-14.414621,-14.447941,-14.479830,-14.509780,-14.537256,-14.561703,-14.582541,-14.599148,-14.610895,-14.617176,-14.617452,-14.611280,-14.598399,-14.578934,-14.553254,-14.521999,-14.486246,-14.446899,
246.0,1.066667
246.000000,247.066667,248.133333,249.200000,250.266667,251.333333,252.400000,253.466667,254.533333,255.600000,256.666667,257.733333,258.800000,259.866667,260.933333,262.000000,263.066667,264.133333,265.200000,266.266667,267.333333,268.400000,269.466667,270.533333,271.600000,272.666667,273.733333,274.800000,275.866667,276.933333,278.000000,
-1.150584,-0.679333,-0.197741,0.295472,0.800607,1.317368,1.845112,2.382905,2.929414,3.483127,4.042484,4.605968,5.172161,5.739855,6.308284,6.876908,7.445339,8.013340,8.580733,9.147331,9.712867,10.277069,10.839714,11.400721,11.960245,12.518900,13.078247,13.640463,14.208365,14.785792,15.375797,
-14.060176,-14.079093,-14.099865,-14.122697,-14.147613,-14.174523,-14.203267,-14.233633,-14.265334,-14.298041,-14.331390,-14.364975,-14.398366,-14.431121,-14.462789,-14.492912,-14.521016,-14.546601,-14.569147,-14.588115,-14.602933,-14.613022,-14.617835,-14.616889,-14.609803,-14.596364,-14.576712,-14.551216,-14.520485,-14.485512,-14.447121,
247.0,1.033333
247.000000,248.033333,249.066667,250.100000,251.133333,252.166667,253.200000,254.233333,255.266667,256.300000,257.333333,258.366667,259.400000,260.433333,261.466667,262.500000,263.533333,264.566667,265.600000,266.633333,267.666667,268.700000,269.733333,270.766667,271.800000,272.833333,273.866667,274.900000,275.933333,276.966667,278.000000,
-1.150584,-0.691092,-0.221849,0.258364,0.749820,1.252220,1.764924,2.287018,2.817216,3.354062,3.896030,4.441594,4.989302,5.537893,6.086514,6.634590,7.181836,7.728433,8.274896,8.822121,9.371634,9.925300,10.485194,11.053607,11.632480,12.222659,12.822571,13.428560,14.034115,14.627584,15.199151,
-14.060176,-14.078591,-14.098764,-14.120893,-14.145001,-14.171003,-14.198751,-14.228047,-14.258631,-14.290208,-14.322455,-14.355015,-14.387512,-14.419564,-14.450783,-14.480773,-14.509121,-14.535382,-14.559083,-14.579704,-14.596646,-14.609269,-14.616898,-14.618829,-14.614396,-14.603072,-14.584632,-14.559124,-14.526976,-14.489308,-14.447121,
248.0,1.000000
248.000000,249.000000,250.000000,251.000000,252.000000,253.000000,254.000000,255.000000,256.000000,257.000000,258.000000,259.000000,260.000000,261.000000,262.000000,263.000000,264.000000,265.000000,266.000000,267.000000,268.000000,269.000000,270.000000,271.000000,272.000000,273.000000,274.000000,275.000000,276.000000,277.000000,278.000000,
-0.653233,-0.205133,0.252128,0.719700,1.197819,1.686174,2.184130,2.690799,3.204975,3.725304,4.250374,4.778782,5.309200,5.840482,6.371855,6.902815,7.433142,7.963068,8.493147,9.024278,9.557915,10.095784,10.639749,11.191740,11.753302,12.324940,12.904961,13.489830,14.073622,14.646272,15.199404,
-14.079900,-14.099378,-14.120464,-14.143325,-14.167960,-14.194265,-14.222079,-14.251194,-14.281352,-14.312267,-14.343625,-14.375091,-14.406311,-14.436926,-14.466571,-14.494872,-14.521436,-14.545841,-14.567633,-14.586321,-14.601344,-14.612105,-14.617992,-14.618379,-14.612693,-14.600498,-14.581649,-14.556252,-14.524744,-14.488139,-14.447329,
249.0,0.966667
249.000000,249.966667,250.933333,251.900000,252.866667,253.833333,254.800000,255.766667,256.733333,257.700000,258.666667,259.633333,260.600000,261.566667,262.533333,263.500000,264.466667,265.433333,266.400000,267.366667,268.333333,269.300000,270.266667,271.233333,272.200000,273.166667,274.133333,275.100000,276.066667,277.033333,278.000000,
-0.155746,0.281348,0.727029,1.182376,1.647592,2.122358,2.606047,3.097800,3.596488,4.100857,4.609609,5.121466,5.635226,6.149861,6.664685,7.179266,7.693440,8.207464,8.721890,9.237568,9.755803,10.278110,10.806070,11.341221,11.884705,12.436736,12.995634,13.558178,14.119240,14.670525,15.205221,
-14.101350,-14.121732,-14.143567,-14.166993,-14.191987,-14.218433,-14.246157,-14.274948,-14.304551,-14.334688,-14.365060,-14.395346,-14.425216,-14.454331,-14.482344,-14.508901,-14.533627,-14.556120,-14.575947,-14.592644,-14.605692,-14.614544,-14.618651,-14.617474,-14.610535,-14.597493,-14.578282,-14.553061,-14.522273,-14.486830,-14.447517,
250.0,0.933333
250.000000,250.933333,251.866667,252.800000,253.733333,254.666667,255.600000,256.533333,257.466667,258.400000,259.333333,260.266667,261.200000,262.133333,263.066667,264.000000,264.933333,265.866667,266.800000,267.733333,268.666667,269.600000,270.533333,271.466667,272.400000,273.333333,274.266667,275.200000,276.133333,277.066667,278.000000,
0.341912,0.768361,1.202831,1.646334,2.099047,2.560646,3.030518,3.507836,3.991550,4.480506,4.973519,5.469435,5.967181,6.465843,6.964822,7.463746,7.962492,8.461309,8.960699,9.461411,9.964543,10.471340,10.983061,11.500848,12.025477,12.556943,13.093712,13.633032,14.170718,14.700311,15.216571,
-14.124414,-14.145538,-14.167956,-14.191778,-14.216964,-14.243388,-14.270869,-14.299195,-14.328117,-14.357363,-14.386648,-14.415669,-14.444113,-14.471658,-14.497976,-14.522727,-14.545555,-14.566074,-14.583877,-14.598529,-14.609553,-14.616461,-14.618770,-14.616033,-14.607867,-14.594026,-14.574518,-14.549551,-14.519571,-14.485387,-14.447683,
251.0,0.900000
251.000000,251.900000,252.800000,253.700000,254.600000,255.500000,256.400000,257.300000,258.200000,259.100000,260.000000,260.900000,261.800000,262.700000,263.600000,264.500000,265.400000,266.300000,267.200000,268.100000,269.000000,269.900000,270.800000,271.700000,272.600000,273.500000,274.400000,275.300000,276.200000,277.100000,278.000000,
0.839779,1.255816,1.679317,2.111231,2.551712,3.000441,3.456823,3.920073,4.389219,4.863206,5.340961,5.821453,6.303731,6.786989,7.270700,7.754542,8.238406,8.722498,9.207233,9.693216,10.181304,10.672446,11.167572,11.667468,12.172606,12.682850,13.196911,13.712605,14.226741,14.734607,15.232430,
-14.148964,-14.170658,-14.193485,-14.217529,-14.242736,-14.268972,-14.296055,-14.323772,-14.351879,-14.380117,-14.408212,-14.435874,-14.462808,-14.488708,-14.513261,-14.536140,-14.557007,-14.575497,-14.591227,-14.603795,-14.612773,-14.617733,-14.618264,-14.614007,-14.604677,-14.590116,-14.570398,-14.545773,-14.516681,-14.483835,-14.447823,
252.0,0.866667
252.000000,252.866667,253.733333,254.600000,255.466667,256.333333,257.200000,258.066667,258.933333,259.800000,260.666667,261.533333,262.400000,263.266667,264.133333,265.000000,265.866667,266.733333,267.600000,268.466667,269.333333,270.200000,271.066667,271.933333,272.800000,273.666667,274.533333,275.400000,276.266667,277.133333,278.000000,
1.337884,1.743720,2.156361,2.576244,3.002953,3.435603,3.873078,4.314190,4.757800,5.202853,5.648445,6.093941,6.538917,6.983185,7.426907,7.870513,8.314736,8.760749,9.210015,9.664236,10.125401,10.595493,11.076183,11.568417,12.072248,12.586331,13.106898,13.628524,14.144267,14.645244,15.124629,
-14.174853,-14.196926,-14.219940,-14.243929,-14.268803,-14.294397,-14.320515,-14.346937,-14.373443,-14.399807,-14.425807,-14.451226,-14.475846,-14.499446,-14.521791,-14.542631,-14.561694,-14.578661,-14.593185,-14.604881,-14.613311,-14.618019,-14.618546,-14.614462,-14.605395,-14.591104,-14.571579,-14.546998,-14.517751,-14.484536,-14.447935,
253.0,0.833333
253.000000,253.833333,254.666667,255.500000,256.333333,257.166667,258.000000,258.833333,259.666667,260.500000,261.333333,262.166667,263.000000,263.833333,264.666667,265.500000,266.333333,267.166667,268.000000,268.833333,269.666667,270.500000,271.333333,272.166667,273.000000,273.833333,274.666667,275.500000,276.333333,277.166667,278.000000,
1.836259,2.231647,2.633235,3.041446,3.455919,3.875857,4.300250,4.728023,5.158148,5.589684,6.021832,6.454043,6.885967,7.317474,7.748743,8.180193,8.612491,9.046648,9.483888,9.925593,10.373298,10.828476,11.292296,11.765276,12.247197,12.736755,13.230842,13.725143,14.214324,14.691856,15.152805,
-14.201916,-14.224182,-14.247225,-14.271059,-14.295590,-14.320661,-14.346082,-14.371647,-14.397143,-14.422357,-14.447076,-14.471088,-14.494184,-14.516145,-14.536740,-14.555724,-14.572832,-14.587762,-14.600187,-14.609756,-14.616086,-14.618785,-14.617477,-14.611830,-14.601578,-14.586576,-14.566885,-14.542723,-14.514474,-14.482741,-14.448017,
254.0,0.800000
254.000000,254.800000,255.600000,256.400000,257.200000,258.000000,258.800000,259.600000,260.400000,261.200000,262.000000,262.800000,263.600000,264.400000,265.200000,266.000000,266.800000,267.600000,268.400000,269.200000,270.000000,270.800000,271.600000,272.400000,273.200000,274.000000,274.800000,275.600000,276.400000,277.200000,278.000000,
2.334926,2.719763,3.110216,3.506708,3.908946,4.316236,4.727684,5.142326,5.559245,5.977594,6.396650,6.815899,7.235002,7.653797,8.072375,8.491022,8.910219,9.330709,9.753405,10.179351,10.609724,11.045678,11.488183,11.937796,12.394540,12.857599,13.324747,13.792731,14.257303,14.712959,15.155469,
-14.229975,-14.252242,-14.275126,-14.298622,-14.322635,-14.347012,-14.371574,-14.396124,-14.420462,-14.444385,-14.467690,-14.490175,-14.511638,-14.531869,-14.550647,-14.567741,-14.582902,-14.595853,-14.606299,-14.613931,-14.618418,-14.619429,-14.616654,-14.609826,-14.598744,-14.583306,-14.563587,-14.539795,-14.512274,-14.481555,-14.448067,
255.0,0.766667
255.000000,255.766667,256.533333,257.300000,258.066667,258.833333,259.600000,260.366667,261.133333,261.900000,262.666667,263.433333,264.200000,264.966667,265.733333,266.500000,267.266667,268.033333,268.800000,269.566667,270.333333,271.100000,271.866667,272.633333,273.400000,274.166667,274.933333,275.700000,276.466667,277.233333,278.000000,
2.833910,3.207979,3.587087,3.971654,4.361446,4.755867,5.154134,5.555398,5.958851,6.363750,6.769459,7.175531,7.581670,7.987737,8.393803,8.800099,9.207008,9.615106,10.025083,10.437709,10.853815,11.274185,11.699439,12.129864,12.565337,13.005140,13.447585,13.890290,14.330241,14.763676,15.187748,
-14.258832,-14.280905,-14.303441,-14.326421,-14.349747,-14.373273,-14.396830,-14.420232,-14.443291,-14.465814,-14.487606,-14.508472,-14.528217,-14.546637,-14.563519,-14.578641,-14.591767,-14.602645,-14.611010,-14.616592,-14.619115,-14.618314,-14.613952,-14.605847,-14.593877,-14.578016,-14.558382,-14.535204,-14.508810,-14.479652,-14.448083,
256.0,0.733333
256.000000,256.733333,257.466667,258.200000,258.933333,259.666667,260.400000,261.133333,261.866667,262.600000,263.333333,264.066667,264.800000,265.533333,266.266667,267.000000,267.733333,268.466667,269.200000,269.933333,270.666667,271.400000,272.133333,272.866667,273.600000,274.333333,275.066667,275.800000,276.533333,277.266667,278.000000,
3.333225,3.696215,4.063671,4.436005,4.813046,5.194298,5.579092,5.966703,6.356437,6.747663,7.139847,7.532621,7.925749,8.319132,8.712846,9.107092,9.502180,9.898545,10.296681,10.697103,11.100302,11.506684,11.916481,12.329617,12.745720,13.164052,13.583337,14.001965,14.418095,14.829707,15.235340,
-14.288278,-14.309957,-14.331960,-14.354250,-14.376726,-14.399251,-14.421663,-14.443788,-14.465448,-14.486458,-14.506632,-14.525781,-14.543714,-14.560234,-14.575136,-14.588207,-14.599228,-14.607970,-14.614201,-14.617695,-14.618233,-14.615619,-14.609694,-14.600360,-14.587585,-14.571418,-14.552028,-14.529668,-14.504653,-14.477360,-14.448066,
257.0,0.700000
257.000000,257.700000,258.400000,259.100000,259.800000,260.500000,261.200000,261.900000,262.600000,263.300000,264.000000,264.700000,265.400000,266.100000,266.800000,267.500000,268.200000,268.900000,269.600000,270.300000,271.000000,271.700000,272.400000,273.100000,273.800000,274.500000,275.200000,275.900000,276.600000,277.300000,278.000000,
3.832885,4.183589,4.536884,4.892861,5.251241,5.611571,5.973325,6.335988,6.699142,7.062464,7.425748,7.788960,8.152202,8.515719,8.879941,9.245430,9.612869,9.983071,10.356909,10.735244,11.118865,11.508389,11.904130,12.305879,12.712910,13.123840,13.536345,13.947497,14.353963,14.752101,15.139296,
-14.318085,-14.339111,-14.360241,-14.381414,-14.402536,-14.423490,-14.444150,-14.464382,-14.484049,-14.503015,-14.521138,-14.538270,-14.554260,-14.568946,-14.582153,-14.593694,-14.603372,-14.610969,-14.616264,-14.619028,-14.619036,-14.616076,-14.609966,-14.600575,-14.587830,-14.571737,-14.552421,-14.530090,-14.505023,-14.477575,-14.448016,
258.0,0.666667
258.000000,258.666667,259.333333,260.000000,260.666667,261.333333,262.000000,262.666667,263.333333,264.000000,264.666667,265.333333,266.000000,266.666667,267.333333,268.000000,268.666667,269.333333,270.000000,270.666667,271.333333,272.000000,272.666667,273.333333,274.000000,274.666667,275.333333,276.000000,276.666667,277.333333,278.000000,
4.332899,4.671697,5.012705,5.356040,5.701509,6.048765,6.397389,6.746966,7.097151,7.447675,7.798360,8.149164,8.500152,8.851504,9.203531,9.556649,9.911354,10.268234,10.627906,10.990976,11.357984,11.729341,12.105236,12.485489,12.869546,13.256372,13.644255,14.031035,14.414251,14.791203,15.159958,
-14.348016,-14.368258,-14.388498,-14.408663,-14.428656,-14.448367,-14.467676,-14.486458,-14.504585,-14.521926,-14.538348,-14.553710,-14.567869,-14.580673,-14.591959,-14.601559,-14.609293,-14.614978,-14.618424,-14.619445,-14.617865,-14.613523,-14.606290,-14.596086,-14.582881,-14.566711,-14.547708,-14.526067,-14.502038,-14.475919,-14.447932,
259.0,0.633333
259.000000,259.633333,260.266667,260.900000,261.533333,262.166667,262.800000,263.433333,264.066667,264.700000,265.333333,265.966667,266.600000,267.233333,267.866667,268.500000,269.133333,269.766667,270.400000,271.033333,271.666667,272.300000,272.933333,273.566667,274.200000,274.833333,275.466667,276.100000,276.733333,277.366667,278.000000,
4.833268,5.159519,5.487622,5.817717,6.149685,6.483274,6.818167,7.154043,7.490633,7.827722,8.165170,8.502938,8.841072,9.179700,9.519051,9.859424,10.201170,10.544696,10.890415,11.238721,11.589937,11.944283,12.301807,12.662292,13.025255,13.389888,13.754936,14.118857,14.479921,14.836270,15.186585,
-14.377819,-14.397080,-14.416250,-14.435243,-14.453959,-14.472291,-14.490125,-14.507343,-14.523827,-14.539452,-14.554094,-14.567620,-14.579895,-14.590781,-14.600128,-14.607788,-14.613605,-14.617424,-14.619090,-14.618457,-14.615395,-14.609792,-14.601567,-14.590684,-14.577152,-14.561035,-14.542470,-14.521641,-14.498769,-14.474101,-14.447817,
260.0,0.600000
260.000000,260.600000,261.200000,261.800000,262.400000,263.000000,263.600000,264.200000,264.800000,265.400000,266.000000,266.600000,267.200000,267.800000,268.400000,269.000000,269.600000,270.200000,270.800000,271.400000,272.000000,272.600000,273.200000,273.800000,274.400000,275.000000,275.600000,276.200000,276.800000,277.400000,278.000000,
5.333990,5.645746,5.957155,6.268156,6.578734,6.888914,7.198755,7.508356,7.817857,8.127441,8.437343,8.747858,9.059340,9.372194,9.686893,10.003949,10.323900,10.647287,10.974622,11.306333,11.642699,11.983816,12.329511,12.679226,13.032031,13.386587,13.741020,14.093143,14.440621,14.781105,15.112981,
-14.407228,-14.425268,-14.443064,-14.460521,-14.477552,-14.494076,-14.510011,-14.525277,-14.539786,-14.553449,-14.566169,-14.577841,-14.588351,-14.597578,-14.605389,-14.611646,-14.616204,-14.618913,-14.619624,-14.618195,-14.614495,-14.608411,-14.599859,-14.588798,-14.575228,-14.559201,-14.540836,-14.520299,-14.497788,-14.473525,-14.447671,
261.0,0.566667
261.000000,261.566667,262.133333,262.700000,263.266667,263.833333,264.400000,264.966667,265.533333,266.100000,266.666667,267.233333,267.800000,268.366667,268.933333,269.500000,270.066667,270.633333,271.200000,271.766667,272.333333,272.900000,273.466667,274.033333,274.600000,275.166667,275.733333,276.300000,276.866667,277.433333,278.000000,
5.835057,6.133130,6.430857,6.728194,7.025149,7.321776,7.618160,7.914420,8.210711,8.507221,8.804173,9.101830,9.400494,9.700497,10.002206,10.306008,10.612289,10.921425,11.233748,11.549515,11.868858,12.191760,12.518003,12.847085,13.178236,13.510390,13.842106,14.171729,14.497509,14.817709,15.131146,
-14.435968,-14.452693,-14.469135,-14.485189,-14.500763,-14.515772,-14.530135,-14.543771,-14.556596,-14.568526,-14.579469,-14.589329,-14.598003,-14.605384,-14.611357,-14.615804,-14.618606,-14.619643,-14.618798,-14.615965,-14.611049,-14.603977,-14.594700,-14.583204,-14.569513,-14.553690,-14.535850,-14.516141,-14.494734,-14.471809,-14.447497,
262.0,0.533333
262.000000,262.533333,263.066667,263.600000,264.133333,264.666667,265.200000,265.733333,266.266667,266.800000,267.333333,267.866667,268.400000,268.933333,269.466667,270.000000,270.533333,271.066667,271.600000,272.133333,272.666667,273.200000,273.733333,274.266667,274.800000,275.333333,275.866667,276.400000,276.933333,277.466667,278.000000,
6.336456,6.620184,6.903584,7.186631,7.469354,7.751827,8.034158,8.316484,8.598970,8.881805,9.165200,9.449395,9.734645,10.021222,10.309410,10.599493,10.891739,11.186391,11.483642,11.783611,12.086312,12.391632,12.699308,13.008863,13.319630,13.630738,13.941068,14.249369,14.554348,14.854755,15.149753,
-14.463756,-14.479017,-14.493967,-14.508494,-14.522500,-14.535897,-14.548603,-14.560539,-14.571626,-14.581783,-14.590926,-14.598970,-14.605823,-14.611392,-14.615583,-14.618299,-14.619444,-14.618926,-14.616660,-14.612570,-14.606595,-14.598694,-14.588845,-14.577060,-14.563379,-14.547872,-14.530647,-14.511836,-14.491585,-14.470038,-14.447297,
263.0,0.500000
263.000000,263.500000,264.000000,264.500000,265.000000,265.500000,266.000000,266.500000,267.000000,267.500000,268.000000,268.500000,269.000000,269.500000,270.000000,270.500000,271.000000,271.500000,272.000000,272.500000,273.000000,273.500000,274.000000,274.500000,275.000000,275.500000,276.000000,276.500000,277.000000,277.500000,278.000000,
6.838167,7.106856,7.375262,7.643375,7.911242,8.178953,8.446628,8.714411,8.982469,9.250986,9.520158,9.790195,10.061312,10.333729,10.607659,10.883305,11.160844,11.440418,11.722115,12.005960,12.291879,12.579702,12.869134,13.159725,13.450888,13.741893,14.031850,14.319793,14.604747,14.885802,15.162360,
-14.490296,-14.503967,-14.517309,-14.530203,-14.542547,-14.554253,-14.565239,-14.575429,-14.584748,-14.593122,-14.600477,-14.606736,-14.611823,-14.615660,-14.618171,-14.619279,-14.618913,-14.617005,-14.613495,-14.608335,-14.601491,-14.592944,-14.582695,-14.570771,-14.557220,-14.542115,-14.525556,-14.507658,-14.488540,-14.468319,-14.447075,
264.0,0.466667
264.000000,264.466667,264.933333,265.400000,265.866667,266.333333,266.800000,267.266667,267.733333,268.200000,268.666667,269.133333,269.600000,270.066667,270.533333,271.000000,271.466667,271.933333,272.400000,272.866667,273.333333,273.800000,274.266667,274.733333,275.200000,275.666667,276.133333,276.600000,277.066667,277.533333,278.000000,
7.340165,7.593158,7.845938,8.098515,8.350951,8.603342,8.855813,9.108508,9.361586,9.615218,9.869579,10.124848,10.381202,10.638811,10.897830,11.158395,11.420612,11.684545,11.950208,12.217556,12.486461,12.756711,13.028002,13.299911,13.571915,13.843393,14.113623,14.381838,14.647288,14.909291,15.167410,
-14.515285,-14.527272,-14.538918,-14.550101,-14.560719,-14.570684,-14.579916,-14.588342,-14.595895,-14.602508,-14.608115,-14.612654,-14.616060,-14.618273,-14.619232,-14.618882,-14.617170,-14.614050,-14.609484,-14.603445,-14.595918,-14.586902,-14.576412,-14.564482,-14.551166,-14.536533,-14.520670,-14.503676,-14.485649,-14.466681,-14.446833,
265.0,0.433333
265.000000,265.433333,265.866667,266.300000,266.733333,267.166667,267.600000,268.033333,268.466667,268.900000,269.333333,269.766667,270.200000,270.633333,271.066667,271.500000,271.933333,272.366667,272.800000,273.233333,273.666667,274.100000,274.533333,274.966667,275.400000,275.833333,276.266667,276.700000,277.133333,277.566667,278.000000,
7.842417,8.079129,8.315727,8.552245,8.788755,9.025358,9.262176,9.499345,9.737008,9.975315,10.214416,10.454455,10.695569,10.937882,11.181499,11.426497,11.672924,11.920786,12.170042,12.420595,12.672281,12.924867,13.178045,13.431422,13.684530,13.936835,14.187738,14.436621,14.682893,14.926033,15.165713,
-14.538415,-14.548656,-14.558553,-14.567984,-14.576845,-14.585052,-14.592528,-14.599206,-14.605025,-14.609927,-14.613857,-14.616763,-14.618597,-14.619310,-14.618860,-14.617207,-14.614316,-14.610159,-14.604716,-14.597975,-14.589934,-14.580605,-14.570012,-14.558193,-14.545198,-14.531092,-14.515950,-14.499853,-14.482882,-14.465107,-14.446576,
266.0,0.400000
266.000000,266.400000,266.800000,267.200000,267.600000,268.000000,268.400000,268.800000,269.200000,269.600000,270.000000,270.400000,270.800000,271.200000,271.600000,272.000000,272.400000,272.800000,273.200000,273.600000,274.000000,274.400000,274.800000,275.200000,275.600000,276.000000,276.400000,276.800000,277.200000,277.600000,278.000000,
8.344885,8.564807,8.784742,9.004754,9.224926,9.445362,9.666173,9.887480,10.109405,10.332069,10.555588,10.780068,11.005604,11.232274,11.460133,11.689209,11.919501,12.150965,12.383518,12.617029,12.851308,13.086112,13.321142,13.556031,13.790364,14.023678,14.255475,14.485250,14.712532,14.936919,15.158161,
-14.559371,-14.567844,-14.575977,-14.583649,-14.590760,-14.597227,-14.602981,-14.607959,-14.612108,-14.615379,-14.617728,-14.619114,-14.619501,-14.618855,-14.617147,-14.614351,-14.610449,-14.605424,-14.599271,-14.591989,-14.583588,-14.574085,-14.563508,-14.551895,-14.539295,-14.525762,-14.511361,-14.496156,-14.480213,-14.463585,-14.446308,
267.0,0.366667
267.000000,267.366667,267.733333,268.100000,268.466667,268.833333,269.200000,269.566667,269.933333,270.300000,270.666667,271.033333,271.400000,271.766667,272.133333,272.500000,272.866667,273.233333,273.600000,273.966667,274.333333,274.700000,275.066667,275.433333,275.800000,276.166667,276.533333,276.900000,277.266667,277.633333,278.000000,
8.847527,9.050215,9.253072,9.456193,9.659678,9.863627,10.068142,10.273321,10.479256,10.686033,10.893729,11.102408,11.312118,11.522888,11.734726,11.947614,12.161503,12.376313,12.591924,12.808179,13.024876,13.241771,13.458575,13.674954,13.890542,14.104941,14.317738,14.528521,14.736916,14.942610,15.145413,
-14.577832,-14.584554,-14.590947,-14.596894,-14.602299,-14.607085,-14.611186,-14.614547,-14.617124,-14.618874,-14.619765,-14.619766,-14.618852,-14.617001,-14.614195,-14.610422,-14.605674,-14.599946,-14.593242,-14.585570,-14.576945,-14.567389,-14.556930,-14.545606,-14.533459,-14.520536,-14.506889,-14.492571,-14.477630,-14.462109,-14.446033,
268.0,0.333333
268.000000,268.333333,268.666667,269.000000,269.333333,269.666667,270.000000,270.333333,270.666667,271.000000,271.333333,271.666667,272.000000,272.333333,272.666667,273.000000,273.333333,273.666667,274.000000,274.333333,274.666667,275.000000,275.333333,275.666667,276.000000,276.333333,276.666667,277.000000,277.333333,277.666667,278.000000,
9.350290,9.535348,9.720743,9.906609,10.093061,10.280202,10.468118,10.656881,10.846553,11.037180,11.228795,11.421414,11.615037,11.809647,12.005201,12.201637,12.398867,12.596774,12.795211,12.994003,13.192940,13.391782,13.590259,13.788071,13.984898,14.180403,14.374246,14.566097,14.755661,14.942696,15.127061,
-14.593474,-14.598504,-14.603222,-14.607518,-14.611303,-14.614503,-14.617060,-14.618926,-14.620062,-14.620435,-14.620021,-14.618797,-14.616749,-14.613864,-14.610134,-14.605557,-14.600131,-14.593862,-14.586760,-14.578837,-14.570113,-14.560610,-14.550359,-14.539390,-14.527741,-14.515451,-14.502562,-14.489114,-14.475145,-14.460686,-14.445755,
269.0,0.300000
269.000000,269.300000,269.600000,269.900000,270.200000,270.500000,270.800000,271.100000,271.400000,271.700000,272.000000,272.300000,272.600000,272.900000,273.200000,273.500000,273.800000,274.100000,274.400000,274.700000,275.000000,275.300000,275.600000,275.900000,276.200000,276.500000,276.800000,277.100000,277.400000,277.700000,278.000000,
10.355949,10.522791,10.689631,10.856466,11.023296,11.190117,11.356926,11.523720,11.690497,11.857252,12.023983,12.190687,12.357360,12.524000,12.690604,12.857169,13.023694,13.190176,13.356613,13.523006,13.689352,13.855652,14.021905,14.188113,14.354276,14.520395,14.686473,14.852510,15.018508,15.184470,15.350396,
-14.614999,-14.617216,-14.619127,-14.620628,-14.621640,-14.622101,-14.621969,-14.621212,-14.619809,-14.617749,-14.615026,-14.611642,-14.607602,-14.602916,-14.597597,-14.591663,-14.585130,-14.578022,-14.570362,-14.562173,-14.553484,-14.544323,-14.534717,-14.524697,-14.514291,-14.503529,-14.492438,-14.481042,-14.469362,-14.457414,-14.445208,
270.0,0.266667
270.000000,270.266667,270.533333,270.800000,271.066667,271.333333,271.600000,271.866667,272.133333,272.400000,272.666667,272.933333,273.200000,273.466667,273.733333,274.000000,274.266667,274.533333,274.800000,275.066667,275.333333,275.600000,275.866667,276.133333,276.400000,276.666667,276.933333,277.200000,277.466667,277.733333,278.000000,
10.858713,11.007281,11.155899,11.304583,11.453343,11.602186,11.751114,11.900129,12.049227,12.198403,12.347652,12.496965,12.646331,12.795739,12.945177,13.094631,13.244084,13.393520,13.542922,13.692272,13.841548,13.990732,14.139803,14.288740,14.437521,14.586127,14.734538,14.882737,15.030709,15.178442,15.325930,
-14.620226,-14.621040,-14.621602,-14.621823,-14.621635,-14.620984,-14.619833,-14.618152,-14.615923,-14.613136,-14.609785,-14.605872,-14.601402,-14.596382,-14.590827,-14.584749,-14.578166,-14.571098,-14.563563,-14.555585,-14.547185,-14.538386,-14.529213,-14.519689,-14.509837,-14.499680,-14.489238,-14.478531,-14.467573,-14.456377,-14.444950,
271.0,0.233333
271.000000,271.233333,271.466667,271.700000,271.933333,272.166667,272.400000,272.633333,272.866667,273.100000,273.333333,273.566667,273.800000,274.033333,274.266667,274.500000,274.733333,274.966667,275.200000,275.433333,275.666667,275.900000,276.133333,276.366667,276.600000,276.833333,277.066667,277.300000,277.533333,277.766667,278.000000,
11.361334,11.491474,11.621716,11.752092,11.882625,12.013329,12.144211,12.275273,12.406511,12.537916,12.669475,12.801172,12.932987,13.064900,13.196886,13.328918,13.460969,13.593008,13.725004,13.856925,13.988737,14.120408,14.251903,14.383188,14.514232,14.645003,14.775471,14.905612,15.035403,15.164829,15.293880,
-14.621327,-14.620943,-14.620359,-14.619504,-14.618319,-14.616761,-14.614795,-14.612397,-14.609549,-14.606240,-14.602466,-14.598224,-14.593519,-14.588356,-14.582745,-14.576698,-14.570228,-14.563351,-14.556081,-14.548438,-14.540438,-14.532101,-14.523445,-14.514488,-14.505248,-14.495743,-14.485988,-14.475997,-14.465781,-14.455349,-14.444706,
272.0,0.200000
272.000000,272.200000,272.400000,272.600000,272.800000,273.000000,273.200000,273.400000,273.600000,273.800000,274.000000,274.200000,274.400000,274.600000,274.800000,275.000000,275.200000,275.400000,275.600000,275.800000,276.000000,276.200000,276.400000,276.600000,276.800000,277.000000,277.200000,277.400000,277.600000,277.800000,278.000000,
11.863730,11.975346,12.087091,12.199007,12.311123,12.423459,12.536025,12.648822,12.761845,12.875084,12.988521,13.102136,13.215904,13.329796,13.443782,13.557827,13.671897,13.785954,13.899959,14.013874,14.127659,14.241275,14.354683,14.467844,14.580724,14.693287,14.805504,14.917347,15.028794,15.139830,15.250444,
-14.617979,-14.616637,-14.615144,-14.613443,-14.611488,-14.609243,-14.606680,-14.603775,-14.600514,-14.596885,-14.592882,-14.588503,-14.583747,-14.578619,-14.573124,-14.567271,-14.561068,-14.554527,-14.547659,-14.540477,-14.532995,-14.525226,-14.517185,-14.508884,-14.500336,-14.491555,-14.482552,-14.473335,-14.463915,-14.454296,-14.444482,
273.0,0.166667
273.000000,273.166667,273.333333,273.500000,273.666667,273.833333,274.000000,274.166667,274.333333,274.500000,274.666667,274.833333,275.000000,275.166667,275.333333,275.500000,275.666667,275.833333,276.000000,276.166667,276.333333,276.500000,276.666667,276.833333,277.000000,277.166667,277.333333,277.500000,277.666667,277.833333,278.000000,
12.365815,12.458843,12.551997,12.645319,12.738840,12.832579,12.926548,13.020749,13.115178,13.209824,13.304671,13.399698,13.494879,13.590187,13.685590,13.781054,13.876544,13.972021,14.067449,14.162788,14.258001,14.353047,14.447891,14.542497,14.636829,14.730858,14.824555,14.917896,15.010862,15.103437,15.195615,
-14.609861,-14.607838,-14.605705,-14.603420,-14.600948,-14.598259,-14.595330,-14.592142,-14.588682,-14.584938,-14.580903,-14.576574,-14.571948,-14.567027,-14.561812,-14.556309,-14.550522,-14.544458,-14.538125,-14.531531,-14.524686,-14.517597,-14.510275,-14.502729,-14.494968,-14.487000,-14.478832,-14.470472,-14.461924,-14.453194,-14.444282,
274.0,0.133333
274.000000,274.133333,274.266667,274.400000,274.533333,274.666667,274.800000,274.933333,275.066667,275.200000,275.333333,275.466667,275.600000,275.733333,275.866667,276.000000,276.133333,276.266667,276.400000,276.533333,276.666667,276.800000,276.933333,277.066667,277.200000,277.333333,277.466667,277.600000,277.733333,277.866667,278.000000,
12.867495,12.941891,13.016398,13.091052,13.165883,13.240908,13.316139,13.391579,13.467225,13.543069,13.619096,13.695289,13.771625,13.848078,13.924622,14.001225,14.077855,14.154478,14.231061,14.307568,14.383965,14.460217,14.536292,14.612157,14.687783,14.763143,14.838211,14.912968,14.987397,15.061485,15.135228,
-14.596657,-14.594267,-14.591800,-14.589226,-14.586519,-14.583656,-14.580618,-14.577392,-14.573963,-14.570322,-14.566463,-14.562379,-14.558068,-14.553527,-14.548757,-14.543758,-14.538534,-14.533086,-14.527419,-14.521537,-14.515446,-14.509150,-14.502655,-14.495965,-14.489088,-14.482027,-14.474787,-14.467373,-14.459787,-14.452032,-14.444109,
275.0,0.100000
275.000000,275.100000,275.200000,275.300000,275.400000,275.500000,275.600000,275.700000,275.800000,275.900000,276.000000,276.100000,276.200000,276.300000,276.400000,276.500000,276.600000,276.700000,276.800000,276.900000,277.000000,277.100000,277.200000,277.300000,277.400000,277.500000,277.600000,277.700000,277.800000,277.900000,278.000000,
13.368671,13.424424,13.480273,13.536250,13.592382,13.648685,13.705170,13.761841,13.818698,13.875732,13.932934,13.990287,14.047772,14.105368,14.163050,14.220791,14.278563,14.336336,14.394079,14.451761,14.509352,14.566821,14.624139,14.681277,14.738210,14.794913,14.851365,14.907547,14.963446,15.019052,15.074358,
-14.578056,-14.575649,-14.573190,-14.570657,-14.568031,-14.565296,-14.562437,-14.559442,-14.556300,-14.553003,-14.549544,-14.545916,-14.542116,-14.538140,-14.533986,-14.529652,-14.525140,-14.520448,-14.515578,-14.510530,-14.505308,-14.499913,-14.494348,-14.488614,-14.482715,-14.476653,-14.470431,-14.464049,-14.457511,-14.450817,-14.443968,
276.0,0.066667
276.000000,276.066667,276.133333,276.200000,276.266667,276.333333,276.400000,276.466667,276.533333,276.600000,276.666667,276.733333,276.800000,276.866667,276.933333,277.000000,277.066667,277.133333,277.200000,277.266667,277.333333,277.400000,277.466667,277.533333,277.600000,277.666667,277.733333,277.800000,277.866667,277.933333,278.000000,
13.869239,13.906363,13.943569,13.980886,14.018337,14.055937,14.093697,14.131621,14.169709,14.207956,14.246353,14.284887,14.323542,14.362300,14.401139,14.440036,14.478967,14.517905,14.556824,14.595697,14.634497,14.673197,14.711771,14.750195,14.788446,14.826502,14.864346,14.901962,14.939336,14.976461,15.013332,
-14.553757,-14.551718,-14.549643,-14.547517,-14.545324,-14.543054,-14.540693,-14.538232,-14.535663,-14.532977,-14.530168,-14.527230,-14.524157,-14.520947,-14.517595,-14.514098,-14.510455,-14.506665,-14.502725,-14.498636,-14.494397,-14.490008,-14.485470,-14.480783,-14.475948,-14.470965,-14.465835,-14.460559,-14.455137,-14.449571,-14.443859,
277.0,0.033333
277.000000,277.033333,277.066667,277.100000,277.133333,277.166667,277.200000,277.233333,277.266667,277.300000,277.333333,277.366667,277.400000,277.433333,277.466667,277.500000,277.533333,277.566667,277.600000,277.633333,277.666667,277.700000,277.733333,277.766667,277.800000,277.833333,277.866667,277.900000,277.933333,277.966667,278.000000,
14.868111,14.886591,14.905062,14.923520,14.941963,14.960388,14.978795,14.997182,15.015550,15.033898,15.052228,15.070540,15.088837,15.107120,15.125391,15.143654,15.161909,15.180161,15.198412,15.216665,15.234922,15.253188,15.271463,15.289752,15.308057,15.326380,15.344722,15.363086,15.381473,15.399884,15.418320,
-14.486888,-14.485413,-14.483938,-14.482464,-14.480992,-14.479521,-14.478053,-14.476586,-14.475122,-14.473661,-14.472202,-14.470746,-14.469294,-14.467844,-14.466398,-14.464955,-14.463516,-14.462080,-14.460648,-14.459219,-14.457794,-14.456373,-14.454956,-14.453542,-14.452133,-14.450727,-14.449324,-14.447926,-14.446531,-14.445141,-14.443754,
